Bones: 47
"ParentNode"
""
0 0.000000 0.000000 0.000000 0.000000 0.000000 0.000000
2
0.000000 0.000000 0.000000 -0.000000
59.000000 0.000000 0.000000 -0.000000
2
0.000000 0.000000 -0.000000 0.000000
59.000000 0.000000 -0.000000 0.000000
"Center"
"ParentNode"
0 0.000000 0.000000 0.000000 0.000000 0.000000 0.000000
60
0.000000 -0.343322 9.039156 -0.000014
1.000000 -0.320227 9.013159 -0.015259
2.000000 -0.292347 8.953703 -0.020423
3.000000 -0.260840 8.868420 -0.018530
4.000000 -0.226857 8.764943 -0.012605
5.000000 -0.191553 8.650904 -0.005672
6.000000 -0.156080 8.533937 -0.000756
7.000000 -0.121594 8.421675 0.000001
8.000000 -0.089248 8.321748 0.000001
9.000000 -0.060196 8.241791 0.000001
10.000000 -0.035591 8.189436 0.000001
11.000000 -0.016588 8.172313 0.000001
12.000000 -0.004340 8.198059 0.000000
13.000000 -0.000001 8.274305 0.000000
14.000000 -0.000001 8.416563 0.000000
15.000000 -0.000001 8.652841 0.000000
16.000000 -0.000001 8.929909 0.000000
17.000000 -0.000001 9.183667 0.000000
18.000000 -0.000001 9.361303 0.000000
19.000000 -0.000001 9.488776 0.000000
20.000000 -0.000001 9.570329 0.000000
21.000000 -0.000001 9.601397 0.000000
22.000000 -0.000001 9.593848 0.000000
23.000000 -0.000001 9.566466 0.000000
24.000000 -0.000001 9.525081 0.000000
25.000000 -0.000001 9.475512 0.000000
26.000000 -0.000001 9.423588 0.000000
27.000000 -0.000001 9.375135 0.000000
28.000000 -0.000001 9.335971 0.000000
29.000000 -0.000001 9.311927 0.000000
30.000000 -0.000001 9.302142 0.000000
31.000000 -0.000001 9.300563 0.000000
32.000000 -0.000001 9.305228 0.000000
33.000000 -0.000001 9.314166 0.000000
34.000000 -0.000001 9.325412 0.000000
35.000000 -0.000001 9.336999 0.000000
36.000000 -0.000001 9.346960 0.000000
37.000000 -0.000001 9.353330 0.000000
38.000000 -0.000001 9.354141 0.000000
39.000000 -0.000001 9.344737 0.000000
40.000000 -0.000001 9.321828 0.000000
41.000000 -0.000001 9.285486 0.000000
42.000000 -0.000001 9.235790 0.000000
43.000000 -0.000001 9.172815 0.000000
44.000000 -0.000001 9.087647 0.000000
45.000000 -0.000001 8.972287 0.000000
46.000000 -0.000001 8.842160 0.000000
47.000000 -0.000001 8.713151 0.000000
48.000000 -0.000001 8.601155 0.000000
49.000000 -0.000001 8.522059 0.000000
50.000000 0.000000 8.491755 -0.000000
51.000000 -0.000001 8.507179 0.000000
52.000000 0.000001 8.550008 0.000578
53.000000 0.000000 8.613242 0.004550
54.000000 -0.015907 8.689880 0.010833
55.000000 -0.068111 8.772921 0.017693
56.000000 -0.141856 8.855364 0.023397
57.000000 -0.221693 8.930210 0.026211
58.000000 -0.292182 8.990457 0.024404
59.000000 -0.337873 9.029106 0.016240
60
0.000000 3.000416 -0.079182 -2.936064
1.000000 3.010176 -0.031114 -2.940428
2.000000 3.027526 0.032828 -2.949238
3.000000 3.050781 0.107923 -2.961641
4.000000 3.078251 0.189452 -2.976784
5.000000 3.108250 0.272694 -2.993818
6.000000 3.139091 0.352929 -3.011891
7.000000 -3.117813 0.425437 -3.030149
8.000000 -3.099682 0.485910 -3.047741
9.000000 -3.088681 0.533552 -3.063817
10.000000 -3.083788 0.567801 -3.077524
11.000000 -3.083984 0.587842 -3.088010
12.000000 -3.088246 0.592862 -3.094425
13.000000 -3.095554 0.582046 -3.093153
14.000000 -3.104885 0.554580 -3.071174
15.000000 -3.115220 0.509652 -3.036125
16.000000 -3.125537 0.448042 -2.998892
17.000000 -3.135385 0.379197 -2.970364
18.000000 3.135819 0.305644 -2.958625
19.000000 3.121652 0.228388 -2.953561
20.000000 3.105793 0.148441 -2.952555
21.000000 3.088741 0.066806 -2.955331
22.000000 3.070991 -0.015508 -2.961610
23.000000 3.053038 -0.097491 -2.971117
24.000000 3.035381 -0.178139 -2.983572
25.000000 3.018513 -0.256442 -2.998700
26.000000 3.002932 -0.331394 -3.016221
27.000000 2.989131 -0.401987 -3.035859
28.000000 2.977613 -0.467213 -3.057337
29.000000 2.968869 -0.526066 -3.080376
30.000000 2.963394 -0.577537 -3.104697
31.000000 2.961687 -0.620618 -3.130028
32.000000 2.964243 -0.654303 3.127098
33.000000 2.971555 -0.677585 3.100587
34.000000 2.984126 -0.689454 3.073903
35.000000 3.002449 -0.689263 3.047321
36.000000 3.027018 -0.679173 3.021119
37.000000 3.052785 -0.661136 2.995577
38.000000 3.074436 -0.636855 2.970970
39.000000 3.092083 -0.608038 2.947576
40.000000 3.105832 -0.576387 2.925673
41.000000 3.115792 -0.543610 2.905538
42.000000 3.122069 -0.511411 2.887448
43.000000 3.124772 -0.481496 2.871682
44.000000 3.124008 -0.455546 2.858515
45.000000 3.119884 -0.432648 2.848228
46.000000 3.112510 -0.411275 2.841095
47.000000 3.101995 -0.391081 2.837397
48.000000 3.088442 -0.371723 2.840596
49.000000 3.071960 -0.352856 2.867617
50.000000 3.052660 -0.334135 2.915587
51.000000 3.033978 -0.315216 2.978167
52.000000 3.019086 -0.295755 3.049026
53.000000 3.007682 -0.275406 3.121821
54.000000 2.999470 -0.253826 -3.092967
55.000000 2.994147 -0.230669 -3.035444
56.000000 2.991415 -0.205591 -2.992836
57.000000 2.990976 -0.178248 -2.963614
58.000000 2.992528 -0.148296 -2.945757
59.000000 2.995775 -0.115389 -2.937248
"Groove"
"Center"
0 0.000000 0.000000 0.000000 0.000000 0.000000 0.000000
2
0.000000 0.000000 -0.505131 0.000000
59.000000 0.000000 -0.505131 0.000000
2
0.000000 -0.000000 0.000000 -0.000000
59.000000 0.000000 -0.000000 0.000000
"Waist"
"Groove"
0 0.000000 0.000000 0.000000 0.000000 0.000000 0.000000
2
0.000000 0.000000 0.000000 0.000000
59.000000 0.000000 0.000000 0.000000
2
0.000000 0.000000 0.000000 -0.000000
59.000000 0.000000 -0.000000 0.000000
"UpperBody"
"Waist"
0 0.000000 0.000000 0.000000 0.000000 0.000000 0.000000
2
0.000000 0.000000 0.720881 0.201796
59.000000 0.000000 0.720881 0.201796
60
0.000000 0.067470 0.098435 0.013889
1.000000 0.058763 0.059865 -0.023237
2.000000 0.040369 0.003691 -0.052616
3.000000 0.015342 -0.064015 -0.071900
4.000000 -0.013258 -0.136463 -0.079628
5.000000 -0.042650 -0.206413 -0.076041
6.000000 -0.070218 -0.266599 -0.063304
7.000000 -0.089404 -0.309944 -0.046452
8.000000 -0.095359 -0.329805 -0.031311
9.000000 -0.088602 -0.316582 -0.021690
10.000000 -0.071023 -0.268030 -0.019045
11.000000 -0.047381 -0.197390 -0.021900
12.000000 -0.021418 -0.113525 -0.028994
13.000000 0.005505 -0.025003 -0.037542
14.000000 0.037490 0.060078 -0.036798
15.000000 0.067403 0.132297 -0.033513
16.000000 0.089379 0.184143 -0.037076
17.000000 0.107135 0.217554 -0.039664
18.000000 0.120951 0.227181 -0.046454
19.000000 0.133368 0.223640 -0.048573
20.000000 0.142427 0.221250 -0.044320
21.000000 0.145324 0.218918 -0.034291
22.000000 0.135370 0.215589 -0.019345
23.000000 0.111926 0.210327 -0.000582
24.000000 0.081447 0.202352 0.020751
25.000000 0.050701 0.191076 0.043395
26.000000 0.026806 0.176048 0.066217
27.000000 0.021389 0.157987 0.079771
28.000000 0.032582 0.137225 0.078211
29.000000 0.048464 0.112798 0.065537
30.000000 0.068081 0.083742 0.045078
31.000000 0.089427 0.047698 0.019292
32.000000 0.109828 -0.012989 -0.012693
33.000000 0.126745 -0.091611 -0.047554
34.000000 0.136959 -0.173143 -0.079004
35.000000 0.136101 -0.243141 -0.099289
36.000000 0.119388 -0.289485 -0.100644
37.000000 0.095695 -0.296800 -0.089770
38.000000 0.077532 -0.272448 -0.081724
39.000000 0.065011 -0.231716 -0.079166
40.000000 0.057333 -0.179077 -0.081936
41.000000 0.052455 -0.118876 -0.089274
42.000000 0.044291 -0.055345 -0.100133
43.000000 0.034689 0.007361 -0.113376
44.000000 0.026992 0.065172 -0.127925
45.000000 0.024377 0.116615 -0.142833
46.000000 0.029914 0.160814 -0.157434
47.000000 0.046774 0.195704 -0.171359
48.000000 0.076924 0.218835 -0.181836
49.000000 0.105743 0.231103 -0.173939
50.000000 0.124218 0.238251 -0.147521
51.000000 0.132391 0.239713 -0.107565
52.000000 0.130604 0.235803 -0.060577
53.000000 0.122403 0.227603 -0.012316
54.000000 0.111071 0.216126 0.031315
55.000000 0.099566 0.202264 0.064018
56.000000 0.089742 0.186503 0.081395
57.000000 0.081760 0.168606 0.083986
58.000000 0.075528 0.148248 0.072816
59.000000 0.070854 0.125035 0.049010
"UpperBody2"
"UpperBody"
0 0.000000 0.000000 0.000000 0.000000 0.000000 0.000000
2
0.000000 0.000000 1.054526 -0.019684
59.000000 0.000000 1.054526 -0.019684
2
0.000000 0.000000 0.000000 0.000000
59.000000 -0.000000 -0.000000 -0.000000
"Neck"
"UpperBody2"
0 0.000000 0.000000 0.000000 0.000000 0.000000 0.000000
2
0.000000 0.000000 1.979121 -0.427607
59.000000 0.000000 1.979121 -0.427607
60
0.000000 0.141447 -0.364950 0.267394
1.000000 0.274507 -0.357381 0.277142
2.000000 0.448622 -0.310667 0.259192
3.000000 0.601929 -0.232029 0.225997
4.000000 0.676589 -0.130008 0.188287
5.000000 0.679184 -0.013999 0.153317
6.000000 0.653717 0.102962 0.125161
7.000000 0.606786 0.207770 0.108007
8.000000 0.546925 0.288090 0.107031
9.000000 0.472318 0.332949 0.118476
10.000000 0.376631 0.339135 0.138581
11.000000 0.255145 0.328013 0.165860
12.000000 0.103163 0.364715 0.202099
13.000000 -0.065984 0.470654 0.239780
14.000000 -0.167156 0.531634 0.258929
15.000000 -0.225271 0.488768 0.271915
16.000000 -0.273539 0.431297 0.290777
17.000000 -0.316136 0.377375 0.296646
18.000000 -0.343251 0.331615 0.289640
19.000000 -0.351443 0.287132 0.273059
20.000000 -0.339377 0.233899 0.250169
21.000000 -0.301904 0.177064 0.222971
22.000000 -0.229960 0.121579 0.193304
23.000000 -0.126065 0.074180 0.161885
24.000000 -0.003986 0.037138 0.130727
25.000000 0.121193 0.026122 0.103577
26.000000 0.233478 0.067844 0.087190
27.000000 0.315497 0.129780 0.084417
28.000000 0.366748 0.166778 0.089085
29.000000 0.397615 0.186317 0.098776
30.000000 0.417865 0.196811 0.111568
31.000000 0.432137 0.207814 0.126172
32.000000 0.446129 0.246625 0.142623
33.000000 0.462463 0.311460 0.157942
34.000000 0.480966 0.386962 0.168178
35.000000 0.499318 0.458028 0.168554
36.000000 0.510164 0.509820 0.153602
37.000000 0.490313 0.527798 0.128345
38.000000 0.448819 0.519754 0.102247
39.000000 0.403382 0.498859 0.077365
40.000000 0.369381 0.467692 0.053974
41.000000 0.364040 0.428856 0.032475
42.000000 0.399199 0.385053 0.014372
43.000000 0.450239 0.339368 -0.002907
44.000000 0.488697 0.294759 -0.021847
45.000000 0.491662 0.253993 -0.044111
46.000000 0.472434 0.219300 -0.068715
47.000000 0.426284 0.190918 -0.084772
48.000000 0.351780 0.168602 -0.091483
49.000000 0.262365 0.141258 -0.089094
50.000000 0.174827 0.104363 -0.077699
51.000000 0.093358 0.060288 -0.058887
52.000000 0.021288 0.011136 -0.033274
53.000000 -0.038003 -0.041090 -0.001704
54.000000 -0.081058 -0.094471 0.034749
55.000000 -0.104318 -0.147123 0.074780
56.000000 -0.103195 -0.197192 0.116847
57.000000 -0.072184 -0.242796 0.159184
58.000000 -0.016531 -0.281983 0.199852
59.000000 0.056966 -0.312666 0.236839
"Head"
"Neck"
0 0.000000 0.000000 0.000000 0.000000 0.000000 0.000000
2
0.000000 0.000000 0.695732 0.121964
59.000000 0.000000 0.695732 0.121964
60
0.000000 0.000857 0.338666 -0.041577
1.000000 -0.118108 0.363350 -0.083577
2.000000 -0.272885 0.359053 -0.136640
3.000000 -0.409181 0.337822 -0.176579
4.000000 -0.476796 0.318692 -0.187225
5.000000 -0.487278 0.307539 -0.177298
6.000000 -0.483778 0.303823 -0.165697
7.000000 -0.466014 0.311974 -0.157187
8.000000 -0.435689 0.318685 -0.156774
9.000000 -0.388238 0.324586 -0.159559
10.000000 -0.317640 0.332832 -0.158986
11.000000 -0.216335 0.335836 -0.145767
12.000000 -0.072313 0.274394 -0.113262
13.000000 0.092815 0.128614 -0.096621
14.000000 0.173507 0.009426 -0.101373
15.000000 0.197080 -0.019607 -0.086624
16.000000 0.213292 -0.031354 -0.063962
17.000000 0.227750 -0.032626 -0.039278
18.000000 0.240847 -0.021430 -0.019157
19.000000 0.250837 -0.001586 -0.003514
20.000000 0.254962 0.022735 0.008442
21.000000 0.249892 0.047357 0.017281
22.000000 0.230835 0.068216 0.023666
23.000000 0.197342 0.081409 0.029318
24.000000 0.154788 0.088383 0.031898
25.000000 0.110592 0.074205 0.028053
26.000000 0.071518 0.011118 0.026374
27.000000 0.041208 -0.067851 0.034877
28.000000 0.020219 -0.117244 0.046594
29.000000 0.010518 -0.145088 0.056383
30.000000 0.003898 -0.158047 0.063401
31.000000 -0.001516 -0.158661 0.066449
32.000000 -0.006455 -0.154810 0.067934
33.000000 -0.011472 -0.150880 0.069811
34.000000 -0.016828 -0.146855 0.072064
35.000000 -0.022267 -0.142750 0.074719
36.000000 -0.020969 -0.139069 0.077031
37.000000 0.005479 -0.138300 0.074911
38.000000 0.050178 -0.140826 0.067208
39.000000 0.100299 -0.145416 0.054678
40.000000 0.140018 -0.150056 0.040873
41.000000 0.152382 -0.153790 0.029988
42.000000 0.129958 -0.156624 0.025103
43.000000 0.093392 -0.158793 0.024978
44.000000 0.066185 -0.159974 0.027773
45.000000 0.066537 -0.159954 0.032543
46.000000 0.076533 -0.158837 0.042688
47.000000 0.097974 -0.160411 0.049597
48.000000 0.127339 -0.162793 0.053614
49.000000 0.162994 -0.156499 0.052362
50.000000 0.201715 -0.140379 0.047917
51.000000 0.239683 -0.115152 0.042910
52.000000 0.273122 -0.081868 0.039243
53.000000 0.298382 -0.041800 0.037838
54.000000 0.311933 0.003719 0.038507
55.000000 0.310263 0.053395 0.039917
56.000000 0.288801 0.106010 0.039530
57.000000 0.241811 0.160179 0.033441
58.000000 0.174080 0.213553 0.018848
59.000000 0.091914 0.263267 -0.005165
"Shoulder_L"
"UpperBody2"
0 0.000000 0.000000 0.000000 0.000000 0.000000 0.000000
2
0.000000 0.269160 1.667668 -0.499337
59.000000 0.269160 1.667668 -0.499337
60
0.000000 -0.285859 0.158068 -0.042160
1.000000 -0.216981 0.160135 -0.028201
2.000000 -0.068496 0.053078 0.011156
3.000000 0.095211 -0.114781 0.029590
4.000000 0.205723 -0.221895 0.014068
5.000000 0.239569 -0.224219 -0.005566
6.000000 0.231852 -0.203479 -0.009696
7.000000 0.197122 -0.189015 0.005821
8.000000 0.141161 -0.195177 0.041218
9.000000 0.063535 -0.233995 0.095965
10.000000 -0.039591 -0.305537 0.170189
11.000000 -0.166616 -0.387743 0.261027
12.000000 -0.307202 -0.498350 0.395293
13.000000 -0.458238 -0.609476 0.610870
14.000000 -0.556512 -0.636076 0.838771
15.000000 -0.590142 -0.608329 1.020436
16.000000 -0.575242 -0.584484 1.156131
17.000000 -0.535619 -0.616493 1.236528
18.000000 -0.506216 -0.705283 1.273428
19.000000 -0.499694 -0.812640 1.279023
20.000000 -0.506793 -0.929417 1.259655
21.000000 -0.499096 -1.042884 1.192181
22.000000 -0.385448 -1.037642 0.901174
23.000000 -0.337810 -0.623420 0.397914
24.000000 -0.463116 -0.093778 0.026489
25.000000 -0.265228 0.090331 -0.146772
26.000000 -0.021516 0.118671 -0.232600
27.000000 0.151164 0.114181 -0.271748
28.000000 0.208141 0.122537 -0.254585
29.000000 0.192906 0.097619 -0.211248
30.000000 0.264364 0.072495 -0.167249
31.000000 0.346498 0.018830 -0.144164
32.000000 0.438640 -0.022900 -0.134211
33.000000 0.525269 -0.026147 -0.124916
34.000000 0.647097 0.005283 -0.104814
35.000000 0.787374 0.037733 -0.077449
36.000000 0.918075 0.039030 -0.051793
37.000000 1.046587 -0.003404 -0.015504
38.000000 1.140320 -0.086448 0.056393
39.000000 1.170438 -0.204240 0.166337
40.000000 1.139984 -0.356865 0.300628
41.000000 0.972066 -0.470447 0.450660
42.000000 0.683640 -0.488298 0.569430
43.000000 0.331486 -0.329557 0.611957
44.000000 -0.005128 -0.064790 0.447126
45.000000 -0.184998 0.019837 0.194397
46.000000 -0.221045 -0.086509 0.006821
47.000000 -0.210908 -0.258362 -0.111070
48.000000 -0.213855 -0.442778 -0.136408
49.000000 -0.310341 -0.632509 0.005212
50.000000 -0.510382 -0.711018 0.248881
51.000000 -0.680599 -0.677635 0.456062
52.000000 -0.737072 -0.616702 0.586079
53.000000 -0.687471 -0.576935 0.640071
54.000000 -0.566592 -0.562613 0.636873
55.000000 -0.405081 -0.564782 0.587433
56.000000 -0.235133 -0.533686 0.465928
57.000000 -0.118377 -0.400435 0.288380
58.000000 -0.111545 -0.174170 0.123361
59.000000 -0.190954 0.048529 0.007496
"Arm_L"
"Shoulder_L"
0 0.000000 0.000000 0.000000 0.000000 0.000000 0.000000
2
0.000000 0.979707 -0.007610 -0.009213
59.000000 0.979707 -0.007610 -0.009213
2
0.000000 0.000000 -0.000000 -0.383972
59.000000 -0.000000 0.000000 -0.383972
"ArmTwist_L"
"Arm_L"
0 0.000000 0.000000 0.000000 0.000000 0.000000 0.000000
2
0.000000 0.918781 -0.447996 0.041250
59.000000 0.918781 -0.447996 0.041250
2
0.000000 -0.000000 -0.000000 0.000000
59.000000 0.000000 -0.000000 -0.000000
"Elbow_L"
"ArmTwist_L"
0 0.000000 0.000000 0.000000 0.000000 0.000000 0.000000
2
0.000000 1.035391 -0.664404 -0.113477
59.000000 1.035391 -0.664404 -0.113477
60
0.000000 -0.311180 -0.321895 0.050716
1.000000 -0.336529 -0.345268 0.059002
2.000000 -0.391577 -0.393975 0.078872
3.000000 -0.453456 -0.445232 0.104065
4.000000 -0.512060 -0.490274 0.130473
5.000000 -0.565445 -0.528321 0.156487
6.000000 -0.614700 -0.560940 0.181992
7.000000 -0.659904 -0.588820 0.206557
8.000000 -0.697906 -0.610781 0.227995
9.000000 -0.722173 -0.624112 0.242037
10.000000 -0.727039 -0.626722 0.244883
11.000000 -0.714250 -0.619816 0.237423
12.000000 -0.699172 -0.611487 0.228722
13.000000 -0.733202 -0.629997 0.248503
14.000000 -0.823580 -0.674271 0.303356
15.000000 -0.893117 -0.703780 0.347556
16.000000 -0.894898 -0.704488 0.348709
17.000000 -0.785603 -0.656511 0.279921
18.000000 -0.600289 -0.551640 0.174388
19.000000 -0.448979 -0.441651 0.102147
20.000000 -0.359698 -0.366114 0.067060
21.000000 -0.294616 -0.306316 0.045606
22.000000 -0.216653 -0.229982 0.024969
23.000000 -0.072443 -0.078664 0.002785
24.000000 0.039547 0.043028 0.000852
25.000000 -0.139592 -0.150390 0.010428
26.000000 -0.230953 -0.244331 0.028322
27.000000 -0.221584 -0.234946 0.026102
28.000000 -0.125761 -0.135764 0.008463
29.000000 0.039548 0.043028 0.000851
30.000000 0.039548 0.043026 0.000852
31.000000 0.039548 0.043028 0.000851
32.000000 0.039548 0.043028 0.000851
33.000000 0.039546 0.043028 0.000852
34.000000 -0.037323 -0.040616 0.000713
35.000000 -0.159237 -0.171006 0.013560
36.000000 -0.282704 -0.294969 0.042086
37.000000 -0.443589 -0.437313 0.099856
38.000000 -0.621351 -0.565164 0.185538
39.000000 -0.773959 -0.650823 0.272845
40.000000 -0.899392 -0.706259 0.351621
41.000000 -0.914733 -0.712192 0.361607
42.000000 -0.822597 -0.673828 0.302744
43.000000 -0.709218 -0.617060 0.234508
44.000000 -0.599136 -0.550886 0.173784
45.000000 -0.579681 -0.537992 0.163716
46.000000 -0.586917 -0.542831 0.167435
47.000000 -0.622776 -0.566062 0.186302
48.000000 -0.748396 -0.637929 0.257497
49.000000 -0.891431 -0.703110 0.346467
50.000000 -0.984455 -0.736988 0.407811
51.000000 -1.026409 -0.750262 0.436201
52.000000 -1.057177 -0.759247 0.457271
53.000000 -1.099998 -0.770730 0.486916
54.000000 -1.142611 -0.781018 0.516750
55.000000 -1.147786 -0.782192 0.520393
56.000000 -1.081226 -0.765841 0.473877
57.000000 -0.935033 -0.719774 0.374925
58.000000 -0.734902 -0.630895 0.249505
59.000000 -0.524379 -0.499304 0.136317
"HandTwist_L"
"Elbow_L"
0 0.000000 0.000000 0.000000 0.000000 0.000000 0.000000
2
0.000000 0.600688 -0.288524 0.004108
59.000000 0.600688 -0.288524 0.004108
2
0.000000 -0.000000 -0.000000 -0.000000
59.000000 -0.000000 -0.000000 0.000000
"Wrist_L"
"HandTwist_L"
0 0.000000 0.000000 0.000000 0.000000 0.000000 0.000000
2
0.000000 1.292612 -0.676161 0.034647
59.000000 1.292612 -0.676161 0.034647
60
0.000000 0.560518 -0.306208 0.824688
1.000000 0.518818 -0.320543 0.788756
2.000000 0.341778 -0.413776 0.685574
3.000000 0.066344 -0.549986 0.627860
4.000000 -0.236797 -0.710701 0.635124
5.000000 -0.414898 -0.789698 0.608606
6.000000 -0.421602 -0.725523 0.507433
7.000000 -0.387262 -0.600620 0.399439
8.000000 -0.337266 -0.433406 0.310742
9.000000 -0.286374 -0.244133 0.236848
10.000000 -0.250825 -0.057316 0.161114
11.000000 -0.243206 0.097326 0.079326
12.000000 -0.278847 0.248657 0.004414
13.000000 -0.355870 0.435049 -0.083561
14.000000 -0.480199 0.565443 -0.232159
15.000000 -0.622947 0.580979 -0.414896
16.000000 -0.723095 0.488059 -0.553597
17.000000 -0.753790 0.304444 -0.592220
18.000000 -0.749227 0.093516 -0.562216
19.000000 -0.722801 -0.053269 -0.513754
20.000000 -0.667978 -0.111601 -0.458191
21.000000 -0.606311 -0.095707 -0.390449
22.000000 -0.439870 -0.083446 -0.348065
23.000000 0.080973 -0.292664 -0.388190
24.000000 0.631077 -0.588710 -0.403380
25.000000 0.611271 -0.592588 -0.154733
26.000000 0.290786 -0.557688 0.246442
27.000000 -0.093939 -0.448031 0.578561
28.000000 -0.444209 -0.338349 0.733235
29.000000 -0.757697 -0.250256 0.770955
30.000000 -0.832060 -0.165424 0.720098
31.000000 -0.861735 -0.083219 0.636823
32.000000 -0.893275 -0.059361 0.534908
33.000000 -0.926098 -0.120735 0.431693
34.000000 -0.907709 -0.204140 0.339892
35.000000 -0.856350 -0.286692 0.241263
36.000000 -0.791767 -0.362300 0.132570
37.000000 -0.672210 -0.390478 0.010137
38.000000 -0.490104 -0.359478 -0.122808
39.000000 -0.094639 -0.478454 -0.199150
40.000000 0.279095 -0.593512 -0.245434
41.000000 0.369866 -0.552026 -0.284703
42.000000 0.412083 -0.412120 -0.294309
43.000000 0.341722 -0.203500 -0.142622
44.000000 0.200737 -0.227313 0.227979
45.000000 0.225072 -0.650970 0.481245
46.000000 0.093209 -0.986255 0.841681
47.000000 0.117896 -1.240488 1.020319
48.000000 1.113296 -1.269090 0.138150
49.000000 1.443532 -0.907866 -0.259858
50.000000 1.272385 -0.602040 -0.600576
51.000000 0.851479 -0.583291 -0.947742
52.000000 0.414413 -0.785529 -1.091715
53.000000 0.124531 -0.897280 -1.003242
54.000000 0.122587 -0.803602 -0.859766
55.000000 0.300891 -0.634709 -0.637989
56.000000 0.529513 -0.483247 -0.299041
57.000000 0.703394 -0.412262 0.086219
58.000000 0.746259 -0.390406 0.433554
59.000000 0.686623 -0.351414 0.681707
"Thumb0_L"
"Wrist_L"
0 0.000000 0.000000 0.000000 0.000000 0.000000 0.000000
2
0.000000 0.191862 -0.235766 0.286334
59.000000 0.191862 -0.235766 0.286334
2
0.000000 0.000000 -0.000000 0.000000
59.000000 0.000000 0.000000 0.000000
"Thumb1_L"
"Thumb0_L"
0 0.000000 0.000000 0.000000 0.000000 0.000000 0.000000
2
0.000000 0.291286 -0.323558 0.175892
59.000000 0.291286 -0.323558 0.175892
2
0.000000 0.000000 -0.000000 0.000000
59.000000 0.000000 -0.000000 0.000000
"IndexFinger1_L"
"Wrist_L"
0 0.000000 0.000000 0.000000 0.000000 0.000000 0.000000
2
0.000000 0.824759 -0.384591 0.234231
59.000000 0.824759 -0.384591 0.234231
2
0.000000 0.000000 -0.000000 0.000000
59.000000 0.000000 0.000000 0.000000
"IndexFinger2_L"
"IndexFinger1_L"
0 0.000000 0.000000 0.000000 0.000000 0.000000 0.000000
2
0.000000 0.332770 -0.245617 0.000000
59.000000 0.332770 -0.245617 0.000000
2
0.000000 0.000000 0.000000 0.000000
59.000000 0.000000 0.000000 0.000000
"MiddleFinger1_L"
"Wrist_L"
0 0.000000 0.000000 0.000000 0.000000 0.000000 0.000000
2
0.000000 0.843916 -0.363666 0.041333
59.000000 0.843916 -0.363666 0.041333
2
0.000000 0.000000 -0.000000 0.000000
59.000000 0.000000 -0.000000 0.000000
"MiddleFinger2_L"
"MiddleFinger1_L"
0 0.000000 0.000000 0.000000 0.000000 0.000000 0.000000
2
0.000000 0.380939 -0.268474 0.000000
59.000000 0.380939 -0.268474 0.000000
2
0.000000 0.000000 -0.000000 0.000000
59.000000 0.000000 -0.000000 0.000000
"RingFinger1_L"
"Wrist_L"
0 0.000000 0.000000 0.000000 0.000000 0.000000 0.000000
2
0.000000 0.816485 -0.356648 -0.151566
59.000000 0.816485 -0.356648 -0.151566
2
0.000000 0.000000 -0.000000 0.000000
59.000000 0.000000 0.000000 0.000000
"RingFinger2_L"
"RingFinger1_L"
0 0.000000 0.000000 0.000000 0.000000 0.000000 0.000000
2
0.000000 0.345985 -0.257942 0.000000
59.000000 0.345985 -0.257942 0.000000
2
0.000000 0.000000 -0.000000 0.000000
59.000000 0.000000 -0.000000 0.000000
"LittleFinger1_L"
"Wrist_L"
0 0.000000 0.000000 0.000000 0.000000 0.000000 0.000000
2
0.000000 0.770459 -0.355141 -0.344464
59.000000 0.770459 -0.355141 -0.344464
2
0.000000 0.000000 -0.000000 0.000000
59.000000 0.000000 0.000000 0.000000
"LittleFinger2_L"
"LittleFinger1_L"
0 0.000000 0.000000 0.000000 0.000000 0.000000 0.000000
2
0.000000 0.271777 -0.231304 0.000000
59.000000 0.271777 -0.231304 0.000000
2
0.000000 0.000000 -0.000000 0.000000
59.000000 0.000000 -0.000000 0.000000
"Shoulder_R"
"UpperBody2"
0 0.000000 0.000000 0.000000 0.000000 0.000000 0.000000
2
0.000000 -0.269159 1.667667 -0.499337
59.000000 -0.269159 1.667667 -0.499337
60
0.000000 -0.452438 -0.917647 -0.152480
1.000000 -0.560506 -0.907434 0.024637
2.000000 -0.549304 -0.833846 0.138581
3.000000 -0.435516 -0.725118 0.195749
4.000000 -0.247725 -0.597432 0.217604
5.000000 -0.007064 -0.462401 0.224556
6.000000 0.269510 -0.332909 0.231354
7.000000 0.551467 -0.220057 0.244127
8.000000 0.788765 -0.129398 0.266310
9.000000 0.944103 -0.067756 0.302249
10.000000 1.011624 -0.036843 0.352771
11.000000 1.010224 -0.020892 0.414596
12.000000 0.972414 -0.006663 0.482954
13.000000 0.944012 0.017898 0.522434
14.000000 0.968605 0.056291 0.507704
15.000000 1.053724 0.119500 0.451540
16.000000 1.165596 0.224187 0.366306
17.000000 1.275468 0.371517 0.263371
18.000000 1.347028 0.527750 0.140546
19.000000 1.359564 0.660755 0.026983
20.000000 1.326695 0.754889 -0.035348
21.000000 1.225183 0.799080 -0.069985
22.000000 0.974770 0.747882 -0.164254
23.000000 0.619374 0.487328 -0.352593
24.000000 0.270037 -0.239875 -0.490716
25.000000 -0.093098 -0.977597 -0.279059
26.000000 -0.124867 -0.895441 -0.129232
27.000000 0.029839 -0.442485 -0.118506
28.000000 0.099815 0.072288 -0.072459
29.000000 0.070226 0.421879 -0.023644
30.000000 0.013611 0.703677 -0.008121
31.000000 -0.041915 0.956051 -0.034229
32.000000 -0.146384 1.178992 -0.133088
33.000000 -0.305987 1.313719 -0.314253
34.000000 -0.510332 1.380003 -0.589550
35.000000 -0.581791 1.360534 -0.768650
36.000000 -0.500794 1.237762 -0.817844
37.000000 -0.413770 1.059885 -0.882590
38.000000 -0.318474 0.897734 -0.997089
39.000000 -0.176477 0.762802 -1.114728
40.000000 -0.013997 0.658240 -1.173034
41.000000 0.101358 0.534451 -1.156676
42.000000 0.164765 0.308787 -1.063602
43.000000 0.185548 0.050873 -0.928697
44.000000 0.046115 -0.412791 -0.699744
45.000000 -0.280761 -0.784421 -0.326947
46.000000 -0.623327 -0.874151 0.032472
47.000000 -0.668659 -0.669962 0.044800
48.000000 -0.439907 -0.153690 -0.108134
49.000000 -0.248488 0.267225 -0.189656
50.000000 -0.166923 0.524997 -0.286383
51.000000 -0.112287 0.659108 -0.396824
52.000000 -0.050225 0.674154 -0.479838
53.000000 0.029741 0.636338 -0.555678
54.000000 0.122994 0.562348 -0.631555
55.000000 0.218402 0.460480 -0.710112
56.000000 0.295215 0.327467 -0.781667
57.000000 0.311590 0.101233 -0.813327
58.000000 0.200901 -0.297612 -0.749807
59.000000 -0.118958 -0.747347 -0.483191
"Arm_R"
"Shoulder_R"
0 0.000000 0.000000 0.000000 0.000000 0.000000 0.000000
2
0.000000 -0.979708 -0.007610 -0.009212
59.000000 -0.979708 -0.007610 -0.009212
2
0.000000 -0.000000 -0.000000 0.383972
59.000000 0.000000 -0.000000 0.383972
"ArmTwist_R"
"Arm_R"
0 0.000000 0.000000 0.000000 0.000000 0.000000 0.000000
2
0.000000 -1.130300 -0.518081 0.041239
59.000000 -1.130300 -0.518081 0.041239
2
0.000000 0.000000 0.000000 0.000000
59.000000 0.000000 0.000000 0.000000
"Elbow_R"
"ArmTwist_R"
0 0.000000 0.000000 0.000000 0.000000 0.000000 0.000000
2
0.000000 -0.823870 -0.594321 -0.113464
59.000000 -0.823870 -0.594321 -0.113464
60
0.000000 -1.427879 0.719857 -0.631230
1.000000 -1.477384 0.722756 -0.663942
2.000000 -1.627636 0.724071 -0.763558
3.000000 -1.827295 0.708321 -0.894960
4.000000 -2.023499 0.672433 -1.020239
5.000000 -2.173679 0.630038 -1.111461
6.000000 -2.246457 0.604432 -1.153629
7.000000 -2.219429 0.614345 -1.138147
8.000000 -2.082895 0.657291 -1.056913
9.000000 -1.840142 0.706607 -0.903314
10.000000 -1.513146 0.724088 -0.687628
11.000000 -1.165079 0.683256 -0.460922
12.000000 -0.873158 0.596558 -0.285532
13.000000 -0.736209 0.536784 -0.211839
14.000000 -0.793574 0.563416 -0.241862
15.000000 -1.008380 0.643233 -0.364247
16.000000 -1.269159 0.702129 -0.527466
17.000000 -1.451259 0.721381 -0.646666
18.000000 -1.483199 0.723017 -0.667790
19.000000 -1.351568 0.712959 -0.581076
20.000000 -1.103763 0.669310 -0.422514
21.000000 -0.821171 0.575402 -0.256753
22.000000 -0.552208 0.435190 -0.125504
23.000000 -0.389474 0.324649 -0.064863
24.000000 -0.387184 0.322963 -0.064132
25.000000 -0.461191 0.375699 -0.089521
26.000000 -0.517396 0.413153 -0.111158
27.000000 -0.527673 0.419750 -0.115320
28.000000 -0.481443 0.389458 -0.097093
29.000000 -0.406373 0.336999 -0.070360
30.000000 -0.357070 0.300444 -0.054878
31.000000 -0.374042 0.313207 -0.060015
32.000000 -0.435302 0.357683 -0.080225
33.000000 -0.564237 0.442598 -0.130623
34.000000 -0.763479 0.549736 -0.225948
35.000000 -0.991751 0.638123 -0.354297
36.000000 -1.150170 0.680062 -0.451522
37.000000 -1.191576 0.688626 -0.477716
38.000000 -1.124385 0.674239 -0.435357
39.000000 -1.022892 0.647556 -0.372980
40.000000 -0.871686 0.595985 -0.284703
41.000000 -0.715541 0.526611 -0.201350
42.000000 -0.709909 0.523786 -0.198523
43.000000 -0.750252 0.543520 -0.219067
44.000000 -0.740269 0.538747 -0.213919
45.000000 -0.618186 0.474497 -0.154538
46.000000 -0.397016 0.330185 -0.067292
47.000000 -0.099267 0.087635 -0.004464
48.000000 -0.091997 0.081263 -0.003847
49.000000 -0.353210 0.297514 -0.053739
50.000000 -0.578978 0.451530 -0.137003
51.000000 -0.841835 0.584032 -0.268082
52.000000 -1.136346 0.676989 -0.442841
53.000000 -1.426942 0.719789 -0.630611
54.000000 -1.660641 0.722856 -0.785419
55.000000 -1.796643 0.712062 -0.874962
56.000000 -1.822195 0.708977 -0.891639
57.000000 -1.752011 0.716641 -0.845705
58.000000 -1.624802 0.724151 -0.761680
59.000000 -1.496708 0.723555 -0.676735
"HandTwist_R"
"Elbow_R"
0 0.000000 0.000000 0.000000 0.000000 0.000000 0.000000
2
0.000000 -0.600688 -0.288524 0.004108
59.000000 -0.600688 -0.288524 0.004108
2
0.000000 0.000000 0.000000 -0.000000
59.000000 -0.000000 -0.000000 0.000000
"Wrist_R"
"HandTwist_R"
0 0.000000 0.000000 0.000000 0.000000 0.000000 0.000000
2
0.000000 -1.292613 -0.676160 0.034647
59.000000 -1.292613 -0.676160 0.034647
60
0.000000 -1.300848 -0.711121 0.895448
1.000000 -1.013487 -0.426454 0.946612
2.000000 -0.421016 0.033748 1.183933
3.000000 0.352030 0.154880 1.515800
4.000000 0.783433 -0.022135 1.507887
5.000000 0.955367 -0.220143 1.255481
6.000000 1.209022 -0.245978 0.857689
7.000000 1.406660 -0.112763 0.428919
8.000000 1.327413 0.041496 -0.098566
9.000000 0.960205 -0.164805 -0.653242
10.000000 0.653114 -0.478015 -0.852112
11.000000 0.435228 -0.703971 -0.822152
12.000000 0.264929 -0.769776 -0.577946
13.000000 0.363006 -0.420457 -0.207617
14.000000 0.461209 0.159918 0.184379
15.000000 0.516825 0.399877 0.455418
16.000000 0.443045 0.523412 0.548572
17.000000 0.232119 0.616437 0.440228
18.000000 -0.058363 0.675812 0.225793
19.000000 -0.356048 0.696678 0.004521
20.000000 -0.658550 0.610609 -0.173969
21.000000 -0.919353 0.417785 -0.223016
22.000000 -1.063116 0.290048 -0.127010
23.000000 -0.973704 0.363752 0.076226
24.000000 -0.359187 0.547876 0.612787
25.000000 0.227876 0.371916 1.065516
26.000000 -0.063650 0.248538 0.786089
27.000000 -0.613231 -0.032450 0.384746
28.000000 -1.050327 -0.452280 0.271863
29.000000 -1.300863 -0.737406 0.549586
30.000000 -1.327138 -0.825692 0.350816
31.000000 -0.852874 -0.480967 -0.149154
32.000000 -0.661529 -0.217872 -0.136709
33.000000 -0.526894 -0.226718 -0.147926
34.000000 -0.445250 -0.228722 -0.161098
35.000000 -0.418679 -0.154265 -0.171531
36.000000 -0.448389 -0.022352 -0.108523
37.000000 -0.474319 0.111081 -0.019207
38.000000 -0.459821 0.246689 0.028039
39.000000 -0.325130 0.404561 0.048596
40.000000 0.010618 0.668590 0.060623
41.000000 0.317889 0.965214 0.026288
42.000000 0.512895 0.983820 -0.024441
43.000000 0.486941 0.778639 -0.114358
44.000000 -0.309120 0.261574 -0.224440
45.000000 -1.064141 -0.554821 0.234682
46.000000 -1.664014 -0.684605 0.697171
47.000000 -1.840712 -0.552339 0.770553
48.000000 -2.004881 -0.472427 1.054591
49.000000 -1.116537 -0.646042 0.127549
50.000000 -0.350105 0.168795 -0.223103
51.000000 -0.360437 0.589475 -0.154240
52.000000 -0.065461 0.377316 -0.024279
53.000000 0.073425 0.090834 -0.119903
54.000000 0.089336 -0.198919 -0.259999
55.000000 -0.057360 -0.398526 -0.292814
56.000000 -0.438789 -0.484517 -0.210497
57.000000 -0.961614 -0.545761 0.025019
58.000000 -1.348953 -0.570965 0.430768
59.000000 -1.404817 -0.640706 0.801457
"Thumb0_R"
"Wrist_R"
0 0.000000 0.000000 0.000000 0.000000 0.000000 0.000000
2
0.000000 -0.191863 -0.235766 0.286334
59.000000 -0.191863 -0.235766 0.286334
2
0.000000 0.000000 0.000000 0.000000
59.000000 0.000000 -0.000000 0.000000
"Thumb1_R"
"Thumb0_R"
0 0.000000 0.000000 0.000000 0.000000 0.000000 0.000000
2
0.000000 -0.291324 -0.323482 0.175894
59.000000 -0.291324 -0.323482 0.175894
2
0.000000 0.000000 0.000000 0.000000
59.000000 0.000000 -0.000000 0.000000
"IndexFinger1_R"
"Wrist_R"
0 0.000000 0.000000 0.000000 0.000000 0.000000 0.000000
2
0.000000 -0.824808 -0.384526 0.234230
59.000000 -0.824808 -0.384526 0.234230
2
0.000000 -0.000000 0.000000 0.000000
59.000000 0.000000 -0.000000 0.000000
"IndexFinger2_R"
"IndexFinger1_R"
0 0.000000 0.000000 0.000000 0.000000 0.000000 0.000000
2
0.000000 -0.332757 -0.245614 0.000000
59.000000 -0.332757 -0.245614 0.000000
2
0.000000 0.000000 0.000000 0.000000
59.000000 0.000000 -0.000000 0.000000
"MiddleFinger1_R"
"Wrist_R"
0 0.000000 0.000000 0.000000 0.000000 0.000000 0.000000
2
0.000000 -0.843914 -0.363664 0.041333
59.000000 -0.843914 -0.363664 0.041333
2
0.000000 0.000000 0.000000 0.000000
59.000000 0.000000 -0.000000 0.000000
"MiddleFinger2_R"
"MiddleFinger1_R"
0 0.000000 0.000000 0.000000 0.000000 0.000000 0.000000
2
0.000000 -0.380945 -0.268474 0.000000
59.000000 -0.380945 -0.268474 0.000000
2
0.000000 0.000000 0.000000 0.000000
59.000000 0.000000 -0.000000 0.000000
"RingFinger1_R"
"Wrist_R"
0 0.000000 0.000000 0.000000 0.000000 0.000000 0.000000
2
0.000000 -0.816483 -0.356646 -0.151566
59.000000 -0.816483 -0.356646 -0.151566
2
0.000000 0.000000 0.000000 0.000000
59.000000 0.000000 -0.000000 0.000000
"RingFinger2_R"
"RingFinger1_R"
0 0.000000 0.000000 0.000000 0.000000 0.000000 0.000000
2
0.000000 -0.345989 -0.257945 0.000000
59.000000 -0.345989 -0.257945 0.000000
2
0.000000 -0.000000 0.000000 0.000000
59.000000 0.000000 -0.000000 0.000000
"LittleFinger1_R"
"Wrist_R"
0 0.000000 0.000000 0.000000 0.000000 0.000000 0.000000
2
0.000000 -0.770457 -0.355141 -0.344464
59.000000 -0.770457 -0.355141 -0.344464
2
0.000000 0.000000 0.000000 0.000000
59.000000 0.000000 -0.000000 0.000000
"LittleFinger2_R"
"LittleFinger1_R"
0 0.000000 0.000000 0.000000 0.000000 0.000000 0.000000
2
0.000000 -0.271781 -0.231301 0.000000
59.000000 -0.271781 -0.231301 0.000000
2
0.000000 -0.000000 0.000000 0.000000
59.000000 0.000000 -0.000000 0.000000
"LowerBody"
"Waist"
0 0.000000 0.000000 0.000000 0.000000 0.000000 0.000000
2
0.000000 0.000000 0.000000 0.000000
59.000000 0.000000 0.000000 0.000000
2
0.000000 0.000000 0.000000 -0.000000
59.000000 0.000000 -0.000000 0.000000
"Leg_L"
"LowerBody"
0 0.000000 0.000000 0.000000 0.000000 0.000000 0.000000
2
0.000000 0.764219 -0.315622 0.182644
59.000000 0.764219 -0.315622 0.182644
60
0.000000 -0.173826 -0.252687 0.549714
1.000000 -0.151666 -0.226063 0.543985
2.000000 -0.134060 -0.202800 0.520490
3.000000 -0.122990 -0.175236 0.482145
4.000000 -0.120881 -0.136064 0.433714
5.000000 -0.129692 -0.079421 0.381481
6.000000 -0.149468 -0.001665 0.331815
7.000000 -0.173504 0.095358 0.289647
8.000000 -0.195935 0.201878 0.257788
9.000000 -0.212091 0.307819 0.236675
10.000000 -0.217941 0.402910 0.226946
11.000000 -0.210688 0.476228 0.229159
12.000000 -0.188648 0.516965 0.242901
13.000000 -0.149623 0.514519 0.269856
14.000000 -0.096127 0.448495 0.315746
15.000000 -0.034940 0.328246 0.364353
16.000000 0.023722 0.185389 0.412857
17.000000 0.064516 0.060015 0.462397
18.000000 0.071931 -0.022282 0.503866
19.000000 0.052597 -0.077982 0.529487
20.000000 0.008169 -0.131738 0.527674
21.000000 -0.046253 -0.190664 0.489325
22.000000 -0.094901 -0.234435 0.415282
23.000000 -0.132756 -0.258555 0.319682
24.000000 -0.132749 -0.262391 0.214443
25.000000 -0.117662 -0.249454 0.115173
26.000000 -0.112988 -0.218102 0.035576
27.000000 -0.116094 -0.178971 -0.011306
28.000000 -0.124352 -0.137209 -0.024972
29.000000 -0.138526 -0.092905 -0.017311
30.000000 -0.152128 -0.049100 -0.005072
31.000000 -0.176975 -0.025780 0.007763
32.000000 -0.221546 -0.036200 0.022051
33.000000 -0.244306 -0.082237 0.044075
34.000000 -0.232664 -0.149823 0.065656
35.000000 -0.195527 -0.227881 0.080641
36.000000 -0.152536 -0.307257 0.081667
37.000000 -0.103441 -0.347338 0.059340
38.000000 -0.053257 -0.334952 0.022558
39.000000 -0.009183 -0.292446 -0.010611
40.000000 0.025170 -0.230989 -0.038192
41.000000 0.048718 -0.157067 -0.065309
42.000000 0.059622 -0.080726 -0.092411
43.000000 0.059299 -0.012960 -0.119386
44.000000 0.046226 0.036181 -0.146671
45.000000 0.022891 0.063618 -0.174523
46.000000 -0.002709 0.067335 -0.203566
47.000000 -0.027123 0.067058 -0.227442
48.000000 -0.053807 0.080036 -0.236377
49.000000 -0.094341 0.121932 -0.196546
50.000000 -0.135939 0.160435 -0.122296
51.000000 -0.172364 0.128939 -0.050506
52.000000 -0.201622 0.036115 0.018076
53.000000 -0.221533 -0.074671 0.097254
54.000000 -0.231409 -0.160936 0.190065
55.000000 -0.238325 -0.214801 0.286968
56.000000 -0.239191 -0.243657 0.374993
57.000000 -0.232476 -0.254968 0.448791
58.000000 -0.218231 -0.256095 0.504577
59.000000 -0.197912 -0.253583 0.539203
"Knee_L"
"Leg_L"
0 0.000000 0.000000 0.000000 0.000000 0.000000 0.000000
2
0.000000 -0.149075 -3.632307 -0.111516
59.000000 -0.149075 -3.632307 -0.111516
60
0.000000 0.742875 0.000000 -0.000000
1.000000 0.751337 0.000000 0.000000
2.000000 0.782769 0.000000 0.000000
3.000000 0.828423 0.000000 0.000000
4.000000 0.880150 0.000000 -0.000000
5.000000 0.931503 0.000000 -0.000000
6.000000 0.977927 0.000000 0.000000
7.000000 1.016374 0.000000 -0.000000
8.000000 1.045810 0.000000 0.000000
9.000000 1.064223 0.000000 0.000000
10.000000 1.069284 0.000000 0.000000
11.000000 1.058096 0.000000 -0.000000
12.000000 1.026448 0.000000 -0.000000
13.000000 0.969811 0.000000 -0.000000
14.000000 0.891421 0.000000 -0.000000
15.000000 0.774873 0.000000 -0.000000
16.000000 0.632872 -0.000001 -0.000000
17.000000 0.496193 -0.000000 -0.000000
18.000000 0.422058 -0.000000 -0.000000
19.000000 0.436490 0.000000 -0.000000
20.000000 0.550089 0.000000 -0.000000
21.000000 0.713325 0.000000 -0.000000
22.000000 0.854662 0.000000 -0.000000
23.000000 0.922596 0.000000 0.000000
24.000000 0.904714 0.000000 -0.000000
25.000000 0.874111 0.000000 -0.000000
26.000000 0.890504 0.000000 -0.000000
27.000000 0.942820 0.000000 0.000000
28.000000 1.009948 0.000000 0.000000
29.000000 1.070660 0.000000 0.000000
30.000000 1.102418 0.000000 0.000000
31.000000 1.099732 0.000000 -0.000000
32.000000 1.063971 0.000000 0.000000
33.000000 0.976719 0.000000 0.000000
34.000000 0.845678 0.000000 0.000000
35.000000 0.696450 -0.000001 -0.000001
36.000000 0.569296 0.000000 -0.000000
37.000000 0.475281 0.000000 0.000000
38.000000 0.408898 0.000000 -0.000000
39.000000 0.349519 0.000000 -0.000000
40.000000 0.302631 0.000000 -0.000000
41.000000 0.282742 -0.000000 -0.000000
42.000000 0.293437 0.000000 -0.000000
43.000000 0.330275 -0.000001 -0.000000
44.000000 0.394712 0.000000 -0.000000
45.000000 0.479717 0.000000 -0.000000
46.000000 0.566459 0.000000 -0.000000
47.000000 0.646111 -0.000000 -0.000000
48.000000 0.717385 -0.000001 -0.000000
49.000000 0.786421 0.000000 0.000000
50.000000 0.838862 -0.000001 -0.000000
51.000000 0.869714 0.000000 -0.000000
52.000000 0.884083 0.000000 -0.000000
53.000000 0.880095 0.000000 -0.000000
54.000000 0.858504 0.000000 -0.000000
55.000000 0.837522 0.000000 -0.000000
56.000000 0.816231 0.000000 -0.000000
57.000000 0.793765 0.000000 -0.000000
58.000000 0.771684 0.000000 -0.000000
59.000000 0.753394 0.000000 -0.000000
"Ankle_L"
"Knee_L"
0 0.000000 0.000000 0.000000 0.000000 0.000000 0.000000
2
0.000000 -0.012682 -3.685132 -0.336479
59.000000 -0.012682 -3.685132 -0.336479
60
0.000000 -0.013307 -0.180872 -0.209538
1.000000 -0.032757 -0.163486 -0.186626
2.000000 -0.075135 -0.113880 -0.169072
3.000000 -0.131583 -0.040769 -0.160570
4.000000 -0.195944 0.045335 -0.163216
5.000000 -0.264874 0.133194 -0.176884
6.000000 -0.334747 0.202146 -0.190709
7.000000 -0.400203 0.235403 -0.191971
8.000000 -0.458290 0.235144 -0.181690
9.000000 -0.500455 0.210197 -0.163603
10.000000 -0.519119 0.169312 -0.143329
11.000000 -0.514496 0.121208 -0.127566
12.000000 -0.485853 0.074757 -0.123060
13.000000 -0.432370 0.018926 -0.119168
14.000000 -0.360029 -0.035327 -0.123191
15.000000 -0.259999 -0.065800 -0.144531
16.000000 -0.135317 -0.070963 -0.182501
17.000000 0.005881 -0.037516 -0.235004
18.000000 0.132795 0.062489 -0.280967
19.000000 0.210925 0.140290 -0.303025
20.000000 0.228801 0.114721 -0.300762
21.000000 0.221829 0.027983 -0.291632
22.000000 0.256208 -0.124658 -0.342392
23.000000 0.294349 -0.178724 -0.359530
24.000000 0.259198 -0.112384 -0.330843
25.000000 0.167093 -0.024437 -0.271193
26.000000 0.064729 0.025259 -0.229933
27.000000 0.029392 0.027990 -0.234598
28.000000 0.042116 0.002628 -0.258011
29.000000 0.079918 -0.036986 -0.277822
30.000000 0.111542 -0.072532 -0.277786
31.000000 0.101630 -0.089447 -0.267611
32.000000 0.077713 -0.086894 -0.255359
33.000000 0.083455 -0.087858 -0.257626
34.000000 0.100767 -0.106812 -0.261437
35.000000 0.114494 -0.137649 -0.263433
36.000000 0.103215 -0.247690 -0.239146
37.000000 0.078263 -0.315527 -0.214530
38.000000 0.052886 -0.338749 -0.206659
39.000000 0.025510 -0.343342 -0.206193
40.000000 -0.010565 -0.341874 -0.205910
41.000000 -0.035663 -0.352265 -0.193201
42.000000 -0.057783 -0.384034 -0.164864
43.000000 -0.085600 -0.416441 -0.124589
44.000000 -0.129435 -0.435802 -0.074751
45.000000 -0.192348 -0.435345 -0.021067
46.000000 -0.266765 -0.410433 0.025356
47.000000 -0.337509 -0.381935 0.063373
48.000000 -0.397473 -0.369072 0.097455
49.000000 -0.446173 -0.397956 0.127895
50.000000 -0.474049 -0.437541 0.141961
51.000000 -0.473670 -0.417427 0.115895
52.000000 -0.452839 -0.344291 0.057292
53.000000 -0.406660 -0.261562 -0.014035
54.000000 -0.341012 -0.204865 -0.078611
55.000000 -0.268824 -0.177837 -0.131237
56.000000 -0.194169 -0.169687 -0.172784
57.000000 -0.122504 -0.170879 -0.203792
58.000000 -0.061695 -0.172412 -0.224193
59.000000 -0.021080 -0.166130 -0.233268
"Leg_R"
"LowerBody"
0 0.000000 0.000000 0.000000 0.000000 0.000000 0.000000
2
0.000000 -0.764219 -0.315621 0.182644
59.000000 -0.764219 -0.315621 0.182644
60
0.000000 -0.027808 0.140983 -0.045819
1.000000 -0.000225 0.170165 -0.054919
2.000000 -0.005282 0.187147 -0.078661
3.000000 -0.045601 0.198939 -0.113779
4.000000 -0.116916 0.203751 -0.157491
5.000000 -0.209030 0.198453 -0.205759
6.000000 -0.309770 0.184011 -0.253264
7.000000 -0.406658 0.165626 -0.294703
8.000000 -0.491714 0.150903 -0.327499
9.000000 -0.562352 0.149820 -0.353215
10.000000 -0.618796 0.165286 -0.371965
11.000000 -0.651936 0.182285 -0.380952
12.000000 -0.653155 0.197956 -0.379565
13.000000 -0.613095 0.211942 -0.363382
14.000000 -0.532758 0.227274 -0.321976
15.000000 -0.417699 0.237011 -0.262149
16.000000 -0.285306 0.233659 -0.194000
17.000000 -0.164502 0.218027 -0.133215
18.000000 -0.090446 0.194688 -0.094001
19.000000 -0.031401 0.164803 -0.060841
20.000000 0.063664 0.130848 -0.033062
21.000000 0.086288 0.096615 -0.014954
22.000000 0.104062 0.064561 -0.008448
23.000000 0.121600 0.035275 -0.008733
24.000000 0.141983 0.010829 -0.014129
25.000000 0.163858 -0.008558 -0.024298
26.000000 0.187130 -0.022657 -0.038737
27.000000 0.212015 -0.031332 -0.056727
28.000000 0.238162 -0.034954 -0.077707
29.000000 0.263760 -0.033162 -0.101688
30.000000 0.289222 -0.027061 -0.128185
31.000000 0.315057 -0.018260 -0.156799
32.000000 0.340636 -0.009456 -0.186658
33.000000 0.361894 -0.005289 -0.215528
34.000000 0.380184 -0.003322 -0.249971
35.000000 0.392611 -0.004465 -0.291349
36.000000 0.396365 -0.012048 -0.340030
37.000000 0.359181 -0.020160 -0.393171
38.000000 0.271934 -0.000148 -0.439282
39.000000 0.138976 0.033159 -0.472074
40.000000 -0.044541 0.057762 -0.487504
41.000000 -0.155641 0.056762 -0.478005
42.000000 -0.233993 0.043711 -0.441597
43.000000 -0.290851 0.028428 -0.377271
44.000000 -0.329644 0.003483 -0.281108
45.000000 -0.350968 -0.041379 -0.171654
46.000000 -0.365630 -0.114153 -0.064387
47.000000 -0.376677 -0.208578 0.022101
48.000000 -0.412949 -0.296088 0.066069
49.000000 -0.473663 -0.330175 0.076468
50.000000 -0.525736 -0.339737 0.063808
51.000000 -0.553145 -0.344303 0.032065
52.000000 -0.550927 -0.331920 -0.009936
53.000000 -0.521476 -0.301615 -0.048333
54.000000 -0.473366 -0.259181 -0.067801
55.000000 -0.416348 -0.211088 -0.061028
56.000000 -0.348444 -0.146587 -0.047823
57.000000 -0.266903 -0.069795 -0.043769
58.000000 -0.178038 0.002995 -0.045099
59.000000 -0.091595 0.072800 -0.047171
"Knee_R"
"Leg_R"
0 0.000000 0.000000 0.000000 0.000000 0.000000 0.000000
2
0.000000 0.149075 -3.632310 -0.111518
59.000000 0.149075 -3.632310 -0.111518
60
0.000000 0.421005 0.000000 -0.000000
1.000000 0.348090 0.000000 0.000000
2.000000 0.312461 0.000000 -0.000000
3.000000 0.319627 0.000000 0.000000
4.000000 0.362035 0.000000 0.000001
5.000000 0.422753 0.000000 0.000000
6.000000 0.484179 0.000000 -0.000000
7.000000 0.538649 0.000000 0.000000
8.000000 0.583225 0.000000 -0.000000
9.000000 0.614703 0.000000 0.000000
10.000000 0.628724 0.000000 -0.000000
11.000000 0.621158 0.000000 -0.000000
12.000000 0.590587 -0.000000 0.000000
13.000000 0.536650 -0.000000 -0.000000
14.000000 0.482027 0.000000 -0.000000
15.000000 0.408251 0.000000 0.000000
16.000000 0.302875 0.000000 0.000000
17.000000 0.180036 -0.000000 -0.000000
18.000000 0.121337 0.000000 0.000000
19.000000 0.080319 0.000000 0.000000
20.000000 -0.047763 -0.000000 -0.000000
21.000000 -0.047763 -0.000000 0.000000
22.000000 -0.047762 -0.000000 0.000000
23.000000 -0.047763 -0.000000 0.000000
24.000000 -0.047761 -0.000000 0.000000
25.000000 -0.047762 -0.000000 -0.000000
26.000000 -0.047762 0.000000 0.000000
27.000000 -0.047763 0.000000 -0.000000
28.000000 -0.047762 0.000000 0.000000
29.000000 -0.047763 0.000000 0.000000
30.000000 -0.047762 0.000000 0.000000
31.000000 -0.047762 0.000000 0.000000
32.000000 -0.047763 -0.000000 -0.000000
33.000000 -0.047761 0.000000 -0.000000
34.000000 -0.047763 -0.000000 -0.000000
35.000000 -0.047763 0.000000 -0.000000
36.000000 -0.047762 -0.000000 -0.000000
37.000000 0.024247 0.000000 0.000000
38.000000 0.193861 0.000000 -0.000000
39.000000 0.427295 -0.000000 0.000000
40.000000 0.717841 0.000000 0.000000
41.000000 0.820999 0.000000 0.000000
42.000000 0.841702 0.000000 0.000000
43.000000 0.821881 0.000000 0.000000
44.000000 0.774897 -0.000001 -0.000000
45.000000 0.707135 0.000000 0.000000
46.000000 0.652423 -0.000000 -0.000000
47.000000 0.630253 0.000000 -0.000000
48.000000 0.701612 0.000000 0.000000
49.000000 0.847879 0.000000 0.000000
50.000000 0.999857 0.000000 0.000000
51.000000 1.121401 0.000000 0.000000
52.000000 1.194740 0.000000 0.000000
53.000000 1.210381 -0.000001 0.000000
54.000000 1.173961 0.000000 0.000000
55.000000 1.101084 0.000000 0.000000
56.000000 0.997349 0.000000 0.000000
57.000000 0.862749 0.000000 0.000000
58.000000 0.706532 0.000000 0.000000
59.000000 0.545950 0.000000 0.000000
"Ankle_R"
"Knee_R"
0 0.000000 0.000000 0.000000 0.000000 0.000000 0.000000
2
0.000000 0.012682 -3.685133 -0.336479
59.000000 0.012682 -3.685133 -0.336479
60
0.000000 -0.168116 -0.409784 0.126983
1.000000 -0.123131 -0.413907 0.088559
2.000000 -0.098580 -0.375850 0.065599
3.000000 -0.097902 -0.310991 0.064133
4.000000 -0.113075 -0.225246 0.081254
5.000000 -0.130045 -0.122402 0.112487
6.000000 -0.135232 -0.010523 0.156232
7.000000 -0.124486 0.097509 0.206723
8.000000 -0.099412 0.188195 0.261550
9.000000 -0.065361 0.248920 0.318537
10.000000 -0.024777 0.273257 0.371351
11.000000 0.017840 0.275148 0.409276
12.000000 0.053977 0.259578 0.423468
13.000000 0.081407 0.231179 0.407402
14.000000 0.088725 0.194551 0.364786
15.000000 0.092827 0.142231 0.307407
16.000000 0.114134 0.071580 0.243155
17.000000 0.157157 -0.002292 0.176325
18.000000 0.171231 -0.064186 0.115348
19.000000 0.173543 -0.118825 0.061434
20.000000 0.223808 -0.169125 0.012744
21.000000 0.213896 -0.215227 -0.004507
22.000000 0.203520 -0.261640 0.004091
23.000000 0.191006 -0.307764 0.004632
24.000000 0.176463 -0.354934 -0.004869
25.000000 0.163404 -0.402712 -0.020371
26.000000 0.152862 -0.450665 -0.037355
27.000000 0.144076 -0.498362 -0.050840
28.000000 0.135255 -0.544982 -0.055330
29.000000 0.124740 -0.590349 -0.044861
30.000000 0.113547 -0.632718 -0.025946
31.000000 0.104245 -0.669902 -0.008513
32.000000 0.089473 -0.697358 0.007839
33.000000 0.075106 -0.708304 0.018264
34.000000 0.061279 -0.701482 0.032564
35.000000 0.053583 -0.674404 0.050905
36.000000 0.058845 -0.619062 0.071485
37.000000 0.040809 -0.516227 0.113476
38.000000 0.064911 -0.428182 0.174049
39.000000 0.108980 -0.390304 0.236926
40.000000 0.013811 -0.407211 0.310416
41.000000 -0.057562 -0.394136 0.335319
42.000000 -0.128694 -0.339337 0.350483
43.000000 -0.186462 -0.278092 0.338599
44.000000 -0.204760 -0.222866 0.267554
45.000000 -0.220331 -0.112396 0.179524
46.000000 -0.257280 0.049012 0.099687
47.000000 -0.320557 0.220693 0.034834
48.000000 -0.427246 0.337089 -0.018906
49.000000 -0.548155 0.358949 -0.047735
50.000000 -0.645185 0.351749 -0.047009
51.000000 -0.705450 0.341922 -0.021601
52.000000 -0.726024 0.320904 0.027923
53.000000 -0.706293 0.280746 0.090720
54.000000 -0.656782 0.213529 0.145561
55.000000 -0.591674 0.117682 0.173363
56.000000 -0.516111 -0.001283 0.188856
57.000000 -0.429571 -0.126146 0.199012
58.000000 -0.334394 -0.239569 0.190246
59.000000 -0.239462 -0.336230 0.162779
