Bones: 27
"ParentNode"
""
16 0.000000 0.000000 0.000000 0.000000 0.000000 0.000000
2
0.0 0.000000 0.000000 -0.000000
59.0 0.000000 0.000000 -0.000000
2
0.0 3.141593 -0.000000 3.141593
59.0 3.141593 -0.000000 3.141593
"Center"
"ParentNode"
16 0.000000 0.000000 0.000000 0.000000 0.000000 0.000000
60
0.0 0.000000 3.242045 -0.000000
1.0 0.000000 3.259696 -0.000000
2.0 0.000000 3.304544 -0.000000
2.999992000000006 0.000000 3.364426 -0.000000
3.999992000000006 0.000000 3.427184 -0.000000
4.999992000000006 0.000000 3.480656 -0.000000
6.0 0.000000 3.512682 -0.000000
7.0 0.000000 3.516160 -0.000000
8.0 -0.000001 3.513865 -0.000000
9.0 0.000000 3.510416 -0.000000
10.0 0.000000 3.505882 -0.000000
11.0 0.000000 3.500331 -0.000000
12.0 0.000000 3.493833 -0.000000
13.0 0.000000 3.486457 -0.000000
14.0 0.000000 3.467757 -0.000000
15.0 0.000000 3.433799 -0.000000
16.0 0.000000 3.394426 -0.000000
17.0 0.000000 3.359478 -0.000000
18.0 0.000000 3.338798 -0.000000
19.0 0.000000 3.348660 -0.000000
20.0 0.000000 3.380337 -0.000000
21.0 0.000000 3.406175 -0.000000
22.0 0.000000 3.403750 -0.000000
23.0 0.000000 3.388108 -0.000000
24.0 0.000000 3.365715 -0.000000
25.0 0.000000 3.339063 -0.000000
26.0 0.000000 3.310642 -0.000000
27.0 0.000000 3.282943 -0.000000
28.0 0.000000 3.258459 -0.000000
29.0 0.000000 3.239680 -0.000000
30.0 0.000000 3.229097 -0.000000
31.0 0.000000 3.233294 -0.000000
32.0 0.000000 3.272407 -0.000000
33.0 0.000000 3.335345 -0.000000
34.0 0.000000 3.406157 -0.000000
35.0 0.000000 3.468891 -0.000000
36.0 0.000000 3.507595 -0.000000
37.0 0.000000 3.512330 -0.000000
38.0 0.000000 3.509390 -0.000000
39.0 0.000000 3.504610 -0.000000
40.0 0.000000 3.498496 -0.000000
41.0 0.000000 3.491555 -0.000000
42.0 0.000000 3.484294 -0.000000
43.0 0.000000 3.475601 -0.000000
44.0 0.000000 3.457595 -0.000000
45.0 0.000000 3.432559 -0.000000
46.0 0.000000 3.404541 -0.000000
47.0 0.000000 3.377588 -0.000000
48.0 0.000000 3.355750 -0.000000
49.0 0.000000 3.343076 -0.000000
50.0 0.000000 3.346851 -0.000000
51.0 0.000000 3.379190 -0.000000
52.0 0.000000 3.418327 -0.000000
53.0 0.000000 3.437994 -0.000000
54.0 0.000000 3.428002 -0.000000
55.0 0.000000 3.400345 -0.000000
56.0 0.000000 3.362021 -0.000000
57.0 0.000000 3.320030 -0.000000
58.0 0.000000 3.281371 -0.000000
59.0 0.000000 3.253043 -0.000000
60
0.0 0.000000 -0.000000 0.000000
1.0 -0.001017 0.002402 -0.001574
2.0 -0.003816 0.009043 -0.005926
2.999992000000006 -0.008021 0.019075 -0.012500
3.999992000000006 -0.013255 0.031650 -0.020741
4.999992000000006 -0.019143 0.045919 -0.030092
6.0 -0.025308 0.061035 -0.040000
7.0 -0.031373 0.076149 -0.049907
8.0 -0.036962 0.090413 -0.059260
9.0 -0.041699 0.102979 -0.067500
10.0 -0.045207 0.112998 -0.074074
11.0 -0.047109 0.119624 -0.078426
12.0 -0.047031 0.122006 -0.080000
13.0 -0.043393 0.119296 -0.079602
14.0 -0.031297 0.111869 -0.078448
15.0 -0.013383 0.100732 -0.076600
16.0 0.006708 0.086895 -0.074117
17.0 0.025337 0.071364 -0.071062
18.0 0.038866 0.055145 -0.067494
19.0 0.043578 0.039248 -0.063475
20.0 0.033246 0.024681 -0.059066
21.0 0.009969 0.012448 -0.054328
22.0 -0.020179 0.003560 -0.049320
23.0 -0.051120 -0.000977 -0.044105
24.0 -0.076779 -0.001351 -0.038744
25.0 -0.091081 -0.001351 -0.033296
26.0 -0.089229 -0.001351 -0.027825
27.0 -0.075601 -0.001351 -0.022388
28.0 -0.055333 -0.001351 -0.017048
29.0 -0.033129 -0.001351 -0.011865
30.0 -0.013689 -0.001351 -0.006902
31.0 -0.001717 -0.001364 -0.002218
32.0 -0.000427 -0.004868 0.002296
33.0 -0.003594 -0.013743 0.007531
34.0 -0.009280 -0.026778 0.013404
35.0 -0.016813 -0.042760 0.019657
36.0 -0.025514 -0.060475 0.026031
37.0 -0.034712 -0.078712 0.032264
38.0 -0.043729 -0.096259 0.038099
39.0 -0.051893 -0.111901 0.043275
40.0 -0.058527 -0.124428 0.047532
41.0 -0.062956 -0.132625 0.050612
42.0 -0.064507 -0.135290 0.052254
43.0 -0.061266 -0.132172 0.052318
44.0 -0.045123 -0.124270 0.051335
45.0 -0.019832 -0.112581 0.049504
46.0 0.008379 -0.098104 0.046945
47.0 0.033284 -0.081838 0.043772
48.0 0.048652 -0.064781 0.040105
49.0 0.048453 -0.047930 0.036058
50.0 0.032185 -0.032285 0.031750
51.0 0.005314 -0.018841 0.027296
52.0 -0.026427 -0.008598 0.022815
53.0 -0.057303 -0.002555 0.018423
54.0 -0.081580 -0.001339 0.014237
55.0 -0.093523 -0.001194 0.010374
56.0 -0.086689 -0.000933 0.006951
57.0 -0.063867 -0.000620 0.004086
58.0 -0.035099 -0.000318 0.001894
59.0 -0.010453 -0.000090 0.000493
"Groove"
"Center"
16 0.000000 0.000000 0.000000 0.000000 0.000000 0.000000
2
0.0 0.000000 -0.178594 0.000000
59.0 0.000000 -0.178594 0.000000
2
0.0 -0.000000 0.000000 0.000000
59.0 0.000000 -0.000000 -0.000000
"Waist"
"Groove"
16 0.000000 0.000000 0.000000 0.000000 0.000000 0.000000
2
0.0 0.000000 0.000000 0.000000
59.0 0.000000 0.000000 0.000000
2
0.0 0.000000 0.000000 -0.000000
59.0 0.000000 0.000000 -0.000000
"UpperBody"
"Waist"
16 0.000000 0.000000 0.000000 0.000000 0.000000 0.000000
2
0.0 0.000000 0.076680 0.000005
59.0 0.000000 0.076680 0.000005
60
0.0 0.203704 -0.000000 0.023018
1.0 0.196622 -0.004784 0.034096
2.0 0.176900 -0.017562 0.045508
2.999992000000006 0.146926 -0.035930 0.053120
3.999992000000006 0.109247 -0.057428 0.055499
4.999992000000006 0.066371 -0.079612 0.055470
6.0 0.020657 -0.100085 0.056227
7.0 -0.025730 -0.117632 0.061023
8.0 -0.070718 -0.132723 0.072189
9.0 -0.111812 -0.145110 0.087343
10.0 -0.146128 -0.154423 0.102659
11.0 -0.170537 -0.160254 0.114271
12.0 -0.181806 -0.162206 0.118288
13.0 -0.162585 -0.164255 0.115389
14.0 -0.098655 -0.169070 0.110254
15.0 -0.010699 -0.175324 0.103709
16.0 0.080645 -0.181748 0.096313
17.0 0.154849 -0.186913 0.088438
18.0 0.191541 -0.189227 0.080262
19.0 0.175576 -0.186943 0.071883
20.0 0.123274 -0.178295 0.065185
21.0 0.051824 -0.160602 0.061447
22.0 -0.025781 -0.134390 0.057137
23.0 -0.096599 -0.104208 0.047795
24.0 -0.147419 -0.073284 0.031856
25.0 -0.164794 -0.042798 0.020456
26.0 -0.137146 -0.017758 0.018803
27.0 -0.071388 -0.002233 0.019869
28.0 0.013652 0.000975 0.020263
29.0 0.098714 0.001502 0.017893
30.0 0.164546 0.001947 0.010739
31.0 0.191907 0.002106 0.000441
32.0 0.182083 0.002985 -0.010494
33.0 0.155970 -0.011575 -0.020414
34.0 0.116762 -0.039508 -0.026857
35.0 0.068820 -0.073846 -0.028058
36.0 0.016542 -0.107655 -0.025415
37.0 -0.035777 -0.133973 -0.020499
38.0 -0.084070 -0.145792 -0.014490
39.0 -0.124462 -0.137494 -0.008273
40.0 -0.153041 -0.125761 -0.003930
41.0 -0.165968 -0.118109 -0.003517
42.0 -0.151461 -0.115598 -0.007955
43.0 -0.100007 -0.118595 -0.015575
44.0 -0.033883 -0.126481 -0.024039
45.0 0.035861 -0.138575 -0.031830
46.0 0.100594 -0.153832 -0.037732
47.0 0.151576 -0.170844 -0.040892
48.0 0.179981 -0.187994 -0.040987
49.0 0.177705 -0.203715 -0.037641
50.0 0.147008 -0.217039 -0.029022
51.0 0.097229 -0.224616 -0.018046
52.0 0.037912 -0.217454 -0.007405
53.0 -0.021308 -0.196939 0.000998
54.0 -0.070460 -0.164809 0.003042
55.0 -0.099401 -0.126914 -0.005494
56.0 -0.089751 -0.088887 -0.010937
57.0 -0.018903 -0.054846 -0.004387
58.0 0.079209 -0.026732 0.005387
59.0 0.166195 -0.007309 0.015117
"UpperBody2"
"UpperBody"
16 0.000000 0.000000 0.000000 0.000000 0.000000 0.000000
2
0.0 0.000089 1.422524 -0.087936
59.0 0.000089 1.422524 -0.087936
2
0.0 -0.000000 0.000000 -0.000000
59.0 -0.000000 -0.000000 0.000000
"Neck"
"UpperBody2"
16 0.000000 0.000000 0.000000 0.000000 0.000000 0.000000
2
0.0 0.000101 1.114292 -0.196906
59.0 0.000101 1.114292 -0.196906
60
0.0 -0.139782 0.082415 -0.038010
1.0 -0.134600 0.079996 -0.054514
2.0 -0.121262 0.078353 -0.070111
2.999992000000006 -0.100437 0.076050 -0.079161
3.999992000000006 -0.072517 0.070228 -0.078947
4.999992000000006 -0.037786 0.055797 -0.071460
6.0 0.003341 0.028089 -0.060009
7.0 0.049701 -0.009104 -0.050169
8.0 0.096278 -0.048805 -0.047494
9.0 0.139346 -0.084343 -0.051235
10.0 0.175472 -0.109591 -0.057817
11.0 0.200974 -0.119542 -0.063014
12.0 0.212484 -0.121961 -0.065508
13.0 0.190383 -0.118000 -0.061706
14.0 0.114212 -0.105846 -0.051008
15.0 0.006910 -0.086266 -0.039906
16.0 -0.107793 -0.061454 -0.033807
17.0 -0.206762 -0.034797 -0.034783
18.0 -0.266609 -0.009229 -0.041027
19.0 -0.267683 0.013564 -0.047932
20.0 -0.219224 0.030662 -0.053276
21.0 -0.139335 0.037931 -0.056989
22.0 -0.045625 0.034154 -0.058691
23.0 0.044047 0.021114 -0.056261
24.0 0.110860 -0.000183 -0.049357
25.0 0.134959 -0.024768 -0.047386
26.0 0.100770 -0.047427 -0.051760
27.0 0.021431 -0.065706 -0.053367
28.0 -0.061975 -0.076096 -0.049737
29.0 -0.130864 -0.085549 -0.041246
30.0 -0.178748 -0.094254 -0.027768
31.0 -0.199042 -0.101354 -0.013766
32.0 -0.186497 -0.105922 -0.003498
33.0 -0.155883 -0.091486 -0.000041
34.0 -0.110602 -0.061208 -0.002807
35.0 -0.057204 -0.022272 -0.005237
36.0 -0.010848 0.017311 0.000515
37.0 0.031735 0.048773 0.008654
38.0 0.075289 0.064918 0.011485
39.0 0.121991 0.059636 0.010297
40.0 0.158332 0.048333 0.008693
41.0 0.178799 0.037066 0.009475
42.0 0.170698 0.025861 0.013760
43.0 0.122182 0.016015 0.020821
44.0 0.047140 0.008856 0.030855
45.0 -0.039819 0.005423 0.043010
46.0 -0.124249 0.005766 0.055111
47.0 -0.191763 0.008551 0.064895
48.0 -0.227970 0.011445 0.070531
49.0 -0.218304 0.012390 0.070043
50.0 -0.165118 0.012346 0.060682
51.0 -0.082984 0.011540 0.046383
52.0 0.013245 0.004150 0.031440
53.0 0.109082 -0.006634 0.017972
54.0 0.189590 -0.018981 0.010734
55.0 0.238697 -0.032431 0.015347
56.0 0.228799 -0.037882 0.021167
57.0 0.139638 -0.010622 0.020055
58.0 0.016509 0.032720 0.006993
59.0 -0.092676 0.069353 -0.017341
"Head"
"Neck"
16 0.000000 0.000000 0.000000 0.000000 0.000000 0.000000
2
0.0 0.000033 0.715825 0.002175
59.0 0.000033 0.715825 0.002175
60
0.0 -0.137815 -0.128038 -0.012388
1.0 -0.154986 -0.117174 -0.016166
2.0 -0.160295 -0.102220 -0.017479
2.999992000000006 -0.154392 -0.083955 -0.017292
3.999992000000006 -0.133803 -0.063135 -0.016663
4.999992000000006 -0.092809 -0.039368 -0.016843
6.0 -0.039682 -0.013154 -0.018990
7.0 0.017151 0.005798 -0.022770
8.0 0.073107 0.016604 -0.027731
9.0 0.122711 0.020263 -0.033250
10.0 0.160293 0.017772 -0.038638
11.0 0.180337 0.010705 -0.043219
12.0 0.179342 0.010775 -0.045302
13.0 0.162795 0.015585 -0.043920
14.0 0.130924 0.023153 -0.040430
15.0 0.083338 0.032244 -0.035392
16.0 0.012242 0.041605 -0.029358
17.0 -0.102984 0.049972 -0.022870
18.0 -0.209163 0.056073 -0.016530
19.0 -0.244255 0.058644 -0.011100
20.0 -0.192275 0.056491 -0.007468
21.0 -0.095178 0.048582 -0.005454
22.0 0.014433 0.037697 -0.002755
23.0 0.103663 0.025767 0.000538
24.0 0.140396 0.013442 0.004066
25.0 0.132354 0.001408 0.007552
26.0 0.100308 -0.009626 0.010781
27.0 0.053384 -0.018922 0.013594
28.0 -0.015125 -0.025664 0.016233
29.0 -0.088794 -0.030241 0.018397
30.0 -0.139399 -0.033078 0.019252
31.0 -0.148482 -0.034653 0.018359
32.0 -0.131757 -0.034931 0.016171
33.0 -0.104203 -0.033647 0.013601
34.0 -0.069981 -0.030754 0.011229
35.0 -0.030464 -0.027033 0.005299
36.0 0.022525 -0.023832 -0.007898
37.0 0.079009 -0.020809 -0.020637
38.0 0.126654 -0.018411 -0.026022
39.0 0.156313 -0.016895 -0.027934
40.0 0.175097 -0.015912 -0.028431
41.0 0.181918 -0.015344 -0.027583
42.0 0.169448 -0.015088 -0.025441
43.0 0.120841 -0.015031 -0.022053
44.0 0.046198 -0.015033 -0.018389
45.0 -0.041782 -0.014972 -0.015365
46.0 -0.130257 -0.014761 -0.013263
47.0 -0.206393 -0.014326 -0.012369
48.0 -0.257212 -0.013493 -0.012154
49.0 -0.269881 -0.009176 -0.012134
50.0 -0.232210 -0.001989 -0.012399
51.0 -0.160670 0.006669 -0.013029
52.0 -0.076503 0.015481 -0.014052
53.0 -0.000885 0.023142 -0.015216
54.0 0.045042 0.028370 -0.015876
55.0 0.044309 0.029863 -0.016140
56.0 0.018415 0.022618 -0.015951
57.0 -0.019783 -0.013806 -0.014301
58.0 -0.063298 -0.064981 -0.011996
59.0 -0.105045 -0.110018 -0.010707
"Shoulder_L"
"UpperBody2"
16 0.000000 0.000000 0.000000 0.000000 0.000000 0.000000
2
0.0 1.363532 0.640746 -0.040871
59.0 1.363532 0.640746 -0.040871
2
0.0 -0.000000 0.000000 -0.000000
59.0 -0.000000 0.000000 -0.000000
"Arm_L"
"Shoulder_L"
16 0.000000 0.000000 0.000000 0.000000 0.000000 0.000000
2
0.0 0.345122 -0.088017 -0.004649
59.0 0.345122 -0.088017 -0.004649
60
0.0 0.083908 -0.442498 -0.369356
1.0 -0.197816 -0.528819 -0.328473
2.0 -0.439158 -0.559368 -0.254274
2.999992000000006 -0.559700 -0.389987 -0.210709
3.999992000000006 -0.625021 -0.131542 -0.124174
4.999992000000006 -0.591776 0.048218 0.027644
6.0 -0.396863 0.290962 0.098025
7.0 -0.158311 0.557938 0.189610
8.0 0.070365 0.723583 0.333609
9.0 0.267942 0.804582 0.467551
10.0 0.578566 0.973397 0.671140
11.0 0.765035 1.024466 0.791812
12.0 0.635861 0.951410 0.651772
13.0 0.442085 0.843607 0.449797
14.0 0.221208 0.651320 0.240159
15.0 0.033818 0.373857 0.120298
16.0 -0.159335 0.094206 0.094669
17.0 -0.250931 0.034248 0.070371
18.0 -0.288219 0.006239 0.015957
19.0 -0.277344 -0.021086 -0.094283
20.0 -0.212782 0.007521 -0.296247
21.0 -0.103268 0.118603 -0.528355
22.0 -0.091445 0.361025 -0.734302
23.0 -0.134369 0.608159 -0.871455
24.0 -0.087449 0.713530 -0.900324
25.0 0.033405 0.696669 -0.868219
26.0 0.153090 0.607095 -0.835852
27.0 0.246305 0.449648 -0.810415
28.0 0.392280 0.145716 -0.711991
29.0 0.389132 -0.255481 -0.554768
30.0 0.122361 -0.469314 -0.360269
31.0 -0.234103 -0.458068 -0.229528
32.0 -0.517156 -0.449920 -0.118764
33.0 -0.752955 -0.449304 0.050422
34.0 -0.845492 -0.375223 0.197629
35.0 -0.661247 -0.095174 0.162466
36.0 -0.400131 0.284108 0.130746
37.0 -0.102082 0.687364 0.167580
38.0 0.243263 0.962621 0.349677
39.0 0.608812 1.083062 0.609719
40.0 0.792227 1.083074 0.737813
41.0 0.820200 1.060999 0.733896
42.0 0.671780 1.027220 0.593549
43.0 0.316686 0.913003 0.325067
44.0 -0.072652 0.688040 0.122378
45.0 -0.359489 0.307704 0.109700
46.0 -0.397364 0.091595 0.122205
47.0 -0.426073 -0.006486 0.106820
48.0 -0.401292 0.022945 0.014936
49.0 -0.348298 0.009303 -0.101267
50.0 -0.238493 0.004781 -0.265306
51.0 -0.126129 0.080685 -0.472391
52.0 -0.076188 0.279354 -0.651586
53.0 -0.078154 0.499203 -0.799079
54.0 -0.122906 0.655289 -0.914794
55.0 -0.161324 0.682428 -0.986711
56.0 -0.165887 0.641732 -1.019090
57.0 -0.191860 0.541301 -1.048831
58.0 -0.109334 0.302088 -0.964949
59.0 0.172975 -0.171962 -0.591159
"ArmTwist_L"
"Arm_L"
16 0.000000 0.000000 0.000000 0.000000 0.000000 0.000000
2
0.0 0.316499 -0.154325 0.014210
59.0 0.316499 -0.154325 0.014210
2
0.0 0.000000 -0.000000 0.000000
59.0 0.000000 0.000000 0.000000
"Elbow_L"
"ArmTwist_L"
16 0.000000 0.000000 0.000000 0.000000 0.000000 0.000000
2
0.0 0.524302 -0.299683 0.007801
59.0 0.524302 -0.299683 0.007801
60
0.0 -2.568069 -0.849286 1.984235
1.0 -2.086212 -1.068754 1.585060
2.0 -1.167638 -1.091665 0.762494
2.999992000000006 -0.804339 -0.985016 0.448248
3.999992000000006 -0.501109 -0.787872 0.211550
4.999992000000006 -0.222034 -0.431596 0.048642
6.0 -0.240455 -0.462098 0.056589
7.0 -0.314830 -0.574739 0.093462
8.0 -0.271983 -0.511909 0.071327
9.0 -0.200914 -0.395383 0.040171
10.0 -0.321469 -0.583978 0.097091
11.0 -0.372673 -0.650886 0.126725
12.0 -0.329271 -0.594666 0.101423
13.0 -0.335069 -0.602493 0.104685
14.0 -0.290044 -0.539074 0.080375
15.0 -0.178065 -0.354752 0.031816
16.0 -0.052292 -0.108863 0.002778
17.0 -0.183793 -0.365078 0.033829
18.0 -0.417772 -0.703737 0.154976
19.0 -0.792065 -0.979489 0.438044
20.0 -1.470978 -1.123126 1.034235
21.0 -2.100714 -1.065229 1.597756
22.0 -2.390486 -0.960287 1.844311
23.0 -2.539485 -0.870468 1.962585
24.0 -2.626034 -0.801630 2.026823
25.0 -2.677301 -0.753621 2.062781
26.0 -2.703889 -0.726332 2.080697
27.0 -2.718949 -0.710100 2.090599
28.0 -2.724167 -0.704342 2.093988
29.0 -2.676940 -0.753982 2.062535
30.0 -2.503800 -0.894960 1.935028
31.0 -1.952898 -1.095373 1.467331
32.0 -0.866488 -1.010655 0.500465
33.0 -0.250062 -0.477600 0.060932
34.0 0.025237 0.052708 0.000665
35.0 0.025236 0.052708 0.000666
36.0 -0.070534 -0.146316 0.005083
37.0 -0.256177 -0.487319 0.063763
38.0 -0.359033 -0.633803 0.118562
39.0 -0.375175 -0.653963 0.128241
40.0 -0.322467 -0.585353 0.097641
41.0 -0.329627 -0.595149 0.101623
42.0 -0.399036 -0.682442 0.143015
43.0 -0.381904 -0.662151 0.132354
44.0 -0.244281 -0.468305 0.058302
45.0 0.025236 0.052708 0.000665
46.0 0.025237 0.052708 0.000666
47.0 -0.086108 -0.177936 0.007582
48.0 -0.417039 -0.702917 0.154502
49.0 -0.905725 -1.024983 0.533846
50.0 -1.646431 -1.123986 1.192477
51.0 -2.169937 -1.046454 1.657995
52.0 -2.392180 -0.959431 1.845698
53.0 -2.515960 -0.886848 1.944481
54.0 -2.587611 -0.833951 1.998800
55.0 -2.639149 -0.789900 2.036187
56.0 -2.681181 -0.749744 2.065429
57.0 -2.709917 -0.719903 2.084684
58.0 -2.724806 -0.703633 2.094402
59.0 -2.695089 -0.735554 2.074827
"HandTwist_L"
"Elbow_L"
16 0.000000 0.000000 0.000000 0.000000 0.000000 0.000000
2
0.0 0.206923 -0.099390 0.001415
59.0 0.206923 -0.099390 0.001415
2
0.0 0.000000 -0.000000 0.000000
59.0 0.000000 -0.000000 -0.000000
"Thumb0_L"
"HandTwist_L"
16 0.000000 0.000000 0.000000 0.000000 0.000000 0.000000
2
0.0 0.544087 -0.387610 0.123323
59.0 0.544087 -0.387610 0.123323
2
0.0 0.000000 0.000000 -0.000000
59.0 -0.000000 -0.000000 -0.000000
"Thumb1_L"
"Thumb0_L"
16 0.000000 0.000000 0.000000 0.000000 0.000000 0.000000
2
0.0 0.089142 -0.060848 0.052517
59.0 0.089142 -0.060848 0.052517
2
0.0 0.000000 -0.000000 0.000000
59.0 0.000000 -0.000000 -0.000000
"Shoulder_R"
"UpperBody2"
16 0.000000 0.000000 0.000000 0.000000 0.000000 0.000000
2
0.0 -1.378186 0.649215 -0.041568
59.0 -1.378186 0.649215 -0.041568
2
0.0 -0.000000 -0.000000 0.000000
59.0 -0.000000 -0.000000 0.000000
"Arm_R"
"Shoulder_R"
16 0.000000 0.000000 0.000000 0.000000 0.000000 0.000000
2
0.0 -0.290504 -0.087987 -0.004808
59.0 -0.290504 -0.087987 -0.004808
60
0.0 0.242394 0.383384 0.635491
1.0 0.082307 0.502960 0.357865
2.0 -0.257942 0.508169 0.172749
2.999992000000006 -0.466643 0.459362 0.069311
3.999992000000006 -0.565657 0.264925 0.056405
4.999992000000006 -0.637429 0.010308 0.048425
6.0 -0.632802 -0.203032 -0.042148
7.0 -0.535865 -0.311540 -0.210265
8.0 -0.339033 -0.515391 -0.310406
9.0 -0.095576 -0.803461 -0.416776
10.0 0.115598 -0.951253 -0.587685
11.0 0.202863 -0.964353 -0.689649
12.0 0.163522 -0.906734 -0.668005
13.0 0.064859 -0.872992 -0.517386
14.0 -0.138569 -0.711436 -0.292971
15.0 -0.338499 -0.419731 -0.161132
16.0 -0.542018 -0.024440 -0.188053
17.0 -0.633271 0.206643 -0.205168
18.0 -0.492494 0.243302 -0.094920
19.0 -0.311372 0.341846 -0.009061
20.0 -0.096992 0.382420 0.186060
21.0 0.094417 0.268437 0.509252
22.0 0.146609 -0.057868 0.767719
23.0 0.073010 -0.434972 0.906455
24.0 0.100049 -0.657266 0.931458
25.0 0.261383 -0.684420 0.873409
26.0 0.418594 -0.604692 0.828060
27.0 0.510566 -0.423881 0.815069
28.0 0.532199 -0.109927 0.789684
29.0 0.437021 0.277574 0.677637
30.0 0.162292 0.512234 0.429698
31.0 -0.162388 0.508208 0.191249
32.0 -0.398268 0.468184 0.067637
33.0 -0.606290 0.453395 -0.008666
34.0 -0.694925 0.327845 -0.024432
35.0 -0.657115 0.096302 -0.017509
36.0 -0.538209 -0.123707 -0.074364
37.0 -0.342413 -0.313212 -0.160847
38.0 -0.089631 -0.512059 -0.251345
39.0 0.181581 -0.690780 -0.392946
40.0 0.405772 -0.777733 -0.533166
41.0 0.522146 -0.800324 -0.589436
42.0 0.504245 -0.776853 -0.531087
43.0 0.342293 -0.655052 -0.371776
44.0 0.123455 -0.414211 -0.224525
45.0 -0.103986 -0.106044 -0.165291
46.0 -0.281054 0.057871 -0.153200
47.0 -0.422287 0.190894 -0.124310
48.0 -0.466916 0.279586 -0.019011
49.0 -0.422285 0.379938 0.160870
50.0 -0.211328 0.381557 0.439963
51.0 0.043113 0.294169 0.706995
52.0 0.143872 0.025398 0.838681
53.0 0.147396 -0.304132 0.891672
54.0 0.112308 -0.589668 0.928487
55.0 0.058743 -0.733559 0.981369
56.0 0.064293 -0.647295 1.022343
57.0 0.219307 -0.357685 0.947818
58.0 0.324859 0.005867 0.827090
59.0 0.298000 0.276350 0.703442
"ArmTwist_R"
"Arm_R"
16 0.000000 0.000000 0.000000 0.000000 0.000000 0.000000
2
0.0 -0.389362 -0.178467 0.014206
59.0 -0.389362 -0.178467 0.014206
2
0.0 -0.000000 0.000000 0.000000
59.0 0.000000 0.000000 0.000000
"Elbow_R"
"ArmTwist_R"
16 0.000000 0.000000 0.000000 0.000000 0.000000 0.000000
2
0.0 -0.451560 -0.275462 0.007387
59.0 -0.451560 -0.275462 0.007387
60
0.0 -2.687001 0.744103 -2.073585
1.0 -2.527262 0.879799 -1.957208
2.0 -1.691420 1.123458 -1.236166
2.999992000000006 -0.775232 0.973478 -0.426226
3.999992000000006 -0.514679 0.802210 -0.222807
4.999992000000006 -0.363323 0.641414 -0.122276
6.0 -0.184705 0.368365 -0.034743
7.0 0.027701 -0.058160 -0.000823
8.0 0.027699 -0.058160 -0.000824
9.0 -0.136990 0.279512 -0.019491
10.0 -0.206992 0.407716 -0.043196
11.0 -0.189162 0.376350 -0.036368
12.0 -0.153398 0.310739 -0.024280
13.0 -0.252596 0.483605 -0.062912
14.0 -0.277405 0.522211 -0.074893
15.0 -0.186699 0.371942 -0.035466
16.0 0.027700 -0.058161 -0.000822
17.0 0.027700 -0.058160 -0.000824
18.0 -0.303143 0.560256 -0.088176
19.0 -0.697699 0.933102 -0.362961
20.0 -1.426560 1.122282 -0.997121
21.0 -2.118645 1.061750 -1.616958
22.0 -2.423119 0.944104 -1.874751
23.0 -2.553860 0.860647 -1.977556
24.0 -2.609011 0.816826 -2.018618
25.0 -2.635959 0.793212 -2.038059
26.0 -2.660701 0.770154 -2.055505
27.0 -2.682171 0.749010 -2.070302
28.0 -2.692095 0.738865 -2.077028
29.0 -2.649172 0.781067 -2.047426
30.0 -2.484135 0.908378 -1.923562
31.0 -1.995745 1.089008 -1.508763
32.0 -1.018568 1.060872 -0.633765
33.0 -0.416452 0.704464 -0.155448
34.0 -0.244256 0.470202 -0.059076
35.0 -0.221108 0.431880 -0.048965
36.0 -0.183040 0.365365 -0.034144
37.0 -0.167910 0.337782 -0.028919
38.0 -0.252257 0.483064 -0.062753
39.0 -0.313542 0.575051 -0.093776
40.0 -0.279239 0.524990 -0.075811
41.0 -0.256857 0.490370 -0.064911
42.0 -0.295365 0.548972 -0.084074
43.0 -0.268446 0.508491 -0.070470
44.0 -0.144173 0.293261 -0.021528
45.0 0.027700 -0.058161 -0.000823
46.0 0.027700 -0.058161 -0.000823
47.0 -0.095170 0.197143 -0.009566
48.0 -0.408092 0.695049 -0.150059
49.0 -0.882252 1.018286 -0.516123
50.0 -1.810881 1.114868 -1.343700
51.0 -2.333340 0.988096 -1.800827
52.0 -2.532920 0.875826 -1.961564
53.0 -2.637589 0.791736 -2.039221
54.0 -2.687218 0.743881 -2.073732
55.0 -2.701612 0.728912 -2.083407
56.0 -2.696554 0.734230 -2.080026
57.0 -2.682213 0.748966 -2.070331
58.0 -2.670140 0.760988 -2.062050
59.0 -2.670656 0.760485 -2.062407
"HandTwist_R"
"Elbow_R"
16 0.000000 0.000000 0.000000 0.000000 0.000000 0.000000
2
0.0 -0.206923 -0.099390 0.001415
59.0 -0.206923 -0.099390 0.001415
2
0.0 0.000000 0.000000 -0.000000
59.0 0.000000 0.000000 0.000000
"Thumb0_R"
"HandTwist_R"
16 0.000000 0.000000 0.000000 0.000000 0.000000 0.000000
2
0.0 -0.607067 -0.387059 0.093626
59.0 -0.607067 -0.387059 0.093626
2
0.0 0.000000 -0.000000 0.000000
59.0 0.000000 0.000000 0.000000
"Thumb1_R"
"Thumb0_R"
16 0.000000 0.000000 0.000000 0.000000 0.000000 0.000000
2
0.0 -0.089143 -0.060848 0.052517
59.0 -0.089143 -0.060848 0.052517
2
0.0 0.000000 -0.000000 0.000000
59.0 0.000000 0.000000 0.000000
"LowerBody"
"Waist"
16 0.000000 0.000000 0.000000 0.000000 0.000000 0.000000
2
0.0 0.000000 0.000000 0.000000
59.0 0.000000 0.000000 0.000000
2
0.0 0.000000 -0.000000 -0.000000
59.0 0.000000 -0.000000 -0.000000
"Leg_L"
"LowerBody"
16 0.000000 0.000000 0.000000 0.000000 0.000000 0.000000
2
0.0 1.050688 -0.121334 -0.016591
59.0 1.050688 -0.121334 -0.016591
60
0.0 -0.329887 -0.086235 0.000844
1.0 -0.310772 -0.079558 0.000302
2.0 -0.262322 -0.062758 -0.000102
2.999992000000006 -0.197884 -0.040734 0.001557
3.999992000000006 -0.142113 -0.018568 0.006477
4.999992000000006 -0.128253 -0.001398 0.014703
6.0 -0.114696 0.005399 0.025695
7.0 -0.077779 -0.002348 0.038679
8.0 -0.042132 -0.016471 0.053693
9.0 -0.009481 -0.029886 0.066271
10.0 0.015632 -0.040719 0.075215
11.0 0.028192 -0.048112 0.080123
12.0 0.012772 -0.051149 0.080363
13.0 -0.031621 -0.048804 0.077059
14.0 -0.100378 -0.041514 0.072629
15.0 -0.187860 -0.030580 0.066912
16.0 -0.276822 -0.017646 0.059686
17.0 -0.353169 -0.004288 0.051095
18.0 -0.396771 0.008604 0.042106
19.0 -0.376419 0.020311 0.034191
20.0 -0.290023 0.030217 0.027789
21.0 -0.172311 0.038127 0.022410
22.0 -0.068449 0.042708 0.018552
23.0 0.011549 0.042951 0.015559
24.0 0.047241 0.039040 0.012155
25.0 0.016659 0.034560 0.007603
26.0 -0.078246 0.029792 0.002029
27.0 -0.229552 0.024222 -0.004182
28.0 -0.457106 0.018104 -0.011517
29.0 -0.672339 0.009467 -0.016260
30.0 -0.830508 -0.001933 -0.013552
31.0 -0.924517 -0.011087 -0.005864
32.0 -0.936497 -0.013606 0.002564
33.0 -0.872186 -0.010138 0.008382
34.0 -0.744011 -0.003471 0.011352
35.0 -0.565445 0.004944 0.011755
36.0 -0.365496 0.013767 0.009676
37.0 -0.219880 0.022873 0.005216
38.0 -0.167539 0.032974 -0.001437
39.0 -0.132866 0.044085 -0.008583
40.0 -0.106625 0.054603 -0.015109
41.0 -0.091486 0.061882 -0.020250
42.0 -0.092249 0.063653 -0.023588
43.0 -0.121355 0.058795 -0.024145
44.0 -0.182681 0.048287 -0.022933
45.0 -0.245141 0.034770 -0.021629
46.0 -0.527649 0.019741 -0.020723
47.0 -0.773489 0.003525 -0.019789
48.0 -0.910491 -0.013536 -0.020304
49.0 -0.895593 -0.030870 -0.024127
50.0 -0.750521 -0.046129 -0.030672
51.0 -0.550611 -0.057787 -0.036958
52.0 -0.354482 -0.066914 -0.040749
53.0 -0.192196 -0.073257 -0.042178
54.0 -0.073750 -0.075989 -0.041276
55.0 -0.022143 -0.079048 -0.036849
56.0 -0.049210 -0.082219 -0.029138
57.0 -0.128330 -0.084695 -0.019341
58.0 -0.222151 -0.085995 -0.009572
59.0 -0.298505 -0.086290 -0.002112
"Knee_L"
"Leg_L"
16 0.000000 0.000000 0.000000 0.000000 0.000000 0.000000
2
0.0 -0.035256 -1.536526 0.001692
59.0 -0.035256 -1.536526 0.001692
60
0.0 0.880518 0.000000 -0.000000
1.0 0.854317 0.000000 0.000000
2.0 0.789297 -0.000000 0.000001
2.999992000000006 0.705900 0.000000 -0.000000
3.999992000000006 0.649299 0.000000 -0.000000
4.999992000000006 0.684394 0.000000 -0.000000
6.0 0.715739 0.000000 -0.000000
7.0 0.694256 0.000000 -0.000000
8.0 0.670531 0.000000 -0.000000
9.0 0.643504 0.000000 -0.000000
10.0 0.618054 0.000000 -0.000000
11.0 0.599990 -0.000001 -0.000000
12.0 0.604476 -0.000000 -0.000000
13.0 0.629197 0.000000 -0.000000
14.0 0.676420 0.000000 -0.000000
15.0 0.745790 -0.000001 -0.000000
16.0 0.812599 0.000000 -0.000000
17.0 0.859965 0.000000 0.000000
18.0 0.873108 0.000000 -0.000000
19.0 0.824757 0.000000 -0.000000
20.0 0.725363 0.000000 -0.000000
21.0 0.620566 0.000000 -0.000000
22.0 0.570271 0.000000 -0.000000
23.0 0.561546 0.000000 -0.000000
24.0 0.603684 0.000000 -0.000000
25.0 0.708513 0.000000 -0.000000
26.0 0.857443 0.000000 -0.000000
27.0 1.058625 0.000000 -0.000000
28.0 1.385336 0.000000 -0.000000
29.0 1.633018 0.000000 -0.000000
30.0 1.676688 0.000000 0.000000
31.0 1.604834 0.000000 -0.000000
32.0 1.433477 0.000000 -0.000000
33.0 1.181644 0.000000 -0.000000
34.0 0.870132 0.000000 -0.000000
35.0 0.517942 0.000000 -0.000000
36.0 0.179977 0.000000 -0.000000
37.0 -0.023899 0.000000 0.000000
38.0 -0.047762 -0.000000 -0.000000
39.0 -0.047763 -0.000000 -0.000000
40.0 -0.047762 0.000000 -0.000000
41.0 -0.047762 0.000000 -0.000000
42.0 -0.047761 -0.000000 0.000000
43.0 -0.047763 0.000000 0.000000
44.0 -0.047763 -0.000000 0.000000
45.0 -0.047762 -0.000000 0.000000
46.0 0.431153 0.000000 0.000000
47.0 0.881718 -0.000001 0.000001
48.0 1.206677 0.000000 -0.000000
49.0 1.372579 0.000000 -0.000000
50.0 1.388553 0.000000 -0.000000
51.0 1.304604 -0.000000 -0.000000
52.0 1.159970 -0.000000 0.000000
53.0 1.010472 0.000000 -0.000000
54.0 0.890518 0.000000 -0.000000
55.0 0.819132 0.000000 -0.000000
56.0 0.806176 0.000000 -0.000000
57.0 0.827130 -0.000001 -0.000000
58.0 0.854559 0.000000 -0.000000
59.0 0.873669 0.000000 -0.000000
"Leg_R"
"LowerBody"
16 0.000000 0.000000 0.000000 0.000000 0.000000 0.000000
2
0.0 -1.050690 -0.121333 -0.016589
59.0 -1.050690 -0.121333 -0.016589
60
0.0 -0.811200 0.035665 -0.075729
1.0 -0.846302 0.027616 -0.078518
2.0 -0.852680 0.020739 -0.086033
2.999992000000006 -0.811282 0.020235 -0.096072
3.999992000000006 -0.732195 0.025422 -0.106732
4.999992000000006 -0.607576 0.031566 -0.110340
6.0 -0.475673 0.032402 -0.101439
7.0 -0.375223 0.029508 -0.090301
8.0 -0.283299 0.022092 -0.079870
9.0 -0.196066 0.011613 -0.071181
10.0 -0.124841 -0.001609 -0.065207
11.0 -0.093026 -0.017522 -0.061890
12.0 -0.106372 -0.035433 -0.061021
13.0 -0.123513 -0.056438 -0.059596
14.0 -0.230108 -0.081188 -0.052342
15.0 -0.391002 -0.113385 -0.036795
16.0 -0.593809 -0.149830 -0.007500
17.0 -0.742790 -0.175626 0.029776
18.0 -0.803933 -0.179745 0.065190
19.0 -0.749199 -0.164680 0.087618
20.0 -0.596954 -0.132567 0.088880
21.0 -0.420362 -0.078007 0.082078
22.0 -0.232834 -0.008466 0.080646
23.0 -0.042793 0.020745 0.079186
24.0 0.090748 0.012861 0.070175
25.0 0.113945 -0.016123 0.052726
26.0 0.058758 -0.056368 0.031987
27.0 -0.037942 -0.099554 0.015069
28.0 -0.146214 -0.135238 0.006373
29.0 -0.244550 -0.161038 0.003819
30.0 -0.314823 -0.183696 0.001746
31.0 -0.338697 -0.201722 -0.004130
32.0 -0.304684 -0.212065 -0.014720
33.0 -0.230297 -0.212917 -0.029036
34.0 -0.137627 -0.205401 -0.045738
35.0 -0.043025 -0.190782 -0.063536
36.0 0.018313 -0.170864 -0.080242
37.0 -0.010292 -0.150071 -0.091198
38.0 -0.044924 -0.127144 -0.099315
39.0 -0.043713 -0.100223 -0.107740
40.0 -0.029725 -0.074542 -0.113116
41.0 -0.016194 -0.054152 -0.114718
42.0 -0.016253 -0.042083 -0.112746
43.0 -0.051799 -0.041627 -0.106251
44.0 -0.128379 -0.052914 -0.096617
45.0 -0.222986 -0.074585 -0.084422
46.0 -0.313302 -0.107366 -0.070081
47.0 -0.384013 -0.149480 -0.053956
48.0 -0.421609 -0.194664 -0.038909
49.0 -0.411181 -0.236166 -0.031407
50.0 -0.340496 -0.268105 -0.036670
51.0 -0.206652 -0.288125 -0.051642
52.0 -0.036944 -0.294907 -0.069893
53.0 0.121505 -0.287504 -0.084188
54.0 0.187900 -0.264119 -0.087307
55.0 0.118354 -0.224777 -0.073704
56.0 -0.041081 -0.173666 -0.050238
57.0 -0.237087 -0.112916 -0.030965
58.0 -0.451181 -0.050056 -0.026500
59.0 -0.676893 0.003947 -0.042682
"Knee_R"
"Leg_R"
16 0.000000 0.000000 0.000000 0.000000 0.000000 0.000000
2
0.0 -0.017986 -1.536526 0.001672
59.0 -0.017986 -1.536526 0.001672
60
0.0 1.804636 0.000000 0.000000
1.0 1.675026 0.000000 0.000000
2.0 1.459340 0.000000 0.000000
2.999992000000006 1.194976 0.000000 0.000000
3.999992000000006 0.934308 0.000000 -0.000000
4.999992000000006 0.691360 0.000000 0.000000
6.0 0.522782 0.000000 0.000000
7.0 0.408977 0.000000 -0.000000
8.0 0.300793 0.000000 0.000000
9.0 0.187041 0.000000 -0.000000
10.0 0.086282 -0.000000 -0.000000
11.0 0.041490 -0.000000 -0.000000
12.0 0.048480 -0.000000 0.000000
13.0 0.016731 -0.000000 -0.000000
14.0 0.163375 -0.000000 0.000000
15.0 0.448197 0.000000 -0.000000
16.0 0.840691 0.000000 -0.000000
17.0 1.169867 0.000000 0.000000
18.0 1.392670 -0.000001 -0.000001
19.0 1.456716 0.000000 0.000000
20.0 1.351950 0.000000 0.000000
21.0 1.152389 0.000000 0.000000
22.0 0.916168 0.000000 -0.000000
23.0 0.662379 0.000000 -0.000000
24.0 0.487811 0.000000 -0.000000
25.0 0.473437 0.000000 -0.000000
26.0 0.540462 0.000000 -0.000000
27.0 0.638634 0.000000 0.000000
28.0 0.732878 0.000000 -0.000000
29.0 0.807582 -0.000000 0.000001
30.0 0.857600 0.000000 0.000000
31.0 0.873663 0.000000 -0.000000
32.0 0.822079 0.000000 -0.000000
33.0 0.713943 0.000000 0.000000
34.0 0.585329 0.000000 -0.000000
35.0 0.464109 0.000000 -0.000000
36.0 0.408014 0.000000 -0.000000
37.0 0.491217 0.000000 0.000000
38.0 0.577152 -0.000000 -0.000000
39.0 0.619199 0.000000 -0.000000
40.0 0.631977 -0.000000 0.000000
41.0 0.629439 0.000000 -0.000000
42.0 0.629447 -0.000000 0.000000
43.0 0.650279 -0.000000 -0.000000
44.0 0.695911 -0.000000 -0.000000
45.0 0.744101 -0.000000 0.000000
46.0 0.780106 0.000000 0.000000
47.0 0.799782 -0.000001 -0.000000
48.0 0.803161 0.000000 -0.000000
49.0 0.789424 0.000000 -0.000000
50.0 0.743074 0.000000 -0.000000
51.0 0.623739 -0.000000 -0.000000
52.0 0.448962 0.000000 -0.000000
53.0 0.280990 0.000000 0.000000
54.0 0.252273 0.000000 0.000000
55.0 0.422112 0.000000 -0.000000
56.0 0.683172 -0.000000 -0.000000
57.0 0.953108 0.000000 0.000000
58.0 1.239080 -0.000001 -0.000000
59.0 1.577214 0.000000 0.000000
