Bones: 27
"ParentNode"
""
16 0.000000 0.000000 0.000000 0.000000 0.000000 0.000000
2
0.0 0.000000 0.000000 -0.000000
59.0 0.000000 0.000000 -0.000000
2
0.0 3.141593 -0.000000 3.141593
59.0 3.141593 -0.000000 3.141593
"Center"
"ParentNode"
16 0.000000 0.000000 0.000000 0.000000 0.000000 0.000000
60
0.0 0.000006 3.388237 -0.000020
1.0 -0.074914 3.406131 0.030778
2.0 -0.150976 3.450884 0.061213
3.0 -0.225295 3.509096 0.088778
4.0 -0.294988 3.567370 0.110962
5.0 -0.357171 3.612309 0.125257
6.0 -0.408959 3.630516 0.129153
7.0 -0.447470 3.621196 0.112329
8.0 -0.469818 3.595783 0.071487
9.0 -0.473121 3.559214 0.014656
10.0 -0.443253 3.516429 -0.050139
11.0 -0.372374 3.472364 -0.114870
12.0 -0.267033 3.431960 -0.171509
13.0 -0.133775 3.400154 -0.221811
14.0 0.020851 3.381885 -0.270617
15.0 0.184633 3.381599 -0.314528
16.0 0.320661 3.397897 -0.350143
17.0 0.426033 3.426562 -0.374063
18.0 0.503918 3.463492 -0.382888
19.0 0.557486 3.504588 -0.374751
20.0 0.589906 3.545747 -0.357166
21.0 0.604346 3.582869 -0.332676
22.0 0.603977 3.611851 -0.302484
23.0 0.580909 3.628593 -0.267793
24.0 0.529570 3.627247 -0.229805
25.0 0.456606 3.598770 -0.189724
26.0 0.368662 3.551493 -0.148752
27.0 0.272385 3.496108 -0.108093
28.0 0.174420 3.443308 -0.068950
29.0 0.081411 3.403787 -0.032524
30.0 0.000006 3.388237 -0.000020
31.0 -0.074914 3.406131 0.030778
32.0 -0.150976 3.450884 0.061213
33.0 -0.225295 3.509096 0.088778
34.0 -0.294988 3.567370 0.110962
35.0 -0.357171 3.612309 0.125257
36.0 -0.408959 3.630516 0.129153
37.0 -0.447470 3.621196 0.112329
38.0 -0.469818 3.595783 0.071487
39.0 -0.473121 3.559214 0.014655
40.0 -0.443253 3.516429 -0.050139
41.0 -0.372375 3.472364 -0.114870
42.0 -0.267033 3.431960 -0.171509
43.0 -0.133775 3.400154 -0.221811
44.0 0.020852 3.381885 -0.270617
45.0 0.184633 3.381599 -0.314528
46.0 0.320661 3.397897 -0.350143
47.0 0.426033 3.426562 -0.374063
48.0 0.503918 3.463492 -0.382888
49.0 0.557486 3.504588 -0.374751
50.0 0.589906 3.545747 -0.357166
51.0 0.604346 3.582869 -0.332676
52.0 0.603977 3.611851 -0.302484
53.0 0.580909 3.628593 -0.267793
54.0 0.529570 3.627247 -0.229805
55.0 0.456606 3.598770 -0.189724
56.0 0.368662 3.551493 -0.148752
57.0 0.272385 3.496108 -0.108093
58.0 0.174419 3.443308 -0.068950
59.0 0.081411 3.403787 -0.032524
60
0.0 -0.153698 0.191272 0.025362
1.0 -0.157219 0.217518 0.002023
2.0 -0.159994 0.226456 -0.023860
3.0 -0.159653 0.222812 -0.051404
4.0 -0.153830 0.211313 -0.079726
5.0 -0.140157 0.164399 -0.107943
6.0 -0.116278 0.068725 -0.135173
7.0 -0.083938 -0.049650 -0.160533
8.0 -0.046919 -0.164671 -0.183141
9.0 -0.009004 -0.255837 -0.202112
10.0 0.026026 -0.338910 -0.216567
11.0 0.054388 -0.415095 -0.225620
12.0 0.072303 -0.480984 -0.228391
13.0 0.074819 -0.533169 -0.204600
14.0 0.055764 -0.568243 -0.146216
15.0 0.021989 -0.582797 -0.070729
16.0 -0.017969 -0.568711 0.004372
17.0 -0.055579 -0.526089 0.064350
18.0 -0.082307 -0.463858 0.114279
19.0 -0.092724 -0.390949 0.154878
20.0 -0.100112 -0.316288 0.184786
21.0 -0.107197 -0.247763 0.202643
22.0 -0.113958 -0.184578 0.207089
23.0 -0.120373 -0.125751 0.199639
24.0 -0.126419 -0.070959 0.184002
25.0 -0.132074 -0.019875 0.162104
26.0 -0.137315 0.027825 0.135873
27.0 -0.142121 0.072464 0.107234
28.0 -0.146468 0.114369 0.078117
29.0 -0.150335 0.153863 0.050447
30.0 -0.153698 0.191272 0.026151
31.0 -0.157219 0.217518 0.002895
32.0 -0.159994 0.226456 -0.022961
33.0 -0.159653 0.222812 -0.050532
34.0 -0.153830 0.211313 -0.078923
35.0 -0.140157 0.164398 -0.107241
36.0 -0.116272 0.068725 -0.134593
37.0 -0.083920 -0.049650 -0.160085
38.0 -0.046886 -0.164671 -0.182825
39.0 -0.008958 -0.255837 -0.201920
40.0 0.026077 -0.338911 -0.216473
41.0 0.054433 -0.415095 -0.225596
42.0 0.072324 -0.480984 -0.228391
43.0 0.074799 -0.533169 -0.204600
44.0 0.055725 -0.568243 -0.146216
45.0 0.021950 -0.582797 -0.070729
46.0 -0.017997 -0.568711 0.004372
47.0 -0.055592 -0.526088 0.064350
48.0 -0.082310 -0.463858 0.114279
49.0 -0.092788 -0.390949 0.154876
50.0 -0.100640 -0.316288 0.184786
51.0 -0.108518 -0.246855 0.202643
52.0 -0.116259 -0.177304 0.207089
53.0 -0.123701 -0.108070 0.197203
54.0 -0.130680 -0.041254 0.175641
55.0 -0.137034 0.021045 0.146410
56.0 -0.142598 0.076726 0.113512
57.0 -0.147210 0.123690 0.080954
58.0 -0.150706 0.159836 0.052739
59.0 -0.152923 0.183064 0.032874
"Groove"
"Center"
16 0.000000 0.000000 0.000000 0.000000 0.000000 0.000000
2
0.0 0.000000 -0.178594 0.000000
59.0 0.000000 -0.178594 0.000000
2
0.0 -0.000000 0.000000 0.000000
59.0 -0.000000 0.000000 -0.000000
"Waist"
"Groove"
16 0.000000 0.000000 0.000000 0.000000 0.000000 0.000000
2
0.0 0.000000 0.000000 0.000000
59.0 0.000000 0.000000 0.000000
2
0.0 0.000000 0.000000 0.000000
59.0 0.000000 0.000000 -0.000000
"UpperBody"
"Waist"
16 0.000000 0.000000 0.000000 0.000000 0.000000 0.000000
2
0.0 0.000000 0.076680 0.000005
59.0 0.000000 0.076680 0.000005
60
0.0 0.069530 -0.228351 -0.094029
1.0 0.091787 -0.139008 -0.100147
2.0 0.111520 -0.029339 -0.096879
3.0 0.126278 0.065256 -0.091004
4.0 0.131761 0.109547 -0.090205
5.0 0.121231 0.127188 -0.091725
6.0 0.091240 0.153679 -0.090012
7.0 0.047103 0.172009 -0.086115
8.0 -0.003070 0.165510 -0.078422
9.0 -0.052276 0.123090 -0.063424
10.0 -0.097494 0.069630 -0.038771
11.0 -0.133091 0.015098 -0.001651
12.0 -0.173184 -0.035624 0.063554
13.0 -0.234694 -0.071696 0.125020
14.0 -0.298427 -0.092314 0.165428
15.0 -0.346146 -0.108921 0.192186
16.0 -0.360491 -0.136235 0.210395
17.0 -0.330119 -0.180118 0.219825
18.0 -0.300243 -0.231922 0.204910
19.0 -0.279441 -0.283193 0.173672
20.0 -0.248584 -0.331415 0.140338
21.0 -0.209506 -0.369094 0.106791
22.0 -0.169291 -0.396592 0.075745
23.0 -0.136066 -0.414156 0.047717
24.0 -0.107475 -0.421206 0.021284
25.0 -0.076536 -0.417448 -0.003377
26.0 -0.044652 -0.402621 -0.026086
27.0 -0.013087 -0.376494 -0.046682
28.0 0.017068 -0.338851 -0.065056
29.0 0.044895 -0.289490 -0.081127
30.0 0.069672 -0.228219 -0.094826
31.0 0.091963 -0.138857 -0.101012
32.0 0.111708 -0.029180 -0.097749
33.0 0.126458 0.065408 -0.091832
34.0 0.131919 0.109682 -0.090963
35.0 0.121292 0.125065 -0.092757
36.0 0.091123 0.146060 -0.091555
37.0 0.046867 0.157559 -0.087740
38.0 -0.003264 0.144865 -0.079441
39.0 -0.052352 0.098871 -0.063440
40.0 -0.097525 0.046395 -0.037960
41.0 -0.133139 -0.000700 -0.000807
42.0 -0.173205 -0.035623 0.063553
43.0 -0.234675 -0.058132 0.125011
44.0 -0.298459 -0.076443 0.166279
45.0 -0.346242 -0.097548 0.193476
46.0 -0.360567 -0.131636 0.211165
47.0 -0.330106 -0.180122 0.219823
48.0 -0.300151 -0.233697 0.204522
49.0 -0.279206 -0.286199 0.173056
50.0 -0.247808 -0.335215 0.139477
51.0 -0.207948 -0.374162 0.105529
52.0 -0.167127 -0.407955 0.073505
53.0 -0.132778 -0.435814 0.046115
54.0 -0.102790 -0.454975 0.023346
55.0 -0.070903 -0.462596 0.003951
56.0 -0.038885 -0.455859 -0.013439
57.0 -0.008000 -0.431935 -0.030341
58.0 0.020872 -0.387962 -0.048353
59.0 0.047004 -0.321060 -0.069069
"UpperBody2"
"UpperBody"
16 0.000000 0.000000 0.000000 0.000000 0.000000 0.000000
2
0.0 0.000089 1.422524 -0.087936
59.0 0.000089 1.422524 -0.087936
2
0.0 -0.000000 0.000000 -0.000000
59.0 -0.000000 -0.000000 0.000000
"Neck"
"UpperBody2"
16 0.000000 0.000000 0.000000 0.000000 0.000000 0.000000
2
0.0 0.000101 1.114292 -0.196906
59.0 0.000101 1.114292 -0.196906
60
0.0 0.248722 0.125186 0.069327
1.0 0.212825 0.014090 0.149087
2.0 0.149063 -0.085606 0.219809
3.0 0.072390 -0.151720 0.282608
4.0 0.004229 -0.165011 0.334519
5.0 -0.041882 -0.134027 0.372907
6.0 -0.067128 -0.090501 0.398727
7.0 -0.071990 -0.050594 0.412873
8.0 -0.059322 0.003556 0.414806
9.0 -0.033399 0.093240 0.408591
10.0 0.002335 0.208469 0.400018
11.0 0.043849 0.340213 0.386028
12.0 0.105747 0.475726 0.351598
13.0 0.192159 0.595302 0.316033
14.0 0.278872 0.697707 0.279238
15.0 0.347173 0.790553 0.232834
16.0 0.366831 0.874395 0.155815
17.0 0.305286 0.938564 0.023923
18.0 0.223185 0.964569 -0.106476
19.0 0.148261 0.953464 -0.214052
20.0 0.084994 0.920242 -0.302694
21.0 0.047379 0.871523 -0.358640
22.0 0.040981 0.813519 -0.376870
23.0 0.066470 0.751110 -0.358275
24.0 0.109197 0.683224 -0.316731
25.0 0.152665 0.607040 -0.265322
26.0 0.192776 0.523070 -0.207703
27.0 0.226275 0.432094 -0.146598
28.0 0.250631 0.335142 -0.083985
29.0 0.263944 0.233419 -0.021377
30.0 0.264886 0.128164 0.039910
31.0 0.249902 0.017753 0.100116
32.0 0.216639 -0.083729 0.161457
33.0 0.172518 -0.152613 0.222993
34.0 0.127171 -0.167697 0.280031
35.0 0.083925 -0.134608 0.327368
36.0 0.048707 -0.084955 0.363227
37.0 0.025953 -0.037533 0.386385
38.0 0.016193 0.023357 0.394375
39.0 0.017225 0.117553 0.389786
40.0 0.027109 0.233970 0.377362
41.0 0.043686 0.362017 0.354223
42.0 0.086007 0.486644 0.307691
43.0 0.170485 0.598381 0.258467
44.0 0.274994 0.703854 0.211476
45.0 0.370872 0.804921 0.158827
46.0 0.417564 0.895887 0.076211
47.0 0.373604 0.960476 -0.065346
48.0 0.298978 0.982763 -0.204058
49.0 0.220177 0.967450 -0.314303
50.0 0.151423 0.929978 -0.401851
51.0 0.107859 0.877982 -0.454688
52.0 0.093798 0.818205 -0.469612
53.0 0.110060 0.755778 -0.447436
54.0 0.144759 0.688802 -0.397861
55.0 0.181249 0.613181 -0.334328
56.0 0.214590 0.528961 -0.261503
57.0 0.240812 0.436695 -0.182798
58.0 0.256782 0.337496 -0.100529
59.0 0.260056 0.232992 -0.016165
"Head"
"Neck"
16 0.000000 0.000000 0.000000 0.000000 0.000000 0.000000
2
0.0 0.000033 0.715825 0.002175
59.0 0.000033 0.715825 0.002175
60
0.0 0.172397 -0.043910 -0.023848
1.0 0.179784 -0.007139 -0.036302
2.0 0.198091 0.009955 -0.039153
3.0 0.224849 0.013075 -0.034826
4.0 0.257530 0.007768 -0.026074
5.0 0.293948 -0.000269 -0.015223
6.0 0.332384 -0.005073 -0.003708
7.0 0.371526 -0.000446 0.008062
8.0 0.409628 0.005770 0.019237
9.0 0.443562 0.003234 0.027309
10.0 0.470408 -0.005342 0.030570
11.0 0.487743 -0.017616 0.030041
12.0 0.493397 -0.032000 0.029785
13.0 0.489865 -0.046400 0.029391
14.0 0.481620 -0.058756 0.028052
15.0 0.469570 -0.066948 0.024912
16.0 0.454791 -0.068938 0.018936
17.0 0.437012 -0.063712 0.016535
18.0 0.415476 -0.049675 0.022996
19.0 0.391097 -0.025588 0.035092
20.0 0.364877 0.000068 0.048959
21.0 0.337862 0.023354 0.061809
22.0 0.311028 0.041384 0.071372
23.0 0.285109 0.049448 0.076334
24.0 0.260393 0.046744 0.077619
25.0 0.237138 0.036039 0.075609
26.0 0.215565 0.020117 0.070298
27.0 0.195901 0.001768 0.061372
28.0 0.178469 -0.016200 0.048240
29.0 0.163752 -0.030944 0.030095
30.0 0.152461 -0.039557 0.005967
31.0 0.141849 0.000071 0.012340
32.0 0.135380 0.018007 0.017513
33.0 0.133737 0.020585 0.022075
34.0 0.143648 0.013992 0.026216
35.0 0.175079 0.004247 0.029663
36.0 0.222598 -0.002191 0.032126
37.0 0.280440 0.001208 0.034742
38.0 0.341951 0.006502 0.040099
39.0 0.400147 0.002676 0.047938
40.0 0.448810 -0.008058 0.056134
41.0 0.481640 -0.022983 0.063433
42.0 0.492458 -0.039101 0.069606
43.0 0.477455 -0.053501 0.075053
44.0 0.442151 -0.064108 0.079660
45.0 0.394732 -0.069418 0.082362
46.0 0.343612 -0.068381 0.081265
47.0 0.295876 -0.060134 0.081700
48.0 0.258135 -0.042742 0.088023
49.0 0.235805 -0.015873 0.097248
50.0 0.217849 0.012264 0.108187
51.0 0.202286 0.037498 0.119216
52.0 0.189481 0.056679 0.128721
53.0 0.179709 0.064982 0.135077
54.0 0.173066 0.061381 0.135496
55.0 0.169001 0.048737 0.129189
56.0 0.166909 0.030034 0.115588
57.0 0.166304 0.008304 0.094072
58.0 0.166926 -0.013363 0.064036
59.0 0.168818 -0.031835 0.024906
"Shoulder_L"
"UpperBody2"
16 0.000000 0.000000 0.000000 0.000000 0.000000 0.000000
2
0.0 1.363532 0.640746 -0.040871
59.0 1.363532 0.640746 -0.040871
2
0.0 -0.000000 0.000000 -0.000000
59.0 -0.000000 0.000000 0.000000
"Arm_L"
"Shoulder_L"
16 0.000000 0.000000 0.000000 0.000000 0.000000 0.000000
2
0.0 0.345122 -0.088017 -0.004649
59.0 0.345122 -0.088017 -0.004649
60
0.0 0.053312 0.030129 -0.817709
1.0 0.098084 -0.007163 -0.786831
2.0 0.163741 -0.056735 -0.752241
3.0 0.229518 -0.090824 -0.713441
4.0 0.280120 -0.078149 -0.669343
5.0 0.315053 -0.017724 -0.625432
6.0 0.354133 0.055811 -0.589349
7.0 0.399842 0.129044 -0.564056
8.0 0.441121 0.203992 -0.550576
9.0 0.468469 0.278539 -0.549614
10.0 0.466981 0.353408 -0.561825
11.0 0.419723 0.426016 -0.596593
12.0 0.350907 0.463395 -0.678452
13.0 0.353239 0.420641 -0.762844
14.0 0.470733 0.272311 -0.831342
15.0 0.690933 0.046157 -0.900430
16.0 0.833290 -0.123335 -0.958061
17.0 0.852341 -0.200826 -0.957798
18.0 0.833502 -0.222980 -0.915452
19.0 0.793273 -0.213030 -0.867635
20.0 0.733258 -0.187210 -0.838160
21.0 0.665112 -0.154889 -0.828274
22.0 0.599509 -0.121298 -0.829360
23.0 0.541995 -0.091626 -0.837657
24.0 0.472892 -0.057758 -0.849267
25.0 0.379726 -0.017392 -0.860873
26.0 0.275425 0.019929 -0.869144
27.0 0.176282 0.045641 -0.870399
28.0 0.097927 0.054999 -0.861946
29.0 0.053258 0.048344 -0.843618
30.0 0.053312 0.030130 -0.817709
31.0 0.098084 -0.007164 -0.786831
32.0 0.163741 -0.056735 -0.752241
33.0 0.229518 -0.090824 -0.713441
34.0 0.280120 -0.078149 -0.669343
35.0 0.314177 -0.015169 -0.625260
36.0 0.351017 0.064558 -0.589139
37.0 0.393932 0.145316 -0.564266
38.0 0.432582 0.226854 -0.551637
39.0 0.458335 0.304844 -0.551624
40.0 0.457383 0.377941 -0.564354
41.0 0.413432 0.441965 -0.598625
42.0 0.352163 0.462730 -0.678200
43.0 0.360412 0.406485 -0.761863
44.0 0.475844 0.257123 -0.833116
45.0 0.694257 0.035713 -0.904214
46.0 0.835218 -0.127611 -0.960510
47.0 0.852342 -0.200826 -0.957798
48.0 0.832643 -0.221215 -0.914371
49.0 0.791811 -0.209910 -0.865979
50.0 0.731430 -0.183183 -0.836355
51.0 0.663074 -0.150409 -0.826587
52.0 0.597465 -0.116831 -0.827935
53.0 0.540032 -0.087490 -0.836519
54.0 0.466731 -0.051667 -0.848744
55.0 0.361395 -0.005294 -0.861883
56.0 0.240768 0.039510 -0.872588
57.0 0.128467 0.070447 -0.876031
58.0 0.048000 0.079657 -0.867864
59.0 0.017725 0.065515 -0.847369
"ArmTwist_L"
"Arm_L"
16 0.000000 0.000000 0.000000 0.000000 0.000000 0.000000
2
0.0 0.316499 -0.154325 0.014210
59.0 0.316499 -0.154325 0.014210
2
0.0 0.000000 0.000000 0.000000
59.0 0.000000 -0.000000 0.000000
"Elbow_L"
"ArmTwist_L"
16 0.000000 0.000000 0.000000 0.000000 0.000000 0.000000
2
0.0 0.524302 -0.299683 0.007801
59.0 0.524302 -0.299683 0.007801
60
0.0 -0.147239 -0.297685 0.021960
1.0 -0.152665 -0.307907 0.023573
2.0 -0.169556 -0.339252 0.028930
3.0 -0.198064 -0.390398 0.039082
4.0 -0.239906 -0.461205 0.056345
5.0 -0.290712 -0.540058 0.080718
6.0 -0.343958 -0.614301 0.109762
7.0 -0.397746 -0.680941 0.142202
8.0 -0.448009 -0.736190 0.174899
9.0 -0.490835 -0.778373 0.204307
10.0 -0.523657 -0.807917 0.227684
11.0 -0.539411 -0.821298 0.239138
12.0 -0.526280 -0.810179 0.229580
13.0 -0.502856 -0.789462 0.212788
14.0 -0.458553 -0.746976 0.182017
15.0 -0.412582 -0.697928 0.151633
16.0 -0.388169 -0.669666 0.136221
17.0 -0.396569 -0.679570 0.141462
18.0 -0.440632 -0.728481 0.169972
19.0 -0.501013 -0.787782 0.211484
20.0 -0.532627 -0.815597 0.234186
21.0 -0.529272 -0.812744 0.231749
22.0 -0.505848 -0.792173 0.214915
23.0 -0.464210 -0.752651 0.185869
24.0 -0.411477 -0.696683 0.150923
25.0 -0.355082 -0.628754 0.116232
26.0 -0.298373 -0.551265 0.084689
27.0 -0.244410 -0.468514 0.058359
28.0 -0.196840 -0.388248 0.038619
29.0 -0.161468 -0.324338 0.026302
30.0 -0.147240 -0.297687 0.021960
31.0 -0.152664 -0.307906 0.023573
32.0 -0.169556 -0.339252 0.028930
33.0 -0.198064 -0.390398 0.039082
34.0 -0.239907 -0.461207 0.056345
35.0 -0.290978 -0.540452 0.080854
36.0 -0.344357 -0.614827 0.109992
37.0 -0.397566 -0.680735 0.142089
38.0 -0.446503 -0.734626 0.173890
39.0 -0.487848 -0.775568 0.202214
40.0 -0.520088 -0.804814 0.225108
41.0 -0.537024 -0.819301 0.237392
42.0 -0.526278 -0.810179 0.229579
43.0 -0.500931 -0.787708 0.211424
44.0 -0.453091 -0.741420 0.178319
45.0 -0.406791 -0.691368 0.147928
46.0 -0.385278 -0.666213 0.134431
47.0 -0.396569 -0.679570 0.141463
48.0 -0.441954 -0.729873 0.170851
49.0 -0.503322 -0.789886 0.213119
50.0 -0.535427 -0.817962 0.236226
51.0 -0.532055 -0.815113 0.233770
52.0 -0.508283 -0.794365 0.216647
53.0 -0.466156 -0.754589 0.187199
54.0 -0.412925 -0.698313 0.151851
55.0 -0.356073 -0.630024 0.116815
56.0 -0.298995 -0.552168 0.085015
57.0 -0.244758 -0.469076 0.058518
58.0 -0.196998 -0.388525 0.038678
59.0 -0.161511 -0.324415 0.026316
"HandTwist_L"
"Elbow_L"
16 0.000000 0.000000 0.000000 0.000000 0.000000 0.000000
2
0.0 0.206923 -0.099390 0.001415
59.0 0.206923 -0.099390 0.001415
2
0.0 0.000000 0.000000 0.000000
59.0 0.000000 -0.000000 0.000000
"Thumb0_L"
"HandTwist_L"
16 0.000000 0.000000 0.000000 0.000000 0.000000 0.000000
2
0.0 0.544087 -0.387610 0.123323
59.0 0.544087 -0.387610 0.123323
2
0.0 -0.000000 -0.000000 -0.000000
59.0 -0.000000 -0.000000 0.000000
"Thumb1_L"
"Thumb0_L"
16 0.000000 0.000000 0.000000 0.000000 0.000000 0.000000
2
0.0 0.089142 -0.060848 0.052517
59.0 0.089142 -0.060848 0.052517
2
0.0 0.000000 -0.000000 -0.000000
59.0 0.000000 0.000000 0.000000
"Shoulder_R"
"UpperBody2"
16 0.000000 0.000000 0.000000 0.000000 0.000000 0.000000
2
0.0 -1.378186 0.649215 -0.041568
59.0 -1.378186 0.649215 -0.041568
2
0.0 -0.000000 -0.000000 0.000000
59.0 -0.000000 -0.000000 0.000000
"Arm_R"
"Shoulder_R"
16 0.000000 0.000000 0.000000 0.000000 0.000000 0.000000
2
0.0 -0.290504 -0.087987 -0.004808
59.0 -0.290504 -0.087987 -0.004808
60
0.0 1.216200 0.497543 1.137753
1.0 1.146827 0.474599 1.091660
2.0 1.051051 0.437969 1.022948
3.0 0.967140 0.399187 0.955265
4.0 0.924969 0.378745 0.905486
5.0 0.928374 0.374763 0.874604
6.0 0.956563 0.364907 0.850864
7.0 0.989467 0.348734 0.829271
8.0 1.006972 0.320475 0.803116
9.0 0.985571 0.265356 0.765361
10.0 0.912357 0.166758 0.724469
11.0 0.797530 0.034850 0.689690
12.0 0.669847 -0.117207 0.652047
13.0 0.541281 -0.275011 0.621681
14.0 0.386826 -0.426878 0.611369
15.0 0.225835 -0.527703 0.622744
16.0 0.161020 -0.559690 0.618118
17.0 0.186242 -0.523074 0.611385
18.0 0.305730 -0.418356 0.621167
19.0 0.499590 -0.258085 0.672268
20.0 0.682368 -0.105357 0.753044
21.0 0.777893 0.002671 0.811649
22.0 0.826553 0.087662 0.840212
23.0 0.866065 0.168211 0.856512
24.0 0.908740 0.252942 0.879846
25.0 0.964611 0.342827 0.926318
26.0 1.040501 0.431618 1.013639
27.0 1.131374 0.491405 1.113458
28.0 1.205757 0.515229 1.179176
29.0 1.234690 0.505893 1.154220
30.0 1.216199 0.497543 1.137753
31.0 1.144327 0.473982 1.090750
32.0 1.044676 0.435921 1.020910
33.0 0.957447 0.395420 0.952654
34.0 0.912844 0.373443 0.902700
35.0 0.916099 0.370506 0.872561
36.0 0.947294 0.365595 0.850621
37.0 0.987542 0.357690 0.831643
38.0 1.013194 0.338111 0.807878
39.0 0.996907 0.289141 0.770933
40.0 0.924317 0.191541 0.728686
41.0 0.805190 0.052244 0.691451
42.0 0.669846 -0.117206 0.652047
43.0 0.536103 -0.290941 0.620731
44.0 0.380779 -0.446534 0.610157
45.0 0.221611 -0.542376 0.621793
46.0 0.160653 -0.565345 0.617280
47.0 0.187476 -0.522472 0.611134
48.0 0.306553 -0.415672 0.621575
49.0 0.499856 -0.254295 0.673285
50.0 0.683086 -0.100886 0.754575
51.0 0.782187 0.002905 0.809102
52.0 0.833318 0.080999 0.827854
53.0 0.867643 0.158594 0.832130
54.0 0.897384 0.244994 0.839903
55.0 0.935774 0.338582 0.861893
56.0 0.994530 0.427453 0.905233
57.0 1.073177 0.494250 0.968631
58.0 1.150733 0.527620 1.035289
59.0 1.202211 0.527767 1.090686
"ArmTwist_R"
"Arm_R"
16 0.000000 0.000000 0.000000 0.000000 0.000000 0.000000
2
0.0 -0.389362 -0.178467 0.014206
59.0 -0.389362 -0.178467 0.014206
2
0.0 -0.000000 0.000000 0.000000
59.0 0.000000 0.000000 -0.000000
"Elbow_R"
"ArmTwist_R"
16 0.000000 0.000000 0.000000 0.000000 0.000000 0.000000
2
0.0 -0.451560 -0.275462 0.007387
59.0 -0.451560 -0.275462 0.007387
60
0.0 -0.102685 0.212210 -0.011102
1.0 -0.146468 0.297629 -0.022198
2.0 -0.194729 0.386244 -0.038446
3.0 -0.244457 0.470527 -0.059168
4.0 -0.294907 0.548302 -0.083834
5.0 -0.347535 0.621156 -0.112947
6.0 -0.391901 0.676287 -0.139795
7.0 -0.425431 0.714370 -0.161302
8.0 -0.456290 0.746871 -0.181917
9.0 -0.501735 0.790597 -0.213546
10.0 -0.565495 0.844468 -0.260114
11.0 -0.609350 0.877023 -0.293397
12.0 -0.648010 0.903021 -0.323460
13.0 -0.655271 0.907640 -0.329174
14.0 -0.604345 0.873478 -0.289552
15.0 -0.493419 0.782948 -0.207653
16.0 -0.417922 0.706102 -0.156401
17.0 -0.351629 0.626478 -0.115341
18.0 -0.283132 0.530851 -0.077775
19.0 -0.218995 0.428301 -0.048081
20.0 -0.175570 0.351828 -0.031515
21.0 -0.153075 0.310127 -0.024180
22.0 -0.147387 0.299378 -0.022469
23.0 -0.144120 0.293161 -0.021511
24.0 -0.126633 0.259462 -0.016723
25.0 -0.087642 0.181950 -0.008140
26.0 -0.021770 0.045725 -0.000568
27.0 0.027700 -0.058162 -0.000823
28.0 0.027700 -0.058160 -0.000822
29.0 -0.056273 0.117680 -0.003423
30.0 -0.102685 0.212210 -0.011101
31.0 -0.146466 0.297627 -0.022197
32.0 -0.194732 0.386246 -0.038446
33.0 -0.244454 0.470524 -0.059166
34.0 -0.294907 0.548301 -0.083835
35.0 -0.347113 0.620605 -0.112702
36.0 -0.390539 0.674677 -0.138942
37.0 -0.423124 0.711846 -0.159791
38.0 -0.453348 0.743874 -0.179921
39.0 -0.498540 0.787679 -0.211278
40.0 -0.562602 0.842200 -0.257952
41.0 -0.607521 0.875733 -0.291990
42.0 -0.648006 0.903019 -0.323455
43.0 -0.659371 0.910215 -0.332410
44.0 -0.611597 0.878600 -0.295126
45.0 -0.499817 0.788848 -0.212184
46.0 -0.420811 0.709300 -0.158280
47.0 -0.351621 0.626468 -0.115336
48.0 -0.282099 0.529301 -0.077254
49.0 -0.217377 0.425551 -0.047409
50.0 -0.173677 0.348372 -0.030864
51.0 -0.160702 0.324416 -0.026568
52.0 -0.180059 0.359986 -0.033084
53.0 -0.205043 0.404331 -0.042427
54.0 -0.213074 0.418200 -0.045645
55.0 -0.198093 0.392175 -0.039725
56.0 -0.167327 0.336705 -0.028724
57.0 -0.138080 0.281605 -0.019794
58.0 -0.123170 0.252708 -0.015842
59.0 -0.117184 0.240966 -0.014374
"HandTwist_R"
"Elbow_R"
16 0.000000 0.000000 0.000000 0.000000 0.000000 0.000000
2
0.0 -0.206923 -0.099390 0.001415
59.0 -0.206923 -0.099390 0.001415
2
0.0 -0.000000 -0.000000 0.000000
59.0 -0.000000 -0.000000 -0.000000
"Thumb0_R"
"HandTwist_R"
16 0.000000 0.000000 0.000000 0.000000 0.000000 0.000000
2
0.0 -0.607067 -0.387059 0.093626
59.0 -0.607067 -0.387059 0.093626
2
0.0 0.000000 -0.000000 0.000000
59.0 -0.000000 -0.000000 -0.000000
"Thumb1_R"
"Thumb0_R"
16 0.000000 0.000000 0.000000 0.000000 0.000000 0.000000
2
0.0 -0.089143 -0.060848 0.052517
59.0 -0.089143 -0.060848 0.052517
2
0.0 0.000000 -0.000000 0.000000
59.0 -0.000000 -0.000000 -0.000000
"LowerBody"
"Waist"
16 0.000000 0.000000 0.000000 0.000000 0.000000 0.000000
2
0.0 0.000000 0.000000 0.000000
59.0 0.000000 0.000000 0.000000
2
0.0 0.000000 0.000000 0.000000
59.0 -0.000000 -0.000000 -0.000000
"Leg_L"
"LowerBody"
16 0.000000 0.000000 0.000000 0.000000 0.000000 0.000000
2
0.0 1.050688 -0.121334 -0.016591
59.0 1.050688 -0.121334 -0.016591
60
0.0 -0.088950 0.012338 0.262559
1.0 -0.125239 -0.027224 0.285966
2.0 -0.171834 -0.068295 0.311381
3.0 -0.202869 -0.109642 0.336268
4.0 -0.197795 -0.150037 0.357921
5.0 -0.157936 -0.163268 0.380740
6.0 -0.119438 -0.139376 0.407674
7.0 -0.093081 -0.102136 0.432988
8.0 -0.069090 -0.073295 0.450946
9.0 -0.049843 -0.070915 0.459451
10.0 -0.027275 -0.074339 0.452619
11.0 -0.009797 -0.075820 0.428583
12.0 0.001442 -0.075608 0.393914
13.0 0.001131 -0.058355 0.340516
14.0 -0.006951 -0.024508 0.267675
15.0 -0.011438 0.031797 0.197910
16.0 -0.000834 0.089921 0.144088
17.0 0.030866 0.137112 0.112180
18.0 0.077797 0.169688 0.088163
19.0 0.145988 0.183027 0.065638
20.0 0.309376 0.177173 0.048485
21.0 0.297029 0.172499 0.039798
22.0 0.291039 0.169529 0.042273
23.0 0.289151 0.165002 0.056163
24.0 0.288095 0.156689 0.078757
25.0 0.286290 0.143280 0.108419
26.0 0.282133 0.124817 0.142341
27.0 0.215788 0.101746 0.177606
28.0 0.046073 0.074747 0.211297
29.0 -0.038706 0.044622 0.240425
30.0 -0.087082 0.012151 0.261877
31.0 -0.129465 -0.022657 0.280860
32.0 -0.176511 -0.059975 0.303649
33.0 -0.206302 -0.099439 0.327457
34.0 -0.200764 -0.140467 0.349458
35.0 -0.161384 -0.156556 0.373747
36.0 -0.122629 -0.136688 0.402581
37.0 -0.095184 -0.103071 0.429728
38.0 -0.069864 -0.076313 0.449111
39.0 -0.049913 -0.073903 0.458385
40.0 -0.027329 -0.075883 0.452010
41.0 -0.009854 -0.076050 0.428470
42.0 0.001418 -0.075619 0.393908
43.0 0.001155 -0.058371 0.340512
44.0 -0.006903 -0.024511 0.267677
45.0 -0.011390 0.031804 0.197917
46.0 -0.001067 0.089877 0.144150
47.0 0.028627 0.136783 0.112534
48.0 0.071723 0.169088 0.088815
49.0 0.132946 0.182300 0.066462
50.0 0.306582 0.176643 0.049174
51.0 0.295169 0.172651 0.038728
52.0 0.291107 0.165925 0.037694
53.0 0.292340 0.153806 0.050029
54.0 0.291446 0.136045 0.074767
55.0 0.286227 0.113730 0.108259
56.0 0.276155 0.089109 0.146174
57.0 0.101064 0.064534 0.184465
58.0 -0.010868 0.042194 0.219308
59.0 -0.072805 0.024118 0.246779
"Knee_L"
"Leg_L"
16 0.000000 0.000000 0.000000 0.000000 0.000000 0.000000
2
0.0 -0.035256 -1.536526 0.001692
59.0 -0.035256 -1.536526 0.001692
60
0.0 0.601994 0.000000 0.000000
1.0 0.645669 -0.000000 0.000000
2.0 0.719260 -0.000000 0.000000
3.0 0.764465 -0.000000 -0.000000
4.0 0.732847 -0.000001 -0.000000
5.0 0.650866 -0.000000 -0.000000
6.0 0.607534 -0.000000 0.000000
7.0 0.610537 0.000000 0.000000
8.0 0.630580 -0.000000 -0.000000
9.0 0.654878 0.000000 -0.000000
10.0 0.682514 0.000000 0.000000
11.0 0.718514 -0.000000 0.000001
12.0 0.756131 -0.000000 -0.000000
13.0 0.785698 -0.000000 -0.000000
14.0 0.796256 0.000000 0.000000
15.0 0.777121 0.000000 -0.000000
16.0 0.724149 0.000000 0.000000
17.0 0.637527 -0.000000 0.000000
18.0 0.511090 -0.000000 -0.000000
19.0 0.322027 0.000000 -0.000000
20.0 -0.047762 -0.000000 -0.000000
21.0 -0.047762 0.000000 -0.000000
22.0 -0.047762 0.000000 -0.000000
23.0 -0.047763 -0.000000 -0.000000
24.0 -0.047762 0.000000 -0.000000
25.0 -0.047762 -0.000000 0.000000
26.0 -0.047762 -0.000000 -0.000000
27.0 0.071049 -0.000000 0.000000
28.0 0.391411 0.000000 0.000000
29.0 0.534770 0.000000 0.000000
30.0 0.600975 0.000000 -0.000000
31.0 0.660180 0.000000 -0.000000
32.0 0.736254 0.000000 -0.000000
33.0 0.778873 -0.000000 0.000000
34.0 0.745004 -0.000000 0.000000
35.0 0.661727 0.000000 -0.000000
36.0 0.615481 0.000000 0.000000
37.0 0.614807 -0.000000 -0.000000
38.0 0.631844 -0.000000 0.000000
39.0 0.654893 -0.000000 -0.000000
40.0 0.682519 0.000000 0.000000
41.0 0.718521 0.000000 -0.000000
42.0 0.756134 -0.000000 -0.000000
43.0 0.785696 0.000000 -0.000000
44.0 0.796249 0.000000 -0.000000
45.0 0.777115 0.000000 -0.000000
46.0 0.724479 0.000000 0.000000
47.0 0.640464 0.000000 -0.000000
48.0 0.519604 -0.000000 -0.000000
49.0 0.342711 -0.000000 0.000000
50.0 -0.047762 0.000000 -0.000000
51.0 -0.047762 0.000000 -0.000000
52.0 -0.047762 0.000000 -0.000000
53.0 -0.047763 -0.000000 -0.000000
54.0 -0.047762 0.000000 0.000000
55.0 -0.047762 0.000000 0.000000
56.0 -0.047762 -0.000000 -0.000000
57.0 0.277578 -0.000000 0.000000
58.0 0.474232 0.000000 0.000000
59.0 0.576689 0.000000 -0.000000
"Leg_R"
"LowerBody"
16 0.000000 0.000000 0.000000 0.000000 0.000000 0.000000
2
0.0 -1.050690 -0.121333 -0.016589
59.0 -1.050690 -0.121333 -0.016589
60
0.0 0.000136 -0.174042 -0.374537
1.0 0.014435 -0.178012 -0.337457
2.0 0.026177 -0.161444 -0.290664
3.0 0.039574 -0.134209 -0.239965
4.0 0.057424 -0.106559 -0.190098
5.0 0.068196 -0.057024 -0.139306
6.0 0.047807 0.023036 -0.091541
7.0 -0.009927 0.102889 -0.055982
8.0 -0.078281 0.149375 -0.034504
9.0 -0.146493 0.160161 -0.022677
10.0 -0.208795 0.176368 -0.020538
11.0 -0.261635 0.201639 -0.028997
12.0 -0.302383 0.234514 -0.046051
13.0 -0.343444 0.270527 -0.090401
14.0 -0.382640 0.308335 -0.166956
15.0 -0.405137 0.352938 -0.256772
16.0 -0.391752 0.396869 -0.339857
17.0 -0.329777 0.437078 -0.403816
18.0 -0.190777 0.469466 -0.456925
19.0 -0.121709 0.491211 -0.501509
20.0 -0.083348 0.509866 -0.528606
21.0 -0.037520 0.524931 -0.536074
22.0 0.013403 0.527836 -0.524443
23.0 0.065324 0.509630 -0.498667
24.0 0.113152 0.453322 -0.468712
25.0 0.153926 0.356431 -0.443845
26.0 0.188717 0.232291 -0.426618
27.0 0.145583 0.097172 -0.415973
28.0 0.034640 -0.029100 -0.408258
29.0 -0.000126 -0.125871 -0.397451
30.0 0.000162 -0.173920 -0.375491
31.0 0.014478 -0.177896 -0.338517
32.0 0.026202 -0.161292 -0.291743
33.0 0.039550 -0.134037 -0.240993
34.0 0.057318 -0.106409 -0.191036
35.0 0.067951 -0.056936 -0.140126
36.0 0.047434 0.023060 -0.092221
37.0 -0.010285 0.102883 -0.056512
38.0 -0.078564 0.149358 -0.034882
39.0 -0.146692 0.160100 -0.022911
40.0 -0.208918 0.176221 -0.020651
41.0 -0.261694 0.201409 -0.029014
42.0 -0.302397 0.234256 -0.046025
43.0 -0.343417 0.270348 -0.090366
44.0 -0.382606 0.308396 -0.166952
45.0 -0.405125 0.353256 -0.256825
46.0 -0.391767 0.397292 -0.339942
47.0 -0.329804 0.437500 -0.403902
48.0 -0.190809 0.469834 -0.456996
49.0 -0.121655 0.491529 -0.501519
50.0 -0.082747 0.510358 -0.528341
51.0 -0.035358 0.525078 -0.535114
52.0 0.021012 0.523290 -0.521586
53.0 0.081066 0.496905 -0.490754
54.0 0.136741 0.429876 -0.453307
55.0 0.182681 0.321635 -0.422327
56.0 0.219392 0.188127 -0.402090
57.0 0.197211 0.048589 -0.391990
58.0 0.066564 -0.073943 -0.388199
59.0 0.019083 -0.155579 -0.384625
"Knee_R"
"Leg_R"
16 0.000000 0.000000 0.000000 0.000000 0.000000 0.000000
2
0.0 -0.017986 -1.536526 0.001672
59.0 -0.017986 -1.536526 0.001672
60
0.0 0.559867 0.000000 0.000000
1.0 0.545435 0.000000 0.000000
2.0 0.497335 0.000000 0.000000
3.0 0.422318 0.000000 0.000000
4.0 0.327669 -0.000000 0.000000
5.0 0.230913 0.000000 0.000000
6.0 0.178919 0.000000 -0.000000
7.0 0.193167 0.000000 -0.000000
8.0 0.230358 0.000000 0.000000
9.0 0.276939 -0.000000 -0.000000
10.0 0.318465 0.000000 -0.000000
11.0 0.349324 0.000000 0.000000
12.0 0.369195 -0.000000 -0.000000
13.0 0.387137 -0.000000 0.000000
14.0 0.401469 0.000000 -0.000000
15.0 0.397522 0.000000 -0.000000
16.0 0.357297 0.000000 0.000000
17.0 0.264324 0.000000 0.000000
18.0 0.036563 0.000000 0.000000
19.0 -0.047762 -0.000000 -0.000000
20.0 -0.047762 -0.000000 0.000000
21.0 -0.047763 -0.000000 -0.000000
22.0 -0.047762 -0.000000 0.000000
23.0 -0.047763 -0.000000 0.000000
24.0 -0.047763 -0.000000 0.000000
25.0 -0.047762 -0.000000 0.000000
26.0 -0.047763 -0.000000 -0.000000
27.0 0.102566 -0.000000 -0.000000
28.0 0.386815 0.000000 -0.000000
29.0 0.513820 0.000000 0.000000
30.0 0.560060 0.000000 0.000000
31.0 0.545687 0.000000 0.000000
32.0 0.497667 -0.000000 0.000001
33.0 0.422747 -0.000000 0.000000
34.0 0.328228 -0.000000 0.000000
35.0 0.231649 0.000000 0.000000
36.0 0.179737 0.000000 -0.000000
37.0 0.193788 0.000000 0.000000
38.0 0.230726 0.000000 -0.000000
39.0 0.277116 0.000000 -0.000000
40.0 0.318521 0.000000 -0.000000
41.0 0.349322 0.000000 0.000000
42.0 0.369188 0.000000 0.000000
43.0 0.387146 0.000000 0.000000
44.0 0.401486 -0.000000 0.000000
45.0 0.397543 -0.000000 -0.000000
46.0 0.357315 0.000000 0.000000
47.0 0.264333 0.000000 0.000000
48.0 0.036568 -0.000000 0.000000
49.0 -0.047762 -0.000000 0.000000
50.0 -0.047762 0.000000 0.000000
51.0 -0.047763 -0.000000 -0.000000
52.0 -0.047763 0.000000 -0.000000
53.0 -0.047762 0.000000 0.000000
54.0 -0.047762 0.000000 0.000000
55.0 -0.047762 -0.000000 0.000000
56.0 -0.047763 -0.000000 -0.000000
57.0 0.057729 0.000000 0.000000
58.0 0.371771 -0.000000 0.000000
59.0 0.505041 0.000000 -0.000000
