Bones: 27
"ParentNode"
""
16 0.000000 0.000000 0.000000 0.000000 0.000000 0.000000
2
0.0 0.000000 0.000000 -0.000000
59.0 0.000000 0.000000 -0.000000
2
0.0 3.141593 -0.000000 3.141593
59.0 3.141593 -0.000000 3.141593
"Center"
"ParentNode"
16 0.000000 0.000000 0.000000 0.000000 0.000000 0.000000
60
0.0 0.343321 3.406631 0.000014
1.0 0.320226 3.399412 0.015259
2.0 0.292346 3.382899 0.020423
3.0 0.260839 3.359213 0.018530
4.0 0.226856 3.330475 0.012605
5.0 0.191552 3.298803 0.005672
6.0 0.156079 3.266318 0.000756
7.0 0.121593 3.235139 -0.000001
8.0 0.089247 3.207388 -0.000001
9.0 0.060195 3.185181 -0.000001
10.0 0.035590 3.170640 -0.000001
11.0 0.016587 3.165885 -0.000001
12.0 0.004339 3.173036 -0.000000
13.0 0.000000 3.194211 -0.000000
14.0 0.000000 3.233720 -0.000000
15.0 0.000000 3.299341 -0.000000
16.0 0.000000 3.376290 -0.000000
17.0 0.000000 3.446766 -0.000000
18.0 0.000000 3.496101 -0.000000
19.0 0.000000 3.531503 -0.000000
20.0 0.000000 3.554153 -0.000000
21.0 0.000000 3.562782 -0.000000
22.0 0.000000 3.560685 -0.000000
23.0 0.000000 3.553080 -0.000000
24.0 0.000000 3.541586 -0.000000
25.0 0.000000 3.527820 -0.000000
26.0 0.000000 3.513399 -0.000000
27.0 0.000000 3.499942 -0.000000
28.0 0.000000 3.489065 -0.000000
29.0 0.000000 3.482388 -0.000000
30.0 0.000000 3.479670 -0.000000
31.0 0.000000 3.479232 -0.000000
32.0 0.000000 3.480527 -0.000000
33.0 0.000000 3.483009 -0.000000
34.0 0.000000 3.486133 -0.000000
35.0 0.000000 3.489351 -0.000000
36.0 0.000000 3.492117 -0.000000
37.0 0.000000 3.493886 -0.000000
38.0 0.000000 3.494111 -0.000000
39.0 0.000000 3.491500 -0.000000
40.0 0.000000 3.485137 -0.000000
41.0 0.000000 3.475044 -0.000000
42.0 0.000000 3.461242 -0.000000
43.0 0.000000 3.443752 -0.000000
44.0 0.000000 3.420099 -0.000000
45.0 0.000000 3.388060 -0.000000
46.0 0.000000 3.351920 -0.000000
47.0 0.000000 3.316091 -0.000000
48.0 0.000000 3.284986 -0.000000
49.0 0.000000 3.263019 -0.000000
50.0 -0.000001 3.254603 -0.000000
51.0 0.000000 3.258886 -0.000000
52.0 -0.000002 3.270781 -0.000578
53.0 -0.000001 3.288343 -0.004550
54.0 0.015906 3.309628 -0.010833
55.0 0.068110 3.332690 -0.017693
56.0 0.141855 3.355587 -0.023397
57.0 0.221692 3.376374 -0.026211
58.00001499999999 0.292181 3.393106 -0.024404
59.0 0.337872 3.403841 -0.016240
60
0.0 -0.141177 0.079182 -0.205528
1.0 -0.131417 0.031114 -0.201164
2.0 -0.114067 -0.032828 -0.192355
3.0 -0.090812 -0.107923 -0.179952
4.0 -0.063342 -0.189452 -0.164809
5.0 -0.033343 -0.272694 -0.147775
6.0 -0.002502 -0.352929 -0.129702
7.0 0.023780 -0.425437 -0.111444
8.0 0.041911 -0.485910 -0.093852
9.0 0.052912 -0.533552 -0.077776
10.0 0.057805 -0.567801 -0.064069
11.0 0.057609 -0.587842 -0.053583
12.0 0.053347 -0.592862 -0.047168
13.0 0.046039 -0.582046 -0.048440
14.0 0.036708 -0.554580 -0.070419
15.0 0.026373 -0.509652 -0.105468
16.0 0.016056 -0.448042 -0.142701
17.0 0.006208 -0.379197 -0.171229
18.0 -0.005774 -0.305644 -0.182968
19.0 -0.019941 -0.228388 -0.188032
20.0 -0.035800 -0.148441 -0.189038
21.0 -0.052852 -0.066806 -0.186262
22.0 -0.070602 0.015508 -0.179983
23.0 -0.088555 0.097491 -0.170476
24.0 -0.106212 0.178139 -0.158020
25.0 -0.123080 0.256442 -0.142893
26.0 -0.138661 0.331394 -0.125372
27.0 -0.152460 0.401987 -0.105734
28.0 -0.163979 0.467213 -0.084256
29.0 -0.172725 0.526066 -0.061217
30.0 -0.178199 0.577537 -0.036895
31.0 -0.179906 0.620618 -0.011565
32.0 -0.177350 0.654303 0.014495
33.0 -0.170036 0.677585 0.041006
34.0 -0.157466 0.689454 0.067690
35.0 -0.139144 0.689263 0.094272
36.0 -0.114575 0.679173 0.120474
37.0 -0.088808 0.661136 0.146016
38.0 -0.067156 0.636855 0.170623
39.0 -0.049510 0.608038 0.194017
40.0 -0.035761 0.576387 0.215920
41.0 -0.025801 0.543610 0.236055
42.0 -0.019524 0.511411 0.254145
43.0 -0.016821 0.481496 0.269911
44.0 -0.017585 0.455546 0.283078
45.0 -0.021708 0.432648 0.293365
46.0 -0.029082 0.411275 0.300498
47.0 -0.039598 0.391081 0.304196
48.0 -0.053151 0.371723 0.300997
49.0 -0.069632 0.352856 0.273976
50.0 -0.088932 0.334135 0.226006
51.0 -0.107614 0.315216 0.163426
52.0 -0.122506 0.295755 0.092568
53.0 -0.133909 0.275406 0.019773
54.0 -0.142122 0.253826 -0.048626
55.0 -0.147446 0.230669 -0.106149
56.0 -0.150178 0.205591 -0.148757
57.0 -0.150617 0.178248 -0.177979
58.00001499999999 -0.149065 0.148296 -0.195836
59.0 -0.145818 0.115389 -0.204345
"Groove"
"Center"
16 0.000000 0.000000 0.000000 0.000000 0.000000 0.000000
2
0.0 0.000000 -0.178594 0.000000
59.0 0.000000 -0.178594 0.000000
2
0.0 -0.000000 -0.000000 -0.000000
59.0 0.000000 0.000000 -0.000000
"Waist"
"Groove"
16 0.000000 0.000000 0.000000 0.000000 0.000000 0.000000
2
0.0 0.000000 0.000000 0.000000
59.0 0.000000 0.000000 0.000000
2
0.0 0.000000 -0.000000 -0.000000
59.0 0.000000 0.000000 -0.000000
"UpperBody"
"Waist"
16 0.000000 0.000000 0.000000 0.000000 0.000000 0.000000
2
0.0 0.000000 0.076680 0.000005
59.0 0.000000 0.076680 0.000005
60
0.0 0.067470 0.098435 0.013889
1.0 0.058762 0.059865 -0.023237
2.0 0.040369 0.003691 -0.052616
3.0 0.015342 -0.064015 -0.071900
4.0 -0.013258 -0.136464 -0.079628
5.0 -0.042650 -0.206413 -0.076041
6.0 -0.070218 -0.266599 -0.063304
7.0 -0.089404 -0.309944 -0.046452
8.0 -0.095360 -0.329805 -0.031311
9.0 -0.088602 -0.316582 -0.021690
10.0 -0.071023 -0.268030 -0.019045
11.0 -0.047381 -0.197390 -0.021900
12.0 -0.021419 -0.113525 -0.028994
13.0 0.005505 -0.025003 -0.037542
14.0 0.037490 0.060078 -0.036798
15.0 0.067403 0.132297 -0.033513
16.0 0.089379 0.184143 -0.037076
17.0 0.107135 0.217554 -0.039664
18.0 0.120951 0.227181 -0.046454
19.0 0.133368 0.223640 -0.048573
20.0 0.142427 0.221250 -0.044320
21.0 0.145324 0.218918 -0.034291
22.0 0.135370 0.215589 -0.019345
23.0 0.111926 0.210327 -0.000583
24.0 0.081447 0.202352 0.020751
25.0 0.050701 0.191076 0.043395
26.0 0.026805 0.176048 0.066217
27.0 0.021389 0.157986 0.079771
28.0 0.032582 0.137225 0.078211
29.0 0.048464 0.112797 0.065537
30.0 0.068081 0.083742 0.045078
31.0 0.089427 0.047698 0.019292
32.0 0.109827 -0.012989 -0.012693
33.0 0.126745 -0.091611 -0.047554
34.0 0.136959 -0.173143 -0.079004
35.0 0.136101 -0.243141 -0.099289
36.0 0.119388 -0.289485 -0.100644
37.0 0.095695 -0.296800 -0.089770
38.0 0.077532 -0.272448 -0.081724
39.0 0.065011 -0.231716 -0.079166
40.0 0.057333 -0.179077 -0.081936
41.0 0.052455 -0.118876 -0.089274
42.0 0.044291 -0.055345 -0.100133
43.0 0.034689 0.007361 -0.113376
44.0 0.026992 0.065172 -0.127925
45.0 0.024377 0.116615 -0.142833
46.0 0.029914 0.160814 -0.157434
47.0 0.046774 0.195704 -0.171359
48.0 0.076924 0.218835 -0.181836
49.0 0.105743 0.231103 -0.173939
50.0 0.124218 0.238251 -0.147521
51.0 0.132391 0.239713 -0.107565
52.0 0.130604 0.235803 -0.060577
53.0 0.122403 0.227603 -0.012316
54.0 0.111071 0.216126 0.031315
55.0 0.099566 0.202264 0.064018
56.0 0.089742 0.186503 0.081395
57.0 0.081760 0.168606 0.083986
58.00001499999999 0.075528 0.148248 0.072816
59.0 0.070854 0.125035 0.049010
"UpperBody2"
"UpperBody"
16 0.000000 0.000000 0.000000 0.000000 0.000000 0.000000
2
0.0 0.000089 1.422524 -0.087936
59.0 0.000089 1.422524 -0.087936
2
0.0 -0.000000 0.000000 -0.000000
59.0 -0.000000 -0.000000 -0.000000
"Neck"
"UpperBody2"
16 0.000000 0.000000 0.000000 0.000000 0.000000 0.000000
2
0.0 0.000101 1.114292 -0.196906
59.0 0.000101 1.114292 -0.196906
60
0.0 0.141447 -0.364950 0.267394
1.0 0.274508 -0.357381 0.277142
2.0 0.448623 -0.310667 0.259192
3.0 0.601929 -0.232029 0.225997
4.0 0.676589 -0.130008 0.188287
5.0 0.679184 -0.013999 0.153317
6.0 0.653717 0.102963 0.125161
7.0 0.606786 0.207770 0.108007
8.0 0.546925 0.288090 0.107031
9.0 0.472318 0.332949 0.118476
10.0 0.376631 0.339135 0.138581
11.0 0.255145 0.328013 0.165860
12.0 0.103163 0.364715 0.202099
13.0 -0.065984 0.470654 0.239780
14.0 -0.167155 0.531634 0.258929
15.0 -0.225270 0.488767 0.271915
16.0 -0.273539 0.431296 0.290777
17.0 -0.316136 0.377375 0.296646
18.0 -0.343251 0.331615 0.289640
19.0 -0.351443 0.287132 0.273059
20.0 -0.339377 0.233899 0.250169
21.0 -0.301904 0.177064 0.222971
22.0 -0.229960 0.121579 0.193304
23.0 -0.126065 0.074180 0.161885
24.0 -0.003986 0.037138 0.130727
25.0 0.121193 0.026122 0.103577
26.0 0.233478 0.067845 0.087190
27.0 0.315497 0.129780 0.084417
28.0 0.366748 0.166778 0.089085
29.0 0.397615 0.186318 0.098776
30.0 0.417865 0.196811 0.111568
31.0 0.432137 0.207814 0.126172
32.0 0.446129 0.246625 0.142623
33.0 0.462463 0.311460 0.157942
34.0 0.480966 0.386962 0.168178
35.0 0.499318 0.458028 0.168554
36.0 0.510164 0.509820 0.153602
37.0 0.490313 0.527798 0.128345
38.0 0.448819 0.519754 0.102247
39.0 0.403382 0.498860 0.077364
40.0 0.369382 0.467692 0.053974
41.0 0.364040 0.428857 0.032475
42.0 0.399199 0.385053 0.014372
43.0 0.450239 0.339368 -0.002907
44.0 0.488697 0.294759 -0.021847
45.0 0.491662 0.253993 -0.044111
46.0 0.472434 0.219300 -0.068715
47.0 0.426283 0.190918 -0.084772
48.0 0.351779 0.168602 -0.091483
49.0 0.262366 0.141258 -0.089095
50.0 0.174827 0.104363 -0.077699
51.0 0.093358 0.060288 -0.058887
52.0 0.021288 0.011136 -0.033274
53.0 -0.038003 -0.041090 -0.001704
54.0 -0.081058 -0.094470 0.034749
55.0 -0.104318 -0.147123 0.074780
56.0 -0.103195 -0.197192 0.116847
57.0 -0.072184 -0.242796 0.159184
58.00001499999999 -0.016531 -0.281983 0.199852
59.0 0.056966 -0.312667 0.236839
"Head"
"Neck"
16 0.000000 0.000000 0.000000 0.000000 0.000000 0.000000
2
0.0 0.000033 0.715825 0.002175
59.0 0.000033 0.715825 0.002175
60
0.0 0.000856 0.338666 -0.041577
1.0 -0.118108 0.363350 -0.083577
2.0 -0.272885 0.359053 -0.136640
3.0 -0.409181 0.337822 -0.176579
4.0 -0.476796 0.318692 -0.187225
5.0 -0.487278 0.307539 -0.177298
6.0 -0.483778 0.303824 -0.165697
7.0 -0.466015 0.311974 -0.157187
8.0 -0.435689 0.318685 -0.156774
9.0 -0.388238 0.324586 -0.159559
10.0 -0.317640 0.332832 -0.158985
11.0 -0.216335 0.335836 -0.145767
12.0 -0.072313 0.274394 -0.113262
13.0 0.092815 0.128614 -0.096621
14.0 0.173507 0.009426 -0.101373
15.0 0.197080 -0.019607 -0.086624
16.0 0.213292 -0.031354 -0.063962
17.0 0.227750 -0.032626 -0.039278
18.0 0.240847 -0.021430 -0.019157
19.0 0.250836 -0.001586 -0.003514
20.0 0.254962 0.022735 0.008442
21.0 0.249892 0.047357 0.017281
22.0 0.230835 0.068215 0.023666
23.0 0.197342 0.081410 0.029318
24.0 0.154788 0.088383 0.031898
25.0 0.110592 0.074205 0.028053
26.0 0.071518 0.011118 0.026374
27.0 0.041208 -0.067851 0.034877
28.0 0.020219 -0.117244 0.046594
29.0 0.010518 -0.145088 0.056383
30.0 0.003898 -0.158047 0.063401
31.0 -0.001516 -0.158661 0.066449
32.0 -0.006455 -0.154811 0.067934
33.0 -0.011472 -0.150880 0.069811
34.0 -0.016828 -0.146854 0.072064
35.0 -0.022267 -0.142750 0.074719
36.0 -0.020969 -0.139069 0.077031
37.0 0.005479 -0.138300 0.074911
38.0 0.050178 -0.140826 0.067208
39.0 0.100299 -0.145416 0.054678
40.0 0.140018 -0.150056 0.040873
41.0 0.152382 -0.153790 0.029988
42.0 0.129958 -0.156624 0.025103
43.0 0.093392 -0.158792 0.024978
44.0 0.066185 -0.159974 0.027773
45.0 0.066537 -0.159954 0.032543
46.0 0.076534 -0.158837 0.042688
47.0 0.097975 -0.160411 0.049597
48.0 0.127339 -0.162793 0.053614
49.0 0.162994 -0.156499 0.052361
50.0 0.201715 -0.140379 0.047917
51.0 0.239683 -0.115153 0.042910
52.0 0.273122 -0.081869 0.039242
53.0 0.298382 -0.041800 0.037837
54.0 0.311933 0.003719 0.038507
55.0 0.310263 0.053395 0.039917
56.0 0.288801 0.106010 0.039530
57.0 0.241812 0.160179 0.033441
58.00001499999999 0.174080 0.213553 0.018848
59.0 0.091914 0.263267 -0.005165
"Shoulder_L"
"UpperBody2"
16 0.000000 0.000000 0.000000 0.000000 0.000000 0.000000
2
0.0 1.363532 0.640746 -0.040871
59.0 1.363532 0.640746 -0.040871
2
0.0 -0.000000 0.000000 -0.000000
59.0 -0.000000 0.000000 -0.000000
"Arm_L"
"Shoulder_L"
16 0.000000 0.000000 0.000000 0.000000 0.000000 0.000000
2
0.0 0.345122 -0.088017 -0.004649
59.0 0.345122 -0.088017 -0.004649
60
0.0 -0.321419 -0.052938 -0.691461
1.0 -0.268748 -0.009831 -0.690072
2.0 -0.086611 -0.001781 -0.667627
3.0 0.146052 -0.029576 -0.647778
4.0 0.298059 -0.045646 -0.650467
5.0 0.325553 -0.027208 -0.663614
6.0 0.306891 -0.015422 -0.668984
7.0 0.271128 -0.024965 -0.659518
8.0 0.231854 -0.063904 -0.633062
9.0 0.197156 -0.141799 -0.591291
10.0 0.166317 -0.260459 -0.538418
11.0 0.129215 -0.401132 -0.478742
12.0 0.112253 -0.568791 -0.396982
13.0 0.106161 -0.738439 -0.257369
14.0 0.063769 -0.816965 -0.057055
15.0 0.006999 -0.820541 0.146470
16.0 -0.007675 -0.795686 0.301145
17.0 0.057288 -0.791472 0.357617
18.0 0.179795 -0.827328 0.323837
19.0 0.321368 -0.881393 0.227043
20.0 0.489343 -0.936450 0.069562
21.0 0.678105 -0.966805 -0.145376
22.0 0.695994 -0.910060 -0.352764
23.0 0.203782 -0.672629 -0.464007
24.0 -0.311424 -0.360432 -0.619130
25.0 -0.263863 -0.094326 -0.802867
26.0 -0.091519 0.078645 -0.915604
27.0 0.045345 0.183727 -0.956905
28.0 0.084717 0.225978 -0.938460
29.0 0.088775 0.197092 -0.892597
30.0 0.161604 0.222119 -0.839511
31.0 0.261846 0.230348 -0.797675
32.0 0.363581 0.252074 -0.763211
33.0 0.438902 0.299607 -0.731261
34.0 0.527878 0.393584 -0.679610
35.0 0.641294 0.494822 -0.606423
36.0 0.773288 0.558479 -0.519338
37.0 0.932693 0.573014 -0.399763
38.0 1.069092 0.526687 -0.252273
39.0 1.139102 0.422329 -0.105917
40.0 1.153024 0.267483 0.024637
41.0 1.040838 0.111340 0.085722
42.0 0.816555 -0.013540 0.059698
43.0 0.459738 -0.057745 -0.026621
44.0 0.036829 -0.053561 -0.234705
45.0 -0.156837 -0.100491 -0.476538
46.0 -0.118146 -0.206064 -0.671234
47.0 0.003698 -0.331998 -0.819867
48.0 0.135749 -0.470855 -0.898006
49.0 0.230980 -0.661665 -0.857399
50.0 0.184002 -0.833231 -0.706526
51.0 0.022416 -0.920235 -0.483999
52.0 -0.102532 -0.918223 -0.288656
53.0 -0.107758 -0.861187 -0.202716
54.0 -0.024047 -0.775756 -0.201839
55.0 0.100296 -0.675707 -0.247533
56.0 0.193737 -0.548688 -0.333986
57.0 0.174065 -0.380504 -0.449952
58.00001499999999 0.024370 -0.205099 -0.569574
59.0 -0.179410 -0.081693 -0.661182
"ArmTwist_L"
"Arm_L"
16 0.000000 0.000000 0.000000 0.000000 0.000000 0.000000
2
0.0 0.316499 -0.154325 0.014210
59.0 0.316499 -0.154325 0.014210
2
0.0 -0.000000 0.000000 -0.000000
59.0 0.000000 -0.000000 0.000000
"Elbow_L"
"ArmTwist_L"
16 0.000000 0.000000 0.000000 0.000000 0.000000 0.000000
2
0.0 0.524302 -0.299683 0.007801
59.0 0.524302 -0.299683 0.007801
60
0.0 -0.202344 -0.397878 0.040722
1.0 -0.219545 -0.427402 0.047607
2.0 -0.257515 -0.489430 0.064392
3.0 -0.301362 -0.555589 0.086258
4.0 -0.344222 -0.614650 0.109913
5.0 -0.384576 -0.665370 0.133998
6.0 -0.423059 -0.709577 0.158406
7.0 -0.459556 -0.747987 0.182698
8.0 -0.491193 -0.778710 0.204557
9.0 -0.511885 -0.797586 0.219221
10.0 -0.516082 -0.801303 0.222228
11.0 -0.505087 -0.791484 0.214373
12.0 -0.492264 -0.779706 0.205310
13.0 -0.521422 -0.805977 0.226070
14.0 -0.602919 -0.870407 0.286671
15.0 -0.670097 -0.914862 0.338979
16.0 -0.671873 -0.915945 0.340387
17.0 -0.567917 -0.844266 0.260216
18.0 -0.411667 -0.696898 0.151045
19.0 -0.298143 -0.550933 0.084569
20.0 -0.235419 -0.453862 0.054366
21.0 -0.191191 -0.378274 0.036510
22.0 -0.139488 -0.282954 0.019747
23.0 -0.046258 -0.096395 0.002165
24.0 0.025236 0.052708 0.000665
25.0 -0.089388 -0.184545 0.008171
26.0 -0.148883 -0.300790 0.022444
27.0 -0.142724 -0.289121 0.020657
28.0 -0.080472 -0.166537 0.006621
29.0 0.025237 0.052709 0.000666
30.0 0.025237 0.052706 0.000666
31.0 0.025236 0.052708 0.000665
32.0 0.025237 0.052709 0.000665
33.0 0.025235 0.052708 0.000666
34.0 -0.023814 -0.049751 0.000547
35.0 -0.102085 -0.209961 0.010648
36.0 -0.183209 -0.364030 0.033622
37.0 -0.294279 -0.545300 0.082557
38.0 -0.428356 -0.715357 0.161864
39.0 -0.557411 -0.835982 0.252397
40.0 -0.676368 -0.918661 0.343954
41.0 -0.691850 -0.927801 0.356297
42.0 -0.601998 -0.869748 0.285968
43.0 -0.500790 -0.787579 0.211325
44.0 -0.410761 -0.695874 0.150463
45.0 -0.395569 -0.678401 0.140835
46.0 -0.401197 -0.684946 0.144377
47.0 -0.429494 -0.716589 0.162612
48.0 -0.534697 -0.817346 0.235694
49.0 -0.668418 -0.913836 0.337650
50.0 -0.765027 -0.966731 0.415701
51.0 -0.811399 -0.988123 0.454136
52.0 -0.846571 -1.002849 0.483638
53.0 -0.897212 -1.021989 0.526580
54.0 -0.949602 -1.039473 0.571504
55.0 -0.956100 -1.041490 0.577107
56.0 -0.874767 -1.013793 0.507484
57.0 -0.712673 -0.939573 0.373029
58.00001499999999 -0.522899 -0.807260 0.227135
59.0 -0.353418 -0.626614 0.115256
"HandTwist_L"
"Elbow_L"
16 0.000000 0.000000 0.000000 0.000000 0.000000 0.000000
2
0.0 0.206923 -0.099390 0.001415
59.0 0.206923 -0.099390 0.001415
2
0.0 0.000000 0.000000 0.000000
59.0 -0.000000 -0.000000 0.000000
"Thumb0_L"
"HandTwist_L"
16 0.000000 0.000000 0.000000 0.000000 0.000000 0.000000
2
0.0 0.544087 -0.387610 0.123323
59.0 0.544087 -0.387610 0.123323
2
0.0 -0.000000 -0.000000 0.000000
59.0 0.000000 0.000000 0.000000
"Thumb1_L"
"Thumb0_L"
16 0.000000 0.000000 0.000000 0.000000 0.000000 0.000000
2
0.0 0.089142 -0.060848 0.052517
59.0 0.089142 -0.060848 0.052517
2
0.0 0.000000 -0.000000 -0.000000
59.0 0.000000 -0.000000 -0.000000
"Shoulder_R"
"UpperBody2"
16 0.000000 0.000000 0.000000 0.000000 0.000000 0.000000
2
0.0 -1.378186 0.649215 -0.041568
59.0 -1.378186 0.649215 -0.041568
2
0.0 -0.000000 -0.000000 0.000000
59.0 -0.000000 0.000000 0.000000
"Arm_R"
"Shoulder_R"
16 0.000000 0.000000 0.000000 0.000000 0.000000 0.000000
2
0.0 -0.290504 -0.087987 -0.004808
59.0 -0.290504 -0.087987 -0.004808
60
0.0 -0.940676 -0.383013 0.603004
1.0 -0.986488 -0.331724 0.710634
2.0 -0.931977 -0.279140 0.816749
3.0 -0.795375 -0.248248 0.918401
4.0 -0.593810 -0.257241 1.005465
5.0 -0.343302 -0.316212 1.063557
6.0 -0.058269 -0.421374 1.074766
7.0 0.244288 -0.542054 1.023830
8.0 0.526570 -0.629487 0.930566
9.0 0.729914 -0.667846 0.858693
10.0 0.824209 -0.675196 0.854053
11.0 0.832361 -0.660519 0.910788
12.0 0.799597 -0.629752 0.998330
13.0 0.784385 -0.594328 1.046711
14.0 0.832562 -0.572838 1.004517
15.0 0.955635 -0.553874 0.875087
16.0 1.118394 -0.496540 0.688902
17.0 1.274089 -0.382932 0.487109
18.0 1.372025 -0.241930 0.302876
19.0 1.403432 -0.112147 0.176735
20.0 1.393823 -0.015238 0.136411
21.0 1.332068 0.042852 0.172144
22.0 1.146034 0.051902 0.244510
23.0 0.767263 -0.031598 0.261288
24.0 0.016274 -0.358882 0.324471
25.0 -0.841673 -0.581831 0.723231
26.0 -0.774509 -0.519942 0.812263
27.0 -0.304328 -0.327670 0.724297
28.0 0.121672 -0.019210 0.708157
29.0 0.352525 0.246773 0.790881
30.0 0.547541 0.466964 0.905653
31.0 0.771603 0.636941 1.039117
32.0 1.019330 0.765514 1.192996
33.0 1.203279 0.830141 1.295409
34.0 1.313462 0.862968 1.302074
35.0 1.292543 0.882980 1.176974
36.0 1.095541 0.893451 0.896542
37.0 0.817893 0.856912 0.538345
38.0 0.611238 0.762761 0.194413
39.0 0.510803 0.616664 -0.092466
40.0 0.492772 0.456026 -0.266268
41.0 0.457727 0.303232 -0.327895
42.0 0.333312 0.104587 -0.286294
43.0 0.167769 -0.094466 -0.155981
44.0 -0.270576 -0.318905 0.139086
45.0 -0.753630 -0.369160 0.489182
46.0 -0.997650 -0.281190 0.672976
47.0 -0.904766 -0.095622 0.636029
48.0 -0.426073 0.190478 0.601517
49.0 0.020303 0.362323 0.633031
50.0 0.287966 0.473576 0.613911
51.0 0.440603 0.518614 0.545687
52.0 0.487495 0.488311 0.446919
53.0 0.498013 0.415109 0.326920
54.0 0.492373 0.308488 0.196378
55.0 0.476547 0.177909 0.067220
56.0 0.436157 0.032646 -0.038154
57.0 0.294397 -0.144714 -0.065336
58.00001499999999 -0.077182 -0.349313 0.079435
59.0 -0.639922 -0.432414 0.400816
"ArmTwist_R"
"Arm_R"
16 0.000000 0.000000 0.000000 0.000000 0.000000 0.000000
2
0.0 -0.389362 -0.178467 0.014206
59.0 -0.389362 -0.178467 0.014206
2
0.0 0.000000 -0.000000 0.000000
59.0 0.000000 -0.000000 -0.000000
"Elbow_R"
"ArmTwist_R"
16 0.000000 0.000000 0.000000 0.000000 0.000000 0.000000
2
0.0 -0.451560 -0.275462 0.007387
59.0 -0.451560 -0.275462 0.007387
60
0.0 -1.325318 1.114439 -0.906030
1.0 -1.409116 1.121235 -0.981403
2.0 -1.669531 1.124402 -1.216423
3.0 -1.999080 1.088384 -1.511719
4.0 -2.273295 1.012684 -1.750261
5.0 -2.446027 0.931295 -1.893229
6.0 -2.519572 0.885112 -1.951267
7.0 -2.492961 0.902767 -1.930509
8.0 -2.345239 0.982789 -1.810748
9.0 -2.018745 1.084582 -1.529127
10.0 -1.470654 1.124388 -1.036884
11.0 -0.928625 1.034400 -0.555808
12.0 -0.600634 0.870822 -0.286710
13.0 -0.479797 0.770080 -0.198101
14.0 -0.528361 0.814100 -0.232706
15.0 -0.738918 0.955489 -0.396372
16.0 -1.074334 1.074488 -0.682638
17.0 -1.364652 1.117998 -0.941378
18.0 -1.419074 1.121849 -0.990375
19.0 -1.200738 1.098588 -0.794578
20.0 -0.850273 1.006075 -0.488995
21.0 -0.552741 0.834341 -0.250615
22.0 -0.340050 0.611297 -0.108615
23.0 -0.231439 0.449184 -0.053380
24.0 -0.229985 0.446768 -0.052748
25.0 -0.277945 0.523030 -0.075162
26.0 -0.315841 0.578280 -0.095030
27.0 -0.322926 0.588121 -0.098937
28.0 -0.291440 0.543210 -0.082032
29.0 -0.242230 0.466913 -0.058160
30.0 -0.211009 0.414654 -0.044807
31.0 -0.221669 0.432826 -0.049201
32.0 -0.260936 0.496795 -0.066846
33.0 -0.348558 0.622489 -0.113544
34.0 -0.502540 0.791332 -0.214120
35.0 -0.720738 0.945885 -0.381568
36.0 -0.909068 1.027825 -0.539024
37.0 -0.964194 1.045583 -0.586493
38.0 -0.876015 1.015976 -0.510817
39.0 -0.755072 0.963685 -0.409607
40.0 -0.599240 0.869819 -0.285642
41.0 -0.462952 0.753579 -0.186463
42.0 -0.458418 0.749025 -0.183365
43.0 -0.491434 0.781098 -0.206254
44.0 -0.483145 0.773283 -0.200436
45.0 -0.387698 0.671300 -0.137170
46.0 -0.236243 0.457121 -0.055487
47.0 -0.057116 0.119423 -0.003524
48.0 -0.052917 0.110724 -0.003037
49.0 -0.208597 0.410493 -0.043838
50.0 -0.359090 0.636053 -0.119750
51.0 -0.571461 0.849101 -0.264585
52.0 -0.891225 1.021548 -0.523773
53.0 -1.323752 1.114283 -0.904623
54.0 -1.726357 1.121554 -1.267659
55.0 -1.951269 1.096761 -1.469258
56.0 -1.991213 1.089846 -1.504746
57.0 -1.879549 1.107161 -1.405255
58.00001499999999 -1.664627 1.124588 -1.211998
59.0 -1.442285 1.123123 -1.011297
"HandTwist_R"
"Elbow_R"
16 0.000000 0.000000 0.000000 0.000000 0.000000 0.000000
2
0.0 -0.206923 -0.099390 0.001415
59.0 -0.206923 -0.099390 0.001415
2
0.0 0.000000 -0.000000 -0.000000
59.0 0.000000 0.000000 -0.000000
"Thumb0_R"
"HandTwist_R"
16 0.000000 0.000000 0.000000 0.000000 0.000000 0.000000
2
0.0 -0.607067 -0.387059 0.093626
59.0 -0.607067 -0.387059 0.093626
2
0.0 0.000000 0.000000 0.000000
59.0 0.000000 -0.000000 0.000000
"Thumb1_R"
"Thumb0_R"
16 0.000000 0.000000 0.000000 0.000000 0.000000 0.000000
2
0.0 -0.089143 -0.060848 0.052517
59.0 -0.089143 -0.060848 0.052517
2
0.0 0.000000 0.000000 0.000000
59.0 0.000000 -0.000000 0.000000
"LowerBody"
"Waist"
16 0.000000 0.000000 0.000000 0.000000 0.000000 0.000000
2
0.0 0.000000 0.000000 0.000000
59.0 0.000000 0.000000 0.000000
2
0.0 -0.000000 0.000000 -0.000000
59.0 -0.000000 0.000000 -0.000000
"Leg_L"
"LowerBody"
16 0.000000 0.000000 0.000000 0.000000 0.000000 0.000000
2
0.0 1.050688 -0.121334 -0.016591
59.0 1.050688 -0.121334 -0.016591
60
0.0 -0.173826 -0.252687 0.549714
1.0 -0.151665 -0.226063 0.543985
2.0 -0.134060 -0.202801 0.520490
3.0 -0.122991 -0.175236 0.482146
4.0 -0.120881 -0.136064 0.433714
5.0 -0.129692 -0.079421 0.381481
6.0 -0.149469 -0.001665 0.331815
7.0 -0.173504 0.095358 0.289647
8.0 -0.195935 0.201879 0.257789
9.0 -0.212091 0.307819 0.236675
10.0 -0.217941 0.402910 0.226946
11.0 -0.210689 0.476229 0.229159
12.0 -0.188648 0.516965 0.242902
13.0 -0.149624 0.514519 0.269856
14.0 -0.096127 0.448495 0.315746
15.0 -0.034940 0.328246 0.364353
16.0 0.023722 0.185389 0.412857
17.0 0.064516 0.060014 0.462398
18.0 0.071931 -0.022282 0.503866
19.0 0.052597 -0.077982 0.529487
20.0 0.008169 -0.131738 0.527675
21.0 -0.046253 -0.190664 0.489325
22.0 -0.094901 -0.234435 0.415282
23.0 -0.132756 -0.258555 0.319682
24.0 -0.132749 -0.262391 0.214444
25.0 -0.117663 -0.249454 0.115173
26.0 -0.112988 -0.218101 0.035576
27.0 -0.116094 -0.178971 -0.011306
28.0 -0.124352 -0.137209 -0.024972
29.0 -0.138526 -0.092905 -0.017311
30.0 -0.152128 -0.049100 -0.005072
31.0 -0.176975 -0.025779 0.007763
32.0 -0.221546 -0.036200 0.022051
33.0 -0.244307 -0.082236 0.044075
34.0 -0.232663 -0.149823 0.065656
35.0 -0.195527 -0.227881 0.080641
36.0 -0.152536 -0.307257 0.081667
37.0 -0.103441 -0.347337 0.059340
38.0 -0.053257 -0.334952 0.022558
39.0 -0.009183 -0.292446 -0.010611
40.0 0.025170 -0.230988 -0.038192
41.0 0.048718 -0.157067 -0.065309
42.0 0.059622 -0.080725 -0.092411
43.0 0.059298 -0.012960 -0.119386
44.0 0.046226 0.036181 -0.146671
45.0 0.022890 0.063618 -0.174523
46.0 -0.002709 0.067336 -0.203567
47.0 -0.027123 0.067058 -0.227442
48.0 -0.053807 0.080036 -0.236377
49.0 -0.094341 0.121932 -0.196547
50.0 -0.135940 0.160435 -0.122297
51.0 -0.172364 0.128939 -0.050506
52.0 -0.201622 0.036115 0.018076
53.0 -0.221533 -0.074671 0.097254
54.0 -0.231409 -0.160936 0.190065
55.0 -0.238325 -0.214801 0.286968
56.0 -0.239191 -0.243657 0.374993
57.0 -0.232476 -0.254968 0.448791
58.00001499999999 -0.218231 -0.256095 0.504577
59.0 -0.197912 -0.253582 0.539203
"Knee_L"
"Leg_L"
16 0.000000 0.000000 0.000000 0.000000 0.000000 0.000000
2
0.0 -0.035256 -1.536526 0.001692
59.0 -0.035256 -1.536526 0.001692
60
0.0 0.742874 -0.000000 0.000000
1.0 0.751337 0.000000 -0.000000
2.0 0.782769 0.000000 -0.000000
3.0 0.828423 0.000000 -0.000000
4.0 0.880150 0.000000 0.000000
5.0 0.931503 -0.000000 0.000000
6.0 0.977927 -0.000000 0.000000
7.0 1.016374 -0.000000 -0.000000
8.0 1.045810 0.000000 0.000000
9.0 1.064223 0.000000 0.000000
10.0 1.069284 0.000000 0.000000
11.0 1.058096 0.000000 0.000000
12.0 1.026448 0.000000 0.000000
13.0 0.969811 0.000000 0.000000
14.0 0.891421 0.000000 0.000000
15.0 0.774873 0.000000 -0.000000
16.0 0.632872 -0.000001 -0.000000
17.0 0.496193 0.000000 -0.000000
18.0 0.422058 0.000000 -0.000000
19.0 0.436490 0.000000 -0.000000
20.0 0.550089 0.000000 0.000000
21.0 0.713325 0.000000 -0.000000
22.0 0.854662 0.000000 0.000000
23.0 0.922596 -0.000000 -0.000000
24.0 0.904714 0.000000 0.000000
25.0 0.874111 0.000000 -0.000000
26.0 0.890504 -0.000000 -0.000000
27.0 0.942820 0.000000 0.000000
28.0 1.009948 0.000000 0.000000
29.0 1.070660 0.000000 0.000000
30.0 1.102418 -0.000000 0.000000
31.0 1.099732 -0.000000 0.000000
32.0 1.063971 0.000000 -0.000000
33.0 0.976719 0.000000 0.000000
34.0 0.845678 0.000000 -0.000000
35.0 0.696450 -0.000001 -0.000001
36.0 0.569296 0.000000 0.000000
37.0 0.475281 -0.000000 0.000000
38.0 0.408898 0.000000 -0.000000
39.0 0.349519 0.000000 -0.000000
40.0 0.302631 -0.000000 -0.000000
41.0 0.282742 -0.000000 -0.000000
42.0 0.293437 0.000000 0.000000
43.0 0.330275 -0.000001 -0.000000
44.0 0.394712 0.000000 0.000000
45.0 0.479717 -0.000000 -0.000000
46.0 0.566459 -0.000000 -0.000000
47.0 0.646111 0.000000 -0.000000
48.0 0.717385 -0.000001 -0.000000
49.0 0.786421 -0.000000 -0.000000
50.0 0.838862 -0.000001 -0.000000
51.0 0.869713 0.000000 0.000000
52.0 0.884083 0.000000 -0.000000
53.0 0.880095 0.000000 -0.000000
54.0 0.858504 0.000000 0.000000
55.0 0.837522 0.000000 -0.000000
56.0 0.816231 0.000000 -0.000000
57.0 0.793765 -0.000000 0.000000
58.00001499999999 0.771684 0.000000 -0.000000
59.0 0.753394 0.000000 0.000000
"Leg_R"
"LowerBody"
16 0.000000 0.000000 0.000000 0.000000 0.000000 0.000000
2
0.0 -1.050690 -0.121333 -0.016589
59.0 -1.050690 -0.121333 -0.016589
60
0.0 -0.027809 0.140983 -0.045819
1.0 -0.000225 0.170165 -0.054919
2.0 -0.005282 0.187147 -0.078661
3.0 -0.045601 0.198939 -0.113779
4.0 -0.116916 0.203751 -0.157491
5.0 -0.209030 0.198453 -0.205759
6.0 -0.309771 0.184011 -0.253264
7.0 -0.406659 0.165626 -0.294702
8.0 -0.491714 0.150903 -0.327499
9.0 -0.562352 0.149820 -0.353216
10.0 -0.618796 0.165286 -0.371965
11.0 -0.651937 0.182285 -0.380952
12.0 -0.653155 0.197956 -0.379565
13.0 -0.613096 0.211942 -0.363381
14.0 -0.532758 0.227275 -0.321976
15.0 -0.417699 0.237010 -0.262149
16.0 -0.285307 0.233659 -0.194000
17.0 -0.164502 0.218027 -0.133215
18.0 -0.090446 0.194688 -0.094001
19.0 -0.031401 0.164803 -0.060841
20.0 0.063663 0.130848 -0.033062
21.0 0.086288 0.096615 -0.014954
22.0 0.104061 0.064561 -0.008448
23.0 0.121599 0.035276 -0.008733
24.0 0.141983 0.010829 -0.014129
25.0 0.163858 -0.008558 -0.024298
26.0 0.187130 -0.022657 -0.038737
27.0 0.212014 -0.031331 -0.056727
28.0 0.238162 -0.034954 -0.077707
29.0 0.263760 -0.033162 -0.101688
30.0 0.289222 -0.027061 -0.128185
31.0 0.315057 -0.018259 -0.156799
32.0 0.340636 -0.009456 -0.186658
33.0 0.361894 -0.005289 -0.215528
34.0 0.380184 -0.003322 -0.249972
35.0 0.392611 -0.004465 -0.291349
36.0 0.396365 -0.012048 -0.340030
37.0 0.359181 -0.020160 -0.393171
38.0 0.271934 -0.000148 -0.439282
39.0 0.138975 0.033159 -0.472074
40.0 -0.044541 0.057762 -0.487504
41.0 -0.155641 0.056762 -0.478005
42.0 -0.233993 0.043711 -0.441597
43.0 -0.290851 0.028428 -0.377271
44.0 -0.329644 0.003483 -0.281108
45.0 -0.350968 -0.041379 -0.171654
46.0 -0.365630 -0.114153 -0.064387
47.0 -0.376677 -0.208578 0.022101
48.0 -0.412948 -0.296088 0.066069
49.0 -0.473663 -0.330175 0.076468
50.0 -0.525736 -0.339737 0.063808
51.0 -0.553145 -0.344303 0.032065
52.0 -0.550927 -0.331920 -0.009936
53.0 -0.521476 -0.301614 -0.048333
54.0 -0.473367 -0.259181 -0.067801
55.0 -0.416348 -0.211088 -0.061028
56.0 -0.348445 -0.146587 -0.047823
57.0 -0.266903 -0.069795 -0.043769
58.00001499999999 -0.178038 0.002995 -0.045099
59.0 -0.091595 0.072800 -0.047171
"Knee_R"
"Leg_R"
16 0.000000 0.000000 0.000000 0.000000 0.000000 0.000000
2
0.0 -0.017986 -1.536526 0.001672
59.0 -0.017986 -1.536526 0.001672
60
0.0 0.421005 0.000000 -0.000000
1.0 0.348090 -0.000000 -0.000000
2.0 0.312461 0.000000 0.000000
3.0 0.319627 0.000000 -0.000000
4.0 0.362035 -0.000000 0.000001
5.0 0.422753 0.000000 -0.000000
6.0 0.484179 0.000000 -0.000000
7.0 0.538649 0.000000 -0.000000
8.0 0.583225 0.000000 0.000000
9.0 0.614703 0.000000 -0.000000
10.0 0.628724 0.000000 -0.000000
11.0 0.621158 0.000000 0.000000
12.0 0.590587 -0.000000 -0.000000
13.0 0.536650 0.000000 0.000000
14.0 0.482027 0.000000 -0.000000
15.0 0.408251 0.000000 -0.000000
16.0 0.302875 0.000000 0.000000
17.0 0.180036 -0.000000 0.000000
18.0 0.121337 0.000000 -0.000000
19.0 0.080319 -0.000000 -0.000000
20.0 -0.047763 0.000000 0.000000
21.0 -0.047763 -0.000000 -0.000000
22.0 -0.047762 -0.000000 -0.000000
23.0 -0.047763 -0.000000 -0.000000
24.0 -0.047761 -0.000000 -0.000000
25.0 -0.047762 -0.000000 -0.000000
26.0 -0.047762 -0.000000 -0.000000
27.0 -0.047763 0.000000 -0.000000
28.0 -0.047762 -0.000000 0.000000
29.0 -0.047763 -0.000000 -0.000000
30.0 -0.047762 0.000000 -0.000000
31.0 -0.047762 0.000000 0.000000
32.0 -0.047763 -0.000000 0.000000
33.0 -0.047761 -0.000000 0.000000
34.0 -0.047763 0.000000 0.000000
35.0 -0.047763 -0.000000 0.000000
36.0 -0.047762 -0.000000 0.000000
37.0 0.024247 -0.000000 0.000000
38.0 0.193861 0.000000 0.000000
39.0 0.427295 0.000000 -0.000000
40.0 0.717841 -0.000000 -0.000000
41.0 0.820999 -0.000000 0.000000
42.0 0.841702 0.000000 -0.000000
43.0 0.821882 0.000000 0.000000
44.0 0.774898 -0.000001 -0.000000
45.0 0.707135 -0.000000 -0.000000
46.0 0.652424 0.000000 -0.000000
47.0 0.630253 -0.000000 0.000000
48.0 0.701612 0.000000 0.000000
49.0 0.847879 0.000000 -0.000000
50.0 0.999857 0.000000 -0.000000
51.0 1.121402 0.000000 -0.000000
52.0 1.194740 0.000000 -0.000000
53.0 1.210380 -0.000001 -0.000001
54.0 1.173961 0.000000 -0.000000
55.0 1.101085 0.000000 -0.000000
56.0 0.997349 0.000000 0.000000
57.0 0.862749 0.000000 0.000000
58.00001499999999 0.706533 0.000000 -0.000000
59.0 0.545950 0.000000 -0.000000
