// MilkShape 3D ASCII

Frames: 1
Frame: 1

Meshes: 1
"MaterialGroup.0" 0 0
666
0 0.001115 -1.989007 0.811067 0.887015 0.844000 7
0 -1.233159 -1.024857 1.250961 0.881764 0.839898 7
0 -1.554757 -1.346455 0.811067 0.880396 0.841266 7
0 -1.742502 0.204804 1.250961 0.879597 0.834667 7
0 -2.197309 0.204805 0.811067 0.877663 0.834667 7
0 0.001115 2.398616 0.811067 0.887015 0.825333 7
0 -1.233160 1.434467 1.250961 0.881764 0.829435 7
0 0.001115 1.943810 1.250961 0.887015 0.827268 7
0 -0.729226 0.930531 1.490607 0.883908 0.831579 7
0 -1.029831 0.204804 1.490607 0.882629 0.834667 7
0 -1.554757 1.756064 0.811067 0.880396 0.828067 7
0 0.001115 -1.534200 1.250961 0.887015 0.842065 7
0 -0.729225 -0.520923 1.490607 0.883908 0.837754 7
0 0.001115 1.231137 1.490607 0.887015 0.830300 7
0 -1.940926 2.078961 1.223301 0.888172 0.826424 5
0 -2.197309 0.204805 0.811067 0.894155 0.834667 7
0 -1.554757 1.756064 0.811067 0.894155 0.828067 7
0 -1.940925 -1.795894 1.223301 0.888172 0.838126 5
0 0.001115 -1.989007 0.811067 0.894155 0.829864 7
0 -1.554757 -1.346455 0.811067 0.894155 0.836483 7
0 0.001115 2.881469 1.223301 0.888172 0.829864 5
0 -1.554757 1.756064 0.811067 0.894155 0.836483 7
0 0.001115 2.398616 0.811067 0.894155 0.829864 7
0 -2.743434 0.141533 1.223301 0.888172 0.834667 5
0 -1.554757 -1.346455 0.811067 0.894155 0.841266 7
0 -2.062082 2.120794 0.435615 0.881985 0.825909 4
0 -2.914775 0.062208 0.435615 0.881985 0.834667 4
0 0.001115 -2.598403 1.223301 0.888172 0.829864 5
0 -2.062081 -1.996376 0.435615 0.881985 0.838641 4
0 0.001115 -2.849069 0.435615 0.881985 0.829864 4
0 -1.940926 2.078961 1.223301 0.888172 0.838126 5
0 0.001115 2.973486 0.435615 0.881985 0.829864 4
0 -2.062082 2.120794 0.435615 0.881985 0.838641 4
0 0.001115 0.204804 1.642465 0.887015 0.834667 7
0 0.001115 -0.821528 1.490607 0.887015 0.839033 7
0 -1.940925 -1.795894 1.223301 0.888172 0.842909 5
0 -2.062081 -1.996376 0.435615 0.881985 0.843425 4
0 -1.224677 0.735668 1.469287 0.510438 0.865237 7
0 -0.922413 0.503474 1.623765 0.519083 0.874890 7
0 -0.855377 0.532489 1.517347 0.519775 0.874251 7
0 -1.224677 -0.059445 1.469287 0.510438 0.900512 7
0 -1.550761 0.172750 1.538742 0.501793 0.890859 7
0 -1.593977 0.143735 1.417404 0.501101 0.891498 7
0 -0.922413 0.172750 1.623765 0.519083 0.890859 7
0 -1.236587 -0.000101 1.584683 0.510438 0.899205 7
0 -0.855377 0.143735 1.517347 0.519775 0.891498 7
0 -1.550761 0.503474 1.538742 0.501793 0.874890 7
0 -1.593977 0.532489 1.417404 0.501101 0.874251 7
0 -1.236587 0.676324 1.584683 0.510438 0.866543 7
0 -1.236587 0.338112 1.643389 0.506711 0.886317 7
0 -1.236587 0.338112 1.643389 0.510438 0.875834 7
0 -1.236587 0.338112 1.643389 0.510438 0.889915 7
0 -1.236587 0.338112 1.643389 0.514165 0.879432 7
0 -1.236587 0.338112 1.643389 0.506711 0.879432 7
0 -1.236587 0.338112 1.643389 0.514165 0.886317 7
0 -0.311169 0.343126 0.420854 0.505952 0.879963 19
0 -0.209989 -0.714917 0.404064 0.512709 0.882867 18
0 -0.883838 -0.107730 0.433081 0.507767 0.878414 18
0 -0.493132 -0.078678 0.419859 0.504618 0.883056 19
0 0.278654 -0.330138 0.413920 0.510278 0.884901 19
0 -0.241552 -0.093865 0.421535 0.504261 0.886769 21
0 0.297396 -0.220375 0.419652 0.509543 0.888269 21
0 0.278654 -0.330138 -0.312551 0.504137 0.885473 19
0 0.278654 -0.330138 0.413920 0.509465 0.885473 19
0 -0.209989 -0.714917 -0.272799 0.512709 0.882867 18
0 -0.521771 0.079162 -0.292076 0.510422 0.877043 18
0 -0.022221 -0.611488 -0.304023 0.514086 0.882108 18
0 -0.311169 0.343126 -0.319485 0.504086 0.880535 19
0 -0.493132 -0.078678 0.419859 0.509508 0.883628 19
0 -0.311169 0.343126 0.420854 0.509515 0.880535 19
0 -0.493132 -0.078678 -0.318490 0.504093 0.883628 19
0 -0.241552 -0.093865 0.421535 0.509557 0.887341 21
0 -0.883838 -0.107730 -0.301816 0.504106 0.884798 18
0 -0.311169 0.343126 0.420854 0.509515 0.886612 19
0 -0.883838 -0.107730 0.433081 0.509495 0.884798 18
0 0.297396 -0.220375 0.419652 0.509543 0.884351 21
0 -0.151500 -0.282802 0.245047 0.508263 0.887643 21
0 0.134390 -0.349910 0.244048 0.508256 0.885546 21
0 -0.521771 0.079162 0.423342 0.510422 0.877043 18
0 -0.521771 0.079162 -0.292076 0.504177 0.882142 18
0 -0.311169 0.343126 -0.319485 0.505952 0.879963 19
0 -0.883838 -0.107730 -0.301816 0.507767 0.878414 18
0 0.278654 -0.330138 -0.312551 0.510278 0.884901 19
0 -0.493132 -0.078678 -0.318490 0.504618 0.883056 19
0 -0.241552 -0.093865 -0.330215 0.504261 0.886769 21
0 0.278654 -0.330138 0.413920 0.509465 0.882287 19
0 -0.209989 -0.714917 -0.272799 0.504319 0.879856 18
0 -0.209989 -0.714917 0.404064 0.509283 0.879856 18
0 -0.022221 -0.611488 -0.304023 0.504090 0.878479 18
0 -0.022221 -0.611488 0.435289 0.509512 0.878479 18
0 0.134390 -0.349910 -0.152728 0.505346 0.885546 21
0 0.297396 -0.220375 -0.328332 0.504058 0.884351 21
0 -0.151500 -0.282802 -0.153727 0.505338 0.887643 21
0 -0.241552 -0.093865 -0.330215 0.504044 0.888303 21
0 -0.241552 -0.093865 -0.330215 0.504044 0.887341 21
0 -0.151500 -0.282802 0.245047 0.508263 0.888727 21
0 0.319222 -0.426869 0.362248 0.508976 0.875975 18
0 -0.081622 0.127314 -0.221396 0.513650 0.876690 18
0 0.319222 -0.426869 -0.230983 0.516590 0.880754 18
0 -0.022221 -0.611488 0.435289 0.514086 0.882108 18
0 -0.081622 0.127314 0.352661 0.513650 0.876690 18
0 -0.521771 0.079162 0.423342 0.509424 0.882142 18
0 -0.081622 0.127314 -0.221396 0.504696 0.878915 18
0 -1.233159 -1.346877 -2.523995 0.881764 0.839898 24
0 0.001115 -2.311028 -2.084101 0.887015 0.844000 24
0 -1.554756 -1.668475 -2.084101 0.880396 0.841266 24
0 -1.742501 -0.117216 -2.523995 0.879597 0.834667 24
0 -2.197309 -0.117215 -2.084101 0.877663 0.834667 24
0 0.001115 2.076596 -2.084101 0.887015 0.825333 24
0 -1.233159 1.112447 -2.523995 0.881764 0.829435 24
0 -1.554757 1.434044 -2.084101 0.880396 0.828067 24
0 -0.729225 0.608511 -2.763641 0.883908 0.831579 24
0 -1.029831 -0.117216 -2.763641 0.882629 0.834667 24
0 -0.729225 -0.842943 -2.763641 0.883908 0.837754 24
0 0.001115 -1.856220 -2.523995 0.887015 0.842065 24
0 0.001115 1.621790 -2.523995 0.887015 0.827268 24
0 -1.940925 1.820212 -0.677665 0.876304 0.826424 24
0 -2.197309 -0.117215 -2.084101 0.870320 0.834667 24
0 -2.743434 -0.117216 -0.677665 0.876304 0.834667 24
0 -1.554756 -1.668475 -2.084101 0.870320 0.836483 24
0 0.001115 -2.857152 -0.677665 0.876304 0.829864 24
0 -1.940925 -2.054643 -0.677665 0.876304 0.838126 24
0 0.001115 2.622721 -0.677665 0.876304 0.829864 24
0 -1.554757 1.434044 -2.084101 0.870320 0.836483 24
0 -1.940925 1.820212 -0.677665 0.876304 0.838126 24
0 -1.940925 -2.054643 -0.677665 0.876304 0.842909 24
0 0.001115 0.909117 -2.763641 0.887015 0.830300 24
0 0.001115 -0.117216 -2.915499 0.887015 0.834667 24
0 0.001115 -1.143549 -2.763641 0.887015 0.839033 24
0 -2.114280 -1.799984 0.054524 0.505855 0.880146 4
0 -1.771906 -2.684492 0.058736 0.508366 0.886632 4
0 -2.361729 -2.011228 0.051803 0.504040 0.881695 4
0 -2.114280 -1.799984 0.054524 0.505381 0.886137 4
0 -2.361729 -2.011228 0.792141 0.510791 0.887952 4
0 -2.114280 -1.799984 0.789420 0.510771 0.886137 4
0 -2.543693 -2.433031 0.052797 0.505369 0.884788 4
0 -2.592306 -2.939330 0.797846 0.510832 0.888501 4
0 -2.543693 -2.433031 0.791146 0.510783 0.884788 4
0 -1.752213 -1.613093 0.064263 0.505453 0.883482 4
0 -2.053359 -3.065840 0.795964 0.510819 0.885691 4
0 -2.502255 -3.128267 0.621358 0.509538 0.888983 4
0 -2.216365 -3.195375 0.620360 0.509531 0.886886 4
0 -1.440431 -2.407171 0.760403 0.510797 0.884598 4
0 -1.752213 -1.613093 0.779681 0.508510 0.878775 4
0 -2.114280 -1.799984 0.789420 0.505855 0.880146 4
0 -2.053359 -3.065840 0.047980 0.505333 0.889429 4
0 -1.771906 -2.684492 0.785207 0.510740 0.886632 4
0 -2.053359 -3.065840 0.795964 0.510819 0.889429 4
0 -2.361729 -2.011228 0.792141 0.504040 0.881695 4
0 -2.543693 -2.433031 0.791146 0.502706 0.884788 4
0 -1.771906 -2.684492 0.785207 0.508366 0.886632 4
0 -1.440431 -2.407171 0.083541 0.510797 0.884598 4
0 -1.752213 -1.613093 0.064263 0.508510 0.878775 4
0 -1.252663 -2.303742 0.052316 0.512174 0.883840 4
0 -2.053359 -3.065840 0.795964 0.506302 0.889429 4
0 -2.361729 -2.011228 0.051803 0.505361 0.881695 4
0 -2.361729 -2.011228 0.792141 0.510791 0.881695 4
0 -0.057646 -0.701911 -0.318008 0.512709 0.882867 28
0 -0.338912 0.266879 -0.301234 0.505952 0.879963 29
0 -0.731495 -0.094724 -0.347025 0.507767 0.878414 28
0 0.250911 -0.406385 -0.294301 0.510278 0.884901 29
0 -0.520876 -0.154925 -0.300239 0.504618 0.883056 29
0 -0.239628 -0.107215 -0.310694 0.504261 0.886769 30
0 0.250911 -0.406385 -0.294301 0.505355 0.885930 29
0 0.299321 -0.233725 0.439173 0.510761 0.888727 30
0 0.299321 -0.233725 -0.308812 0.505276 0.888727 30
0 -0.057646 -0.701911 0.358854 0.512709 0.882867 28
0 -0.369427 0.092168 0.378132 0.510422 0.877043 28
0 -0.731495 -0.094724 0.387871 0.507767 0.878414 28
0 -0.520876 -0.154925 -0.300239 0.505311 0.884086 29
0 -0.338912 0.266879 0.439104 0.510733 0.880993 29
0 -0.338912 0.266879 -0.301234 0.505304 0.880993 29
0 -0.239628 -0.107215 0.441055 0.510775 0.887799 30
0 -0.520876 -0.154925 0.438109 0.510726 0.884086 29
0 -0.338912 0.266879 -0.301234 0.505304 0.887070 29
0 -0.731495 -0.094724 0.387871 0.510713 0.885255 28
0 -0.731495 -0.094724 -0.347025 0.505324 0.885255 28
0 0.299321 -0.233725 -0.308812 0.505276 0.884809 30
0 -0.149576 -0.296151 -0.134206 0.506556 0.888101 30
0 -0.239628 -0.107215 -0.310694 0.505262 0.888761 30
0 -0.369427 0.092168 -0.337286 0.510422 0.877043 28
0 -0.369427 0.092168 0.378132 0.510642 0.882600 28
0 -0.338912 0.266879 0.439104 0.505952 0.879963 29
0 -0.520876 -0.154925 0.438109 0.504618 0.883056 29
0 0.250911 -0.406385 0.432171 0.510278 0.884901 29
0 -0.239628 -0.107215 0.441055 0.504261 0.886769 30
0 0.250911 -0.406385 -0.294301 0.505355 0.882745 29
0 -0.057646 -0.701911 0.358854 0.510501 0.880314 28
0 0.250911 -0.406385 0.432171 0.510682 0.882745 29
0 0.130122 -0.598482 -0.349233 0.505308 0.878937 28
0 0.130122 -0.598482 0.390079 0.510730 0.878937 28
0 -0.057646 -0.701911 -0.318008 0.505537 0.880314 28
0 0.136315 -0.363259 0.263568 0.509474 0.886004 30
0 -0.149576 -0.296151 0.264567 0.509481 0.888101 30
0 0.299321 -0.233725 0.439173 0.510761 0.884809 30
0 -0.239628 -0.107215 0.441055 0.510775 0.888761 30
0 -0.149576 -0.296151 -0.134206 0.506556 0.889185 30
0 -0.239628 -0.107215 -0.310694 0.505262 0.887799 30
0 0.136315 -0.363259 -0.133207 0.506564 0.886004 30
0 0.471565 -0.413863 -0.276192 0.505843 0.876433 28
0 0.471565 -0.413863 0.317038 0.510194 0.876433 28
0 0.130122 -0.598482 0.390079 0.514086 0.882108 28
0 0.070722 0.140320 0.307451 0.513650 0.876690 28
0 0.070722 0.140320 -0.266606 0.513650 0.876690 28
0 0.130122 -0.598482 -0.349233 0.514086 0.882108 28
0 0.070722 0.140320 -0.266606 0.505914 0.879372 28
0 -0.369427 0.092168 -0.337286 0.505395 0.882600 28
0 -2.543693 -2.433031 0.052797 0.502706 0.884788 4
0 -2.053359 -3.065840 0.047980 0.506302 0.889429 4
0 -2.592306 -2.939330 0.046097 0.502350 0.888501 4
0 -1.771906 -2.684492 0.058736 0.505412 0.883627 4
0 -1.440431 -2.407171 0.760403 0.510558 0.881196 4
0 -1.771906 -2.684492 0.785207 0.510740 0.883627 4
0 -1.440431 -2.407171 0.083541 0.505594 0.881196 4
0 -1.252663 -2.303742 0.052316 0.505365 0.879819 4
0 -1.252663 -2.303742 0.791628 0.510787 0.879819 4
0 -2.502255 -3.128267 0.222585 0.506614 0.888983 4
0 -2.053359 -3.065840 0.047980 0.505333 0.885691 4
0 -2.592306 -2.939330 0.046097 0.505319 0.889643 4
0 -2.592306 -2.939330 0.046097 0.505319 0.888501 4
0 -2.502255 -3.128267 0.621358 0.509538 0.889887 4
0 -2.216365 -3.195375 0.223584 0.506621 0.886886 4
0 -0.911221 -2.119124 0.125357 0.505901 0.877315 4
0 -1.312064 -1.564941 0.134943 0.511738 0.878422 4
0 -0.911221 -2.119124 0.125357 0.514678 0.882486 4
0 -1.252663 -2.303742 0.791628 0.512174 0.883840 4
0 -1.312064 -1.564941 0.709001 0.511738 0.878422 4
0 -1.312064 -1.564941 0.709001 0.510181 0.880254 4
0 -1.312064 -1.564941 0.134943 0.505971 0.880254 4
0 -0.372527 -0.552117 1.646584 0.509084 0.885985 7
0 -0.578543 -0.338623 1.613666 0.505967 0.882755 7
0 -0.679793 -0.456207 1.615823 0.504436 0.884534 7
0 -0.780710 -0.210644 1.564720 0.502909 0.880819 7
0 0.001115 -0.351916 1.651776 0.514736 0.882957 7
0 -0.180348 -0.346686 1.650200 0.511991 0.882877 7
0 -0.067450 -0.452205 1.646554 0.513699 0.884474 7
0 0.001115 -0.158454 1.644036 0.514736 0.880030 7
0 -0.093547 -0.215394 1.647298 0.513304 0.880891 7
0 -0.372527 -0.552117 1.402845 0.509084 0.885985 7
0 -0.578543 -0.338623 1.397886 0.505967 0.882755 7
0 -0.379634 -0.410637 1.399195 0.508976 0.883845 7
0 -0.780710 -0.210644 1.367363 0.502909 0.880819 7
0 -0.679793 -0.456207 1.394373 0.504436 0.884534 7
0 0.001115 -0.351853 1.397674 0.514736 0.882956 7
0 -0.180348 -0.346686 1.399230 0.511991 0.882877 7
0 -0.093322 -0.215301 1.402022 0.513307 0.880890 7
0 -0.067450 -0.452205 1.402875 0.513699 0.884474 7
0 0.001115 -0.158202 1.407625 0.514736 0.880026 7
0 -0.780710 -0.210644 1.564720 0.510154 0.880819 7
0 -0.680010 -0.100729 1.379358 0.507350 0.879157 7
0 -0.780710 -0.210644 1.367363 0.507168 0.880819 7
0 -0.379634 -0.410637 1.650224 0.511447 0.883944 7
0 -0.180348 -0.346686 1.399230 0.507650 0.880929 7
0 -0.379634 -0.410637 1.399195 0.507650 0.883944 7
0 -0.679793 -0.456207 1.394373 0.507577 0.884534 7
0 -0.679793 -0.456207 1.615823 0.510927 0.884534 7
0 -0.680010 -0.100729 1.583903 0.510444 0.879157 7
0 -0.578543 -0.338623 1.397886 0.507630 0.882755 7
0 -0.093547 -0.215394 1.647298 0.511403 0.879616 7
0 0.001115 -0.158202 1.407625 0.507777 0.878184 7
0 -0.093322 -0.215301 1.402022 0.507693 0.879613 7
0 -0.067450 -0.452205 1.646554 0.511392 0.879221 7
0 -0.372527 -0.552117 1.402845 0.507705 0.883836 7
0 -0.067450 -0.452205 1.402875 0.507705 0.879221 7
0 -0.578543 -0.338623 1.613666 0.510894 0.886953 7
0 -0.578543 -0.338623 1.397886 0.507630 0.886953 7
0 -0.679793 -0.456207 1.615823 0.510927 0.888484 7
0 -0.372527 -0.552117 1.646584 0.511392 0.883836 7
0 -0.093547 -0.215394 1.647298 0.511403 0.880891 7
0 -0.180348 -0.346686 1.399230 0.507650 0.882877 7
0 -0.180348 -0.346686 1.650200 0.511447 0.882877 7
0 0.001115 -0.351916 1.651776 0.511471 0.882957 7
0 -0.067450 -0.452205 1.402875 0.507705 0.884474 7
0 0.001115 -0.351853 1.397674 0.507627 0.882956 7
0 -0.934703 0.185488 1.302559 0.519775 0.891498 7
0 -0.934703 0.490736 1.302559 0.519775 0.874251 7
0 -1.514649 0.185488 1.224084 0.501101 0.891498 7
0 -1.224676 0.650271 1.264822 0.510438 0.865237 7
0 -1.514649 0.490736 1.224084 0.501101 0.874251 7
0 -1.224676 0.025952 1.264822 0.510438 0.900512 7
0 -4.021286 1.646686 -0.677387 0.514794 0.142776 4
0 -2.057088 3.193202 -0.908774 0.525081 0.118685 4
0 -1.801890 2.956873 -0.112171 0.525152 0.139098 4
0 -2.055976 3.095113 -0.041353 0.524108 0.140070 4
0 -2.297544 3.348019 -0.822434 0.524035 0.119112 4
0 -2.935827 3.372586 -1.633798 0.521564 0.092308 4
0 -3.457551 2.952518 -2.441444 0.518622 0.069549 4
0 -3.694693 3.103786 -2.369287 0.517418 0.068673 4
0 -1.858988 2.789140 0.638603 0.523086 0.165504 4
0 -1.630838 2.706670 0.492165 0.524134 0.163905 4
0 -4.331191 2.497278 -2.387300 0.512770 0.075060 4
0 -4.465928 2.352208 -2.156196 0.512371 0.087586 4
0 -3.712649 1.663111 0.041216 0.513050 0.156995 4
0 -4.342734 1.915321 -1.629257 0.514871 0.116188 4
0 -4.578385 2.058463 -1.563504 0.513605 0.116534 4
0 -3.492563 1.503494 -0.055237 0.514367 0.155598 4
0 -4.204947 1.793112 -0.575331 0.513604 0.143741 4
0 -2.696032 3.218101 -1.719689 0.522658 0.092575 4
0 -4.003928 2.847237 -2.564919 0.515416 0.065117 4
0 -4.204665 2.412220 -2.433744 0.513467 0.075435 4
0 -4.213968 2.213042 -2.201502 0.513691 0.087972 4
0 -3.871359 2.765374 -2.610293 0.516082 0.065630 4
0 -2.706581 1.317832 0.739734 0.513847 0.167411 4
0 -1.932362 1.335192 1.515816 0.512244 0.180851 4
0 -2.955606 1.488367 0.833100 0.512647 0.168923 4
0 -1.385539 2.137780 1.049800 0.522652 0.175124 4
0 -1.728966 1.227145 1.439300 0.513326 0.179224 4
0 -1.620689 2.248981 1.175754 0.521678 0.176800 4
0 -1.373859 1.748996 1.386660 0.520269 0.188095 4
0 -1.171755 1.603207 1.642280 0.521170 0.186344 4
0 1.235389 -1.024857 1.250961 0.881764 0.839898 7
0 1.556986 -1.346455 0.811067 0.880396 0.841266 7
0 1.744731 0.204804 1.250961 0.879597 0.834667 7
0 2.199539 0.204805 0.811067 0.877663 0.834667 7
0 1.235389 1.434467 1.250961 0.881764 0.829435 7
0 1.556987 1.756064 0.811067 0.880396 0.828067 7
0 0.731455 0.930531 1.490607 0.883908 0.831579 7
0 1.032061 0.204804 1.490607 0.882629 0.834667 7
0 0.731455 -0.520923 1.490607 0.883908 0.837754 7
0 1.943155 2.078961 1.223301 0.888172 0.826424 5
0 2.199539 0.204805 0.811067 0.894155 0.834667 7
0 2.745664 0.141533 1.223301 0.888172 0.834667 5
0 1.943155 -1.795894 1.223301 0.888172 0.838126 5
0 1.556987 1.756064 0.811067 0.894155 0.836483 7
0 1.943155 2.078961 1.223301 0.888172 0.838126 5
0 1.556986 -1.346455 0.811067 0.894155 0.841266 7
0 1.943155 -1.795894 1.223301 0.888172 0.842909 5
0 2.064312 2.120794 0.435615 0.881985 0.825909 4
0 2.064311 -1.996376 0.435615 0.881985 0.838641 4
0 2.917005 0.062208 0.435615 0.881985 0.834667 4
0 0.924642 0.503474 1.623765 0.519083 0.874890 7
0 1.226906 0.735668 1.469287 0.510438 0.865237 7
0 0.857606 0.532489 1.517347 0.519775 0.874251 7
0 1.552991 0.172750 1.538742 0.501793 0.890859 7
0 1.226906 -0.059445 1.469287 0.510438 0.900512 7
0 1.596206 0.143735 1.417404 0.501101 0.891498 7
0 0.924642 0.172750 1.623765 0.519083 0.890859 7
0 0.857606 0.143735 1.517347 0.519775 0.891498 7
0 1.552991 0.503474 1.538742 0.501793 0.874890 7
0 1.596206 0.532489 1.417404 0.501101 0.874251 7
0 1.238817 0.338112 1.643389 0.506711 0.886317 7
0 1.238817 -0.000101 1.584683 0.510438 0.899205 7
0 1.238817 0.676324 1.584683 0.510438 0.866543 7
0 1.238817 0.338112 1.643389 0.510438 0.875834 7
0 1.238817 0.338112 1.643389 0.510438 0.889915 7
0 1.238817 0.338112 1.643389 0.514165 0.879432 7
0 1.238817 0.338112 1.643389 0.506711 0.879432 7
0 1.238817 0.338112 1.643389 0.514165 0.886317 7
0 0.212219 -0.714919 0.404065 0.512709 0.882867 10
0 0.313319 0.343048 0.420855 0.505952 0.879963 11
0 0.886068 -0.107731 0.433082 0.507767 0.878414 10
0 -0.276504 -0.330215 0.413921 0.510278 0.884901 11
0 0.495283 -0.078755 0.419860 0.504618 0.883056 11
0 0.264131 -0.087270 0.421536 0.504261 0.886769 13
0 -0.274817 -0.213780 0.419654 0.509543 0.888269 13
0 -0.276504 -0.330216 -0.312550 0.504137 0.885473 11
0 -0.274817 -0.213780 -0.328331 0.504058 0.888269 13
0 0.212219 -0.714919 -0.272798 0.512709 0.882867 10
0 0.524000 0.079160 -0.292075 0.510422 0.877043 10
0 0.886068 -0.107731 -0.301815 0.507767 0.878414 10
0 0.495283 -0.078755 0.419860 0.509508 0.883628 11
0 0.313319 0.343048 -0.319484 0.504086 0.880535 11
0 0.313319 0.343048 0.420855 0.509515 0.880535 11
0 0.264131 -0.087270 0.421536 0.509557 0.887341 13
0 0.495283 -0.078755 -0.318489 0.504093 0.883628 11
0 0.313319 0.343048 0.420855 0.509515 0.886612 11
0 0.886068 -0.107731 -0.301815 0.504106 0.884798 10
0 0.886068 -0.107731 0.433082 0.509495 0.884798 10
0 -0.274817 -0.213780 0.419654 0.509543 0.884351 13
0 0.174079 -0.276206 0.245048 0.508263 0.887643 13
0 0.264131 -0.087270 0.421536 0.509557 0.888303 13
0 0.524000 0.079160 0.423342 0.510422 0.877043 10
0 0.524000 0.079160 -0.292075 0.504177 0.882142 10
0 0.313319 0.343048 -0.319484 0.505952 0.879963 11
0 0.495283 -0.078755 -0.318489 0.504618 0.883056 11
0 -0.276504 -0.330216 -0.312550 0.510278 0.884901 11
0 0.264131 -0.087270 -0.330213 0.504261 0.886769 13
0 -0.276504 -0.330215 0.413921 0.509465 0.882287 11
0 0.212219 -0.714919 -0.272798 0.504319 0.879856 10
0 -0.276504 -0.330216 -0.312550 0.504137 0.882287 11
0 0.024450 -0.611489 0.435290 0.509512 0.878479 10
0 0.024451 -0.611489 -0.304023 0.504090 0.878479 10
0 0.212219 -0.714919 0.404065 0.509283 0.879856 10
0 -0.111811 -0.343314 -0.152726 0.505346 0.885546 13
0 0.174079 -0.276206 -0.153725 0.505338 0.887643 13
0 -0.274817 -0.213780 -0.328331 0.504058 0.884351 13
0 0.264131 -0.087270 -0.330213 0.504044 0.888303 13
0 0.174079 -0.276206 0.245048 0.508263 0.888727 13
0 0.264131 -0.087270 -0.330213 0.504044 0.887341 13
0 -0.316992 -0.426871 0.362249 0.508976 0.875975 10
0 -0.316992 -0.426871 -0.230982 0.504625 0.875975 10
0 0.024451 -0.611489 -0.304023 0.514086 0.882108 10
0 0.083851 0.127312 -0.221395 0.513650 0.876690 10
0 0.083851 0.127312 0.352662 0.513650 0.876690 10
0 0.024450 -0.611489 0.435290 0.514086 0.882108 10
0 0.083851 0.127312 0.352662 0.508906 0.878915 10
0 0.524000 0.079160 0.423342 0.509424 0.882142 10
0 1.235389 -1.346877 -2.523995 0.881764 0.839898 24
0 1.556987 -1.668475 -2.084101 0.880396 0.841266 24
0 1.744732 -0.117216 -2.523995 0.879597 0.834667 24
0 2.199539 -0.117215 -2.084101 0.877663 0.834667 24
0 1.235390 1.112447 -2.523995 0.881764 0.829435 24
0 0.731456 0.608511 -2.763641 0.883908 0.831579 24
0 1.032061 -0.117216 -2.763641 0.882629 0.834667 24
0 1.556987 1.434044 -2.084101 0.880396 0.828067 24
0 0.731455 -0.842943 -2.763641 0.883908 0.837754 24
0 2.745664 -0.117216 -0.677665 0.876304 0.834667 24
0 1.556987 1.434044 -2.084101 0.870320 0.828067 24
0 1.943156 1.820212 -0.677665 0.876304 0.826424 24
0 1.556987 -1.668475 -2.084101 0.870320 0.836483 24
0 1.943155 -2.054643 -0.677665 0.876304 0.838126 24
0 1.556987 1.434044 -2.084101 0.870320 0.836483 24
0 0.001115 2.076596 -2.084101 0.870320 0.829864 24
0 1.943155 -2.054643 -0.677665 0.876304 0.842909 24
0 2.199539 -0.117215 -2.084101 0.870320 0.834667 24
0 2.064312 2.120794 0.435615 0.881985 0.838641 4
0 1.943156 1.820212 -0.677665 0.876304 0.838126 24
0 2.064311 -1.996376 0.435615 0.881985 0.843425 4
0 2.116510 -1.799984 0.054524 0.505855 0.880146 4
0 1.774136 -2.684492 0.058737 0.508366 0.886632 4
0 1.442661 -2.407171 0.083541 0.510797 0.884598 4
0 2.363959 -2.011228 0.792141 0.510791 0.887952 4
0 2.116510 -1.799984 0.054524 0.505381 0.886137 4
0 2.116510 -1.799984 0.789420 0.510771 0.886137 4
0 2.594537 -2.939330 0.797847 0.510832 0.888501 4
0 2.545923 -2.433031 0.052798 0.505369 0.884788 4
0 2.545923 -2.433031 0.791147 0.510783 0.884788 4
0 1.754443 -1.613093 0.779681 0.510699 0.883482 4
0 2.055589 -3.065840 0.795964 0.510819 0.885691 4
0 2.504485 -3.128267 0.621359 0.509538 0.888983 4
0 2.594537 -2.939330 0.797847 0.510832 0.889643 4
0 1.754443 -1.613093 0.779681 0.508510 0.878775 4
0 1.442661 -2.407171 0.760403 0.510797 0.884598 4
0 2.116510 -1.799984 0.789420 0.505855 0.880146 4
0 2.055589 -3.065840 0.795964 0.510819 0.889429 4
0 1.774136 -2.684492 0.058737 0.505412 0.886632 4
0 2.055589 -3.065840 0.047980 0.505333 0.889429 4
0 2.363959 -2.011228 0.792141 0.504040 0.881695 4
0 1.774136 -2.684492 0.785208 0.508366 0.886632 4
0 2.545923 -2.433031 0.791147 0.502706 0.884788 4
0 1.754443 -1.613093 0.064263 0.508510 0.878775 4
0 2.055589 -3.065840 0.795964 0.506302 0.889429 4
0 2.594537 -2.939330 0.797847 0.502350 0.888501 4
0 2.363959 -2.011228 0.792141 0.510791 0.881695 4
0 2.363959 -2.011228 0.051803 0.505361 0.881695 4
0 0.731499 -0.094724 -0.347024 0.507767 0.878414 25
0 -0.218824 -0.407838 -0.300807 0.510278 0.884901 26
0 0.057650 -0.701911 -0.318007 0.512709 0.882867 25
0 0.370999 0.265426 -0.307741 0.505952 0.879963 26
0 0.552963 -0.156378 -0.306746 0.504618 0.883056 26
0 0.319952 -0.107013 -0.310701 0.504261 0.886769 27
0 -0.218996 -0.233523 -0.308819 0.505276 0.888727 27
0 -0.218824 -0.407838 0.425664 0.510682 0.885930 26
0 -0.218824 -0.407838 -0.300807 0.505355 0.885930 26
0 0.057650 -0.701911 0.358856 0.512709 0.882867 25
0 0.369432 0.092167 0.378133 0.510422 0.877043 25
0 -0.130118 -0.598482 0.390080 0.514086 0.882108 25
0 0.370999 0.265426 0.432598 0.510733 0.880993 26
0 0.552963 -0.156378 -0.306746 0.505311 0.884086 26
0 0.370999 0.265426 -0.307741 0.505304 0.880993 26
0 0.552963 -0.156378 0.431603 0.510726 0.884086 26
0 0.319952 -0.107013 -0.310701 0.505262 0.887799 27
0 0.731499 -0.094724 0.387873 0.510713 0.885255 25
0 0.370999 0.265426 -0.307741 0.505304 0.887070 26
0 0.731499 -0.094724 -0.347024 0.505324 0.885255 25
0 -0.218996 -0.233523 -0.308819 0.505276 0.884809 27
0 0.229900 -0.295949 -0.134213 0.506556 0.888101 27
0 -0.055990 -0.363057 -0.133214 0.506564 0.886004 27
0 0.369432 0.092167 -0.337285 0.510422 0.877043 25
0 0.369432 0.092167 -0.337285 0.505395 0.882600 25
0 0.369432 0.092167 0.378133 0.510642 0.882600 25
0 0.731499 -0.094724 0.387873 0.507767 0.878414 25
0 -0.218824 -0.407838 0.425664 0.510278 0.884901 26
0 0.370999 0.265426 0.432598 0.505952 0.879963 26
0 0.552963 -0.156378 0.431603 0.504618 0.883056 26
0 0.319952 -0.107013 0.441048 0.504261 0.886769 27
0 -0.218824 -0.407838 -0.300807 0.505355 0.882745 26
0 0.057650 -0.701911 0.358856 0.510501 0.880314 25
0 0.057650 -0.701911 -0.318007 0.505537 0.880314 25
0 -0.130118 -0.598482 0.390080 0.510730 0.878937 25
0 -0.130118 -0.598482 -0.349232 0.505308 0.878937 25
0 -0.055990 -0.363057 0.263561 0.509474 0.886004 27
0 -0.218996 -0.233523 0.439166 0.510761 0.884809 27
0 0.229900 -0.295949 0.264560 0.509481 0.888101 27
0 0.319952 -0.107013 0.441048 0.510775 0.888761 27
0 0.319952 -0.107013 0.441048 0.510775 0.887799 27
0 0.229900 -0.295949 -0.134213 0.506556 0.889185 27
0 -0.471561 -0.413864 -0.276191 0.505843 0.876433 25
0 -0.070717 0.140319 0.307453 0.513650 0.876690 25
0 -0.471561 -0.413864 0.317040 0.516590 0.880754 25
0 -0.130118 -0.598482 -0.349232 0.514086 0.882108 25
0 -0.070717 0.140319 -0.266604 0.513650 0.876690 25
0 -0.070717 0.140319 0.307453 0.510124 0.879372 25
0 2.363959 -2.011228 0.051803 0.504040 0.881695 4
0 2.545923 -2.433031 0.052798 0.502706 0.884788 4
0 2.055589 -3.065840 0.047980 0.506302 0.889429 4
0 1.442661 -2.407171 0.760403 0.510558 0.881196 4
0 1.774136 -2.684492 0.058737 0.505412 0.883627 4
0 1.774136 -2.684492 0.785208 0.510740 0.883627 4
0 1.442661 -2.407171 0.083541 0.505594 0.881196 4
0 1.254893 -2.303742 0.791628 0.510787 0.879819 4
0 1.254893 -2.303742 0.052316 0.505365 0.879819 4
0 2.218595 -3.195375 0.620360 0.509531 0.886886 4
0 2.504485 -3.128267 0.222586 0.506614 0.888983 4
0 2.055589 -3.065840 0.047980 0.505333 0.885691 4
0 2.594537 -2.939330 0.046097 0.505319 0.889643 4
0 2.504485 -3.128267 0.621359 0.509538 0.889887 4
0 2.594537 -2.939330 0.046097 0.505319 0.888501 4
0 2.218595 -3.195375 0.223584 0.506621 0.886886 4
0 0.913450 -2.119124 0.125357 0.505901 0.877315 4
0 1.254893 -2.303742 0.052316 0.512174 0.883840 4
0 1.314294 -1.564941 0.134943 0.511738 0.878422 4
0 1.314294 -1.564941 0.709001 0.511738 0.878422 4
0 1.254893 -2.303742 0.791628 0.512174 0.883840 4
0 1.314294 -1.564941 0.134943 0.505971 0.880254 4
0 1.754443 -1.613093 0.064263 0.505453 0.883482 4
0 0.374756 -0.552117 1.646584 0.509084 0.885985 7
0 0.580773 -0.338623 1.613666 0.505967 0.882755 7
0 0.381864 -0.410637 1.650224 0.508976 0.883845 7
0 0.782939 -0.210644 1.564720 0.502909 0.880819 7
0 0.682022 -0.456207 1.615823 0.504436 0.884534 7
0 0.182577 -0.346686 1.650200 0.511991 0.882877 7
0 0.095777 -0.215394 1.647298 0.513304 0.880891 7
0 0.069680 -0.452205 1.646554 0.513699 0.884474 7
0 0.374756 -0.552117 1.402845 0.509084 0.885985 7
0 0.580773 -0.338623 1.397886 0.505967 0.882755 7
0 0.682022 -0.456207 1.394373 0.504436 0.884534 7
0 0.782939 -0.210644 1.367363 0.502909 0.880819 7
0 0.182577 -0.346686 1.399230 0.511991 0.882877 7
0 0.069680 -0.452205 1.402875 0.513699 0.884474 7
0 0.095551 -0.215301 1.402022 0.513307 0.880890 7
0 0.782939 -0.210644 1.564720 0.510154 0.880819 7
0 0.682239 -0.100729 1.379358 0.507350 0.879157 7
0 0.682239 -0.100729 1.583903 0.510444 0.879157 7
0 0.381864 -0.410637 1.650224 0.511447 0.883944 7
0 0.182577 -0.346686 1.399230 0.507650 0.880929 7
0 0.182577 -0.346686 1.650200 0.511447 0.880929 7
0 0.682022 -0.456207 1.394373 0.507577 0.884534 7
0 0.682022 -0.456207 1.615823 0.510927 0.884534 7
0 0.580773 -0.338623 1.397886 0.507630 0.882755 7
0 0.580773 -0.338623 1.613666 0.510894 0.882755 7
0 0.095777 -0.215394 1.647298 0.511403 0.879616 7
0 0.001115 -0.158454 1.644036 0.511353 0.878184 7
0 0.069680 -0.452205 1.646554 0.511392 0.879221 7
0 0.374756 -0.552117 1.402845 0.507705 0.883836 7
0 0.374756 -0.552117 1.646584 0.511392 0.883836 7
0 0.580773 -0.338623 1.613666 0.510894 0.886953 7
0 0.381864 -0.410637 1.399195 0.507650 0.883944 7
0 0.682022 -0.456207 1.615823 0.510927 0.888484 7
0 0.182577 -0.346686 1.399230 0.507650 0.882877 7
0 0.095777 -0.215394 1.647298 0.511403 0.880891 7
0 0.182577 -0.346686 1.650200 0.511447 0.882877 7
0 0.069680 -0.452205 1.402875 0.507705 0.884474 7
0 0.069680 -0.452205 1.646554 0.511392 0.884474 7
0 0.936933 0.185488 1.302559 0.519775 0.891498 7
0 1.516878 0.185488 1.224084 0.501101 0.891498 7
0 0.936933 0.490736 1.302559 0.519775 0.874251 7
0 1.226906 0.650271 1.264822 0.510438 0.865237 7
0 1.226906 0.025952 1.264822 0.510438 0.900512 7
0 2.059319 3.193202 -0.908774 0.525081 0.118685 4
0 4.023516 1.646686 -0.677386 0.514794 0.142776 4
0 1.804120 2.956873 -0.112171 0.525152 0.139098 4
0 2.058207 3.095113 -0.041353 0.524108 0.140070 4
0 2.938057 3.372586 -1.633797 0.521564 0.092308 4
0 3.459782 2.952518 -2.441444 0.518622 0.069549 4
0 2.698262 3.218101 -1.719689 0.522658 0.092575 4
0 1.861218 2.789140 0.638603 0.523086 0.165504 4
0 4.333420 2.497278 -2.387299 0.512770 0.075060 4
0 3.696923 3.103786 -2.369287 0.517418 0.068673 4
0 4.468158 2.352208 -2.156196 0.512371 0.087586 4
0 3.714879 1.663111 0.041216 0.513050 0.156995 4
0 4.207177 1.793112 -0.575330 0.513604 0.143741 4
0 4.344964 1.915321 -1.629257 0.514871 0.116188 4
0 4.216198 2.213042 -2.201501 0.513691 0.087972 4
0 2.299774 3.348019 -0.822433 0.524035 0.119112 4
0 4.580615 2.058463 -1.563503 0.513605 0.116534 4
0 3.494793 1.503494 -0.055236 0.514367 0.155598 4
0 4.006158 2.847237 -2.564919 0.515416 0.065117 4
0 4.206895 2.412220 -2.433744 0.513467 0.075435 4
0 3.873590 2.765374 -2.610293 0.516082 0.065630 4
0 1.934592 1.335192 1.515816 0.512244 0.180851 4
0 2.708812 1.317832 0.739734 0.513847 0.167411 4
0 2.957836 1.488367 0.833100 0.512647 0.168923 4
0 1.731196 1.227145 1.439300 0.513326 0.179224 4
0 1.387769 2.137780 1.049800 0.522652 0.175124 4
0 1.622919 2.248981 1.175754 0.521678 0.176800 4
0 1.376089 1.709334 1.719880 0.520269 0.188095 4
0 1.633068 2.706670 0.492165 0.524134 0.163905 4
0 0.297396 -0.220375 0.419652 0.508214 0.887697 21
0 0.297396 -0.220375 -0.328332 0.504058 0.888269 21
0 -0.311169 0.343126 -0.319485 0.504086 0.886612 19
0 -0.241552 -0.093865 0.421535 0.509557 0.888303 21
0 0.297396 -0.220375 -0.328332 0.508214 0.887697 21
0 0.278654 -0.330138 -0.312551 0.504137 0.882287 19
0 -0.151500 -0.282802 -0.153727 0.505338 0.888727 21
0 0.319222 -0.426869 -0.230983 0.504625 0.875975 18
0 0.319222 -0.426869 0.362248 0.516590 0.880754 18
0 -0.081622 0.127314 0.352661 0.508906 0.878915 18
0 -1.554757 1.434044 -2.084101 0.870320 0.828067 24
0 0.001115 -2.311028 -2.084101 0.870320 0.829864 24
0 -1.554756 -1.668475 -2.084101 0.870320 0.841266 24
0 -2.361729 -2.011228 0.051803 0.505361 0.887952 4
0 -1.752213 -1.613093 0.779681 0.510699 0.883482 4
0 -2.592306 -2.939330 0.797846 0.510832 0.889643 4
0 -1.771906 -2.684492 0.058736 0.505412 0.886632 4
0 -2.592306 -2.939330 0.797846 0.502350 0.888501 4
0 0.299321 -0.233725 -0.308812 0.508214 0.887697 30
0 0.250911 -0.406385 0.432171 0.510682 0.885930 29
0 -0.338912 0.266879 0.439104 0.510733 0.887070 29
0 0.299321 -0.233725 0.439173 0.508214 0.887697 30
0 -0.149576 -0.296151 0.264567 0.509481 0.889185 30
0 0.471565 -0.413863 0.317038 0.516590 0.880754 28
0 0.471565 -0.413863 -0.276192 0.516590 0.880754 28
0 0.070722 0.140320 0.307451 0.510124 0.879372 28
0 -2.502255 -3.128267 0.222585 0.506614 0.889887 4
0 -0.911221 -2.119124 0.718587 0.510251 0.877315 4
0 -0.911221 -2.119124 0.718587 0.514678 0.882486 4
0 -0.379634 -0.410637 1.650224 0.508976 0.883845 7
0 -0.680010 -0.100729 1.583903 0.504432 0.879157 7
0 -0.680010 -0.100729 1.379358 0.504432 0.879157 7
0 -0.180348 -0.346686 1.650200 0.511447 0.880929 7
0 -0.578543 -0.338623 1.613666 0.510894 0.882755 7
0 -0.679793 -0.456207 1.394373 0.507577 0.888484 7
0 -0.093322 -0.215301 1.402022 0.507693 0.880890 7
0 -0.067450 -0.452205 1.646554 0.511392 0.884474 7
0 1.556987 1.756064 0.811067 0.894155 0.828067 7
0 1.556986 -1.346455 0.811067 0.894155 0.836483 7
0 -0.274817 -0.213780 0.419654 0.508214 0.887697 13
0 -0.276504 -0.330215 0.413921 0.509465 0.885473 11
0 0.313319 0.343048 -0.319484 0.504086 0.886612 11
0 -0.111811 -0.343314 0.244049 0.508256 0.885546 13
0 -0.274817 -0.213780 -0.328331 0.508214 0.887697 13
0 0.174079 -0.276206 -0.153725 0.505338 0.888727 13
0 -0.316992 -0.426871 -0.230982 0.516590 0.880754 10
0 -0.316992 -0.426871 0.362249 0.516590 0.880754 10
0 0.083851 0.127312 -0.221395 0.504696 0.878915 10
0 1.556987 -1.668475 -2.084101 0.870320 0.841266 24
0 2.363959 -2.011228 0.051803 0.505361 0.887952 4
0 1.774136 -2.684492 0.785208 0.510740 0.886632 4
0 -0.218996 -0.233523 -0.308819 0.508214 0.887697 27
0 -0.218996 -0.233523 0.439166 0.510761 0.888727 27
0 0.370999 0.265426 0.432598 0.510733 0.887070 26
0 0.319952 -0.107013 -0.310701 0.505262 0.888761 27
0 -0.218996 -0.233523 0.439166 0.508214 0.887697 27
0 -0.218824 -0.407838 0.425664 0.510682 0.882745 26
0 0.229900 -0.295949 0.264560 0.509481 0.889185 27
0 -0.471561 -0.413864 0.317040 0.510194 0.876433 25
0 -0.471561 -0.413864 -0.276191 0.516590 0.880754 25
0 -0.070717 0.140319 -0.266604 0.505914 0.879372 25
0 2.594537 -2.939330 0.046097 0.502350 0.888501 4
0 2.504485 -3.128267 0.222586 0.506614 0.889887 4
0 0.913450 -2.119124 0.718587 0.510251 0.877315 4
0 0.913450 -2.119124 0.125357 0.514678 0.882486 4
0 0.913450 -2.119124 0.718587 0.514678 0.882486 4
0 1.314294 -1.564941 0.709001 0.510181 0.880254 4
0 0.682239 -0.100729 1.583903 0.504432 0.879157 7
0 0.381864 -0.410637 1.399195 0.508976 0.883845 7
0 0.682239 -0.100729 1.379358 0.504432 0.879157 7
0 0.782939 -0.210644 1.367363 0.507168 0.880819 7
0 0.095551 -0.215301 1.402022 0.507693 0.879613 7
0 0.069680 -0.452205 1.402875 0.507705 0.879221 7
0 0.580773 -0.338623 1.397886 0.507630 0.886953 7
0 0.682022 -0.456207 1.394373 0.507577 0.888484 7
0 0.095551 -0.215301 1.402022 0.507693 0.880890 7
0 1.516878 0.490736 1.224084 0.501101 0.874251 7
0 1.173985 1.603207 1.642280 0.521170 0.186344 4
368
0.000000 0.069696 0.997568
-0.393942 -0.394448 0.830193
0.062513 0.049390 0.996821
-0.557442 0.000003 0.830216
0.101079 -0.014737 0.994769
0.000000 -0.133891 0.990996
-0.393941 0.394452 0.830191
-0.000000 0.557374 0.830261
-0.179447 0.179767 0.967203
-0.253926 0.000001 0.967224
0.079828 -0.096396 0.992137
0.000000 -0.557374 0.830262
-0.179448 -0.179767 0.967203
-0.000000 0.254046 0.967192
-0.347907 0.386805 0.854016
-0.360933 -0.330320 0.872133
-0.000000 0.524217 0.851585
-0.505168 0.034257 0.862341
-0.703190 0.708775 -0.056222
-0.999588 0.007488 0.027718
-0.000000 -0.480941 0.876753
-0.707081 -0.697739 0.114871
-0.000000 -0.988431 0.151672
-0.000000 0.995951 -0.089902
0.000000 0.000000 1.000000
-0.000000 -0.254047 0.967192
0.008629 0.999365 0.034563
0.473929 0.343685 0.810723
0.860260 0.499681 0.101352
0.008629 -0.999365 0.034562
-0.655761 -0.340083 0.674033
-0.859842 -0.509885 -0.026241
0.473930 -0.343686 0.810722
-0.093349 -0.668272 0.738037
0.860255 -0.499688 0.101352
-0.655760 0.340082 0.674035
-0.859846 0.509879 -0.026240
-0.093349 0.668272 0.738037
-0.129540 -0.000000 0.991574
-0.520197 -0.661740 -0.539903
-0.669633 -0.681731 0.294677
0.707175 0.450920 -0.544587
-0.702846 -0.434767 0.563015
-0.660331 0.414158 -0.626447
-0.290402 -0.717858 -0.632729
-0.617145 -0.613103 -0.493191
-0.646268 0.450143 0.616205
-0.726797 -0.586712 -0.357121
-0.175240 0.714386 -0.677454
0.340449 -0.570803 -0.747180
-0.531853 -0.616657 0.580402
-0.700259 -0.436700 -0.564740
0.773878 0.419003 0.474920
-0.545676 -0.790007 0.279512
0.141518 -0.949939 0.278546
-0.175240 0.714391 0.677448
-0.283340 -0.662731 0.693185
0.340440 -0.570786 0.747197
0.141518 -0.949941 -0.278542
-0.602694 -0.595193 0.531513
-0.545675 -0.790006 -0.279516
0.467893 -0.613760 0.635905
0.039478 0.694153 -0.718744
0.467894 -0.613765 -0.635899
0.039478 0.694152 0.718745
-0.393942 -0.394448 -0.830193
-0.000000 -0.847820 -0.530285
-0.599214 -0.599798 -0.530269
-0.557442 0.000003 -0.830216
-0.847829 0.000001 -0.530270
0.000000 0.847820 -0.530284
-0.393942 0.394452 -0.830191
-0.599213 0.599800 -0.530268
-0.179447 0.179767 -0.967203
-0.253926 0.000000 -0.967224
-0.179448 -0.179767 -0.967203
0.000000 -0.557374 -0.830262
0.000000 0.557374 -0.830261
-0.683794 0.662698 -0.305380
-0.968279 -0.021436 -0.248950
0.000000 -0.984938 -0.172907
-0.682738 -0.704287 -0.194548
0.000000 0.944365 -0.328900
-0.000000 0.254046 -0.967192
-0.000000 0.000000 -1.000000
-0.000000 -0.254047 -0.967192
-0.391823 0.609028 -0.689608
0.510689 -0.448367 -0.733596
-0.600756 0.445807 -0.663587
-0.600752 0.445799 0.663596
-0.391827 0.609028 0.689606
-0.714396 0.187576 -0.674132
-0.690802 -0.267321 0.671813
-0.714392 0.187577 0.674136
-0.175240 0.714390 -0.677449
0.414493 -0.594677 0.688879
-0.545679 -0.790004 0.279514
0.141515 -0.949940 0.278545
0.380329 -0.601331 0.702674
-0.175241 0.714386 0.677453
0.414499 -0.594684 -0.688870
0.510693 -0.448371 0.733591
0.380328 -0.601330 -0.702675
0.340447 -0.570799 -0.747184
-0.609232 -0.729359 -0.311242
-0.473644 -0.745772 0.468492
0.548969 0.522437 0.652451
-0.665230 0.407290 0.625767
-0.647844 -0.518563 -0.558024
-0.202793 -0.752940 0.626065
-0.658818 -0.584699 -0.473377
-0.652290 -0.577529 0.490895
-0.769051 -0.352263 0.533358
-0.175240 0.714391 0.677449
0.807099 0.425652 -0.409159
-0.544036 -0.510952 -0.665547
-0.206321 -0.770968 -0.602528
-0.652006 -0.516231 0.555333
-0.545676 -0.790007 -0.279512
-0.175240 0.714386 -0.677453
-0.598980 0.438640 -0.669939
0.340441 -0.570786 -0.747197
0.340449 -0.570803 0.747181
0.141514 -0.949941 0.278543
-0.545675 -0.790006 0.279516
0.141522 -0.949939 -0.278544
0.467893 -0.613760 -0.635906
0.467894 -0.613765 0.635899
0.039478 0.694152 0.718745
0.039478 0.694153 -0.718744
-0.690792 -0.267317 -0.671825
0.340442 -0.570789 0.747194
-0.545673 -0.790008 -0.279514
0.141523 -0.949939 -0.278545
0.467892 -0.613760 -0.635905
0.039477 0.694152 -0.718745
0.039477 0.694153 0.718744
-0.030458 -0.757339 0.652311
0.287234 0.522215 0.802987
-0.569985 -0.524697 0.632305
-0.850274 0.157420 0.502248
-0.000000 -0.319938 0.947439
-0.369867 0.478633 0.796309
0.458379 -0.629783 0.627106
0.000000 0.808294 0.588779
-0.513154 0.555584 0.654216
0.009177 -0.772374 -0.635102
0.464933 0.401899 -0.788869
0.013983 0.604267 -0.796659
-0.737223 0.128526 -0.663312
-0.508608 -0.597287 -0.620134
-0.000000 -0.317716 -0.948186
-0.369861 0.478716 -0.796262
-0.506346 0.557548 -0.657841
0.458473 -0.629680 -0.627140
-0.000000 0.815119 -0.579293
0.155814 0.817196 -0.554899
-0.078968 0.582073 0.809293
0.114165 0.820777 0.559724
0.793424 -0.471667 -0.384719
0.793424 0.471667 -0.384718
-0.775225 -0.471822 -0.420012
0.009803 0.922707 -0.385377
-0.775227 0.471819 -0.420012
0.009803 -0.922707 -0.385378
-0.088147 -0.980148 -0.177595
0.898171 0.149240 -0.413540
0.959079 0.154530 -0.237250
-0.019746 0.931539 0.363106
0.031908 0.989387 0.141756
-0.113462 0.991778 -0.059186
0.592892 -0.004128 -0.805271
-0.266174 0.904897 -0.332133
-0.015473 0.822403 0.568695
0.951110 0.259369 -0.167680
-0.830429 0.155771 -0.534904
-0.950903 0.032041 -0.307826
-0.772793 -0.153894 0.615718
-0.075763 -0.931502 -0.355758
-0.992928 -0.089773 0.077684
0.015948 -0.976598 -0.214482
-0.890658 -0.095490 0.444533
0.728610 0.136887 -0.671110
-0.545365 0.558424 -0.625092
-0.142157 -0.576597 -0.804566
0.087808 -0.846804 -0.524607
0.202059 -0.156995 -0.966708
0.037488 -0.979041 -0.200183
-0.474455 -0.323575 0.818653
-0.673757 -0.216159 0.706631
0.982013 0.122815 -0.143412
0.345299 -0.785847 -0.513043
0.088689 0.634092 0.768155
-0.204595 0.529919 0.822999
0.613206 -0.463613 -0.639564
0.393942 -0.394448 0.830193
-0.062513 0.049390 0.996821
0.557442 0.000003 0.830216
-0.101079 -0.014737 0.994769
0.393942 0.394452 0.830191
-0.079828 -0.096396 0.992137
0.179447 0.179767 0.967203
0.253926 0.000001 0.967224
0.179448 -0.179767 0.967203
0.347907 0.386805 0.854016
0.505167 0.034257 0.862341
0.360933 -0.330320 0.872133
0.703190 0.708775 -0.056222
0.707081 -0.697739 0.114871
0.999588 0.007488 0.027719
-0.473929 0.343685 0.810723
-0.008629 0.999365 0.034563
-0.860260 0.499681 0.101352
0.655761 -0.340083 0.674033
-0.008629 -0.999365 0.034562
0.859842 -0.509885 -0.026241
-0.473930 -0.343686 0.810722
-0.860255 -0.499688 0.101352
0.655760 0.340082 0.674035
0.859846 0.509879 -0.026240
0.129540 -0.000000 0.991574
0.093349 -0.668272 0.738037
0.093349 0.668272 0.738037
0.669622 -0.681811 0.294517
0.520245 -0.661699 -0.539907
-0.707221 0.450861 -0.544576
0.706042 0.354026 -0.613327
0.698143 -0.443406 0.562128
0.282125 -0.724090 -0.629364
0.545894 -0.660858 -0.515040
0.694927 0.385684 0.606897
0.532500 -0.640255 0.553640
0.726831 -0.586746 -0.356996
0.175240 0.714391 -0.677449
-0.773951 0.418922 0.474874
0.531895 -0.616624 0.580398
0.694980 -0.445702 -0.564228
0.545676 -0.790007 0.279512
0.175241 0.714386 0.677453
0.274587 -0.669446 0.690249
-0.340440 -0.570786 0.747197
-0.340449 -0.570803 -0.747181
-0.141518 -0.949941 -0.278542
0.545675 -0.790006 -0.279516
-0.467893 -0.613760 0.635905
-0.467894 -0.613765 -0.635899
-0.039478 0.694151 -0.718746
-0.039478 0.694153 0.718744
0.393942 -0.394448 -0.830193
0.599214 -0.599798 -0.530269
0.557442 0.000003 -0.830216
0.847828 -0.000002 -0.530272
0.393942 0.394451 -0.830192
0.179447 0.179767 -0.967203
0.253926 0.000001 -0.967224
0.599216 0.599798 -0.530266
0.179448 -0.179767 -0.967203
0.968279 -0.021432 -0.248951
0.683792 0.662700 -0.305380
0.682738 -0.704287 -0.194548
0.391821 0.609024 -0.689613
-0.510692 -0.448369 -0.733593
-0.380328 -0.601330 -0.702675
0.600752 0.445799 0.663596
0.391828 0.609032 0.689601
0.690802 -0.267321 0.671813
0.714396 0.187577 -0.674131
0.714391 0.187577 0.674137
0.175240 0.714390 0.677449
-0.414493 -0.594677 0.688879
0.545679 -0.790004 0.279514
-0.380329 -0.601331 0.702674
-0.414499 -0.594684 -0.688870
-0.510691 -0.448369 0.733594
0.175240 0.714386 -0.677454
0.600756 0.445807 -0.663587
-0.599449 0.508781 0.617901
0.736747 0.288948 0.611321
0.631993 -0.690448 -0.351947
0.450090 -0.763513 0.463107
0.640709 -0.530677 -0.554864
0.189794 -0.775111 0.602645
0.552484 -0.657933 0.511747
0.684831 0.341854 -0.643539
0.774041 -0.330449 0.540060
0.175240 0.714386 0.677453
-0.340449 -0.570803 0.747180
0.504592 -0.580591 -0.638984
0.636534 -0.532876 0.557555
-0.809188 0.424393 -0.406332
0.545676 -0.790007 -0.279512
-0.141518 -0.949939 -0.278546
0.175240 0.714391 -0.677449
0.186757 -0.760535 -0.621859
-0.340440 -0.570786 -0.747197
-0.141518 -0.949941 0.278542
0.547756 -0.650716 -0.525864
0.545675 -0.790006 0.279516
-0.467893 -0.613760 -0.635905
-0.039478 0.694153 0.718744
-0.467894 -0.613765 0.635899
-0.039478 0.694152 -0.718746
-0.340442 -0.570789 0.747194
-0.340448 -0.570799 -0.747184
-0.141515 -0.949940 0.278545
0.545674 -0.790008 -0.279514
0.690792 -0.267317 -0.671825
-0.141522 -0.949939 -0.278545
-0.467892 -0.613760 -0.635905
-0.039477 0.694153 -0.718744
-0.039477 0.694152 0.718745
0.030458 -0.757339 0.652311
-0.287234 0.522215 0.802987
0.078968 0.582073 0.809293
0.850274 0.157420 0.502248
0.569985 -0.524698 0.632305
0.369867 0.478633 0.796310
0.513154 0.555585 0.654216
-0.458378 -0.629784 0.627105
-0.009178 -0.772374 -0.635102
-0.464933 0.401899 -0.788869
0.508608 -0.597287 -0.620134
0.737223 0.128526 -0.663312
0.369861 0.478717 -0.796262
-0.458473 -0.629680 -0.627141
0.506346 0.557548 -0.657841
-0.155814 0.817196 -0.554899
-0.114165 0.820777 0.559724
-0.013983 0.604267 -0.796659
-0.793424 -0.471668 -0.384719
0.775225 -0.471822 -0.420012
-0.793424 0.471667 -0.384719
-0.009803 0.922707 -0.385378
-0.009803 -0.922707 -0.385378
-0.898171 0.149240 -0.413540
0.088147 -0.980148 -0.177595
-0.959079 0.154531 -0.237250
0.019747 0.931539 0.363106
0.113461 0.991778 -0.059186
-0.592892 -0.004128 -0.805272
-0.728610 0.136888 -0.671110
0.015472 0.822403 0.568695
0.830430 0.155771 -0.534903
0.266175 0.904897 -0.332133
0.950903 0.032041 -0.307825
0.772793 -0.153894 0.615717
0.890658 -0.095490 0.444533
0.075763 -0.931502 -0.355758
-0.087809 -0.846805 -0.524606
-0.031909 0.989387 0.141756
0.992928 -0.089773 0.077683
-0.015948 -0.976598 -0.214482
0.545364 0.558423 -0.625094
0.142156 -0.576600 -0.804564
-0.202059 -0.156995 -0.966708
0.579060 -0.243852 0.777963
-0.037489 -0.979041 -0.200183
0.673757 -0.216159 0.706631
-0.345299 -0.785847 -0.513043
-0.954521 0.167080 -0.246927
-0.044735 0.703429 0.709356
-0.079334 0.729104 0.679789
-0.951110 0.259369 -0.167680
0.467893 -0.613766 0.635899
-0.141518 -0.949939 0.278546
-0.467893 -0.613766 0.635899
0.775227 0.471819 -0.420012
-0.962305 0.108370 -0.249449
664
0 0 1 2 0 1 2 0
0 2 3 4 2 3 4 0
0 5 6 7 5 6 7 0
0 3 8 6 3 8 6 0
0 1 9 3 1 9 3 0
0 4 6 10 4 6 10 0
0 11 12 1 11 12 1 0
0 7 8 13 7 8 13 0
0 14 15 16 14 4 10 0
0 17 18 19 15 0 2 0
0 20 21 22 16 10 5 0
0 23 24 15 17 2 4 0
0 23 25 26 17 18 19 0
0 27 28 29 20 21 22 0
0 30 31 32 14 23 18 0
0 13 8 33 13 8 24 0
0 8 9 33 8 9 24 0
0 9 12 33 9 12 24 0
0 12 34 33 12 25 24 0
0 35 26 36 15 19 21 0
0 37 38 39 26 27 28 0
0 40 41 42 29 30 31 0
0 40 43 44 29 32 33 0
0 45 38 43 34 27 32 0
0 42 46 47 31 35 36 0
0 37 46 48 26 35 37 0
0 41 44 49 30 33 38 0
0 48 46 50 37 35 38 0
0 44 43 51 33 32 38 0
0 38 48 52 27 37 38 0
0 46 41 53 35 30 38 0
0 43 38 54 32 27 38 0
0 55 56 57 39 40 41 0
0 55 58 59 39 42 43 0
0 60 59 58 44 43 42 0
0 61 62 63 45 46 43 0
0 64 65 66 47 48 49 0
0 67 68 69 50 42 39 0
0 70 71 68 51 44 42 0
0 72 73 74 52 39 41 0
0 75 76 77 45 53 54 0
0 56 78 57 40 55 41 0
0 74 79 72 41 48 52 0
0 64 80 81 47 50 52 0
0 80 82 83 50 46 51 0
0 82 84 83 46 56 51 0
0 85 86 87 43 47 40 0
0 86 88 89 47 49 57 0
0 86 89 87 47 57 40 0
0 76 90 77 53 58 54 0
0 91 92 93 59 60 56 0
0 94 95 71 56 53 44 0
0 75 90 91 45 58 59 0
0 88 96 89 49 61 57 0
0 66 97 98 49 62 63 0
0 99 100 78 57 64 55 0
0 101 102 79 55 62 48 0
0 103 104 105 65 66 67 0
0 106 105 107 68 67 69 0
0 108 109 110 70 71 72 0
0 111 106 109 73 68 71 0
0 112 103 106 74 65 68 0
0 109 107 110 71 69 72 0
0 113 114 103 75 76 65 0
0 115 111 109 77 73 71 0
0 116 117 118 78 69 79 0
0 119 120 121 67 80 81 0
0 122 123 124 82 72 78 0
0 117 125 118 69 81 79 0
0 26 116 118 19 78 79 0
0 29 121 120 22 81 80 0
0 32 122 124 18 82 78 0
0 126 127 111 83 84 73 0
0 111 127 112 73 84 74 0
0 112 127 113 74 84 75 0
0 113 127 128 75 84 85 0
0 36 118 125 21 79 81 0
0 129 130 131 86 87 88 0
0 132 133 134 86 89 90 0
0 135 136 137 91 92 93 0
0 134 138 132 90 94 86 0
0 139 140 141 95 96 97 0
0 142 143 144 98 99 90 0
0 145 146 147 100 101 95 0
0 148 149 150 89 93 101 0
0 151 152 153 102 94 103 0
0 144 150 142 90 101 98 0
0 149 154 150 93 95 101 0
0 155 137 156 88 93 89 0
0 157 158 159 104 105 106 0
0 158 160 161 105 107 108 0
0 160 162 161 107 109 108 0
0 163 164 165 107 110 111 0
0 166 167 168 112 113 114 0
0 169 170 171 108 115 105 0
0 169 172 173 108 116 117 0
0 174 175 176 105 114 106 0
0 177 178 179 111 118 109 0
0 180 157 159 119 104 106 0
0 181 176 175 113 106 114 0
0 182 166 168 115 112 114 0
0 182 183 184 115 117 120 0
0 185 184 183 116 120 117 0
0 186 187 188 107 112 120 0
0 187 189 190 112 121 122 0
0 187 191 189 112 104 121 0
0 178 192 193 118 123 124 0
0 193 194 195 124 110 116 0
0 196 172 197 118 116 109 0
0 194 198 177 110 125 111 0
0 190 199 200 122 126 127 0
0 201 202 167 122 128 113 0
0 203 204 180 129 121 119 0
0 181 205 206 113 129 119 0
0 131 130 207 88 87 91 0
0 207 208 209 91 100 130 0
0 210 211 212 87 98 101 0
0 213 214 215 102 103 131 0
0 213 215 211 102 131 98 0
0 216 141 140 132 97 96 0
0 217 216 218 100 132 130 0
0 219 220 136 130 96 92 0
0 139 221 217 95 133 100 0
0 222 215 214 134 131 103 0
0 153 223 224 103 135 134 0
0 225 226 143 131 136 99 0
0 138 227 228 94 136 135 0
0 229 230 231 137 138 139 0
0 230 232 231 138 140 139 0
0 233 234 235 141 142 143 0
0 234 229 235 142 137 143 0
0 233 236 237 141 144 145 0
0 238 239 240 146 147 148 0
0 241 239 242 149 147 150 0
0 243 244 245 151 152 153 0
0 238 244 246 146 152 154 0
0 243 245 247 151 153 155 0
0 248 249 250 140 156 149 0
0 251 252 253 157 152 148 0
0 248 254 255 140 150 139 0
0 256 257 249 158 147 156 0
0 258 259 260 145 155 153 0
0 261 262 263 143 146 154 0
0 264 253 265 138 148 147 0
0 266 262 267 139 146 137 0
0 268 269 270 145 152 142 0
0 271 272 273 141 154 151 0
0 40 274 45 29 159 34 0
0 39 274 275 28 159 160 0
0 47 276 42 36 161 31 0
0 37 275 277 26 160 162 0
0 47 277 278 36 162 163 0
0 42 279 40 31 164 29 0
0 280 281 282 165 166 167 0
0 283 281 284 168 166 169 0
0 285 286 287 170 171 172 0
0 282 288 289 167 173 174 0
0 287 290 291 172 175 176 0
0 283 292 288 168 177 173 0
0 291 293 294 176 178 179 0
0 284 285 294 169 170 179 0
0 282 295 280 167 180 165 0
0 284 296 283 169 181 168 0
0 287 294 285 172 179 170 0
0 284 297 285 169 182 170 0
0 281 293 297 166 178 182 0
0 293 286 297 178 171 182 0
0 293 296 294 178 181 179 0
0 298 299 290 183 184 175 0
0 300 301 286 185 186 171 0
0 287 301 298 172 186 183 0
0 300 290 299 185 175 184 0
0 302 303 304 187 188 189 0
0 305 306 302 190 191 187 0
0 307 303 308 192 188 193 0
0 305 308 309 190 193 194 0
0 289 307 305 174 192 190 0
0 288 304 307 173 189 192 0
0 289 302 295 174 187 180 0
0 295 304 292 180 189 177 0
0 310 0 311 195 0 196 0
0 312 311 313 197 196 198 0
0 5 314 315 5 199 200 0
0 316 312 314 201 197 199 0
0 317 310 312 202 195 197 0
0 314 313 315 199 198 200 0
0 318 11 310 203 11 195 0
0 7 316 314 7 201 199 0
0 319 320 321 204 198 205 0
0 322 18 27 206 0 20 0
0 20 323 324 16 200 204 0
0 321 325 326 205 196 206 0
0 321 327 319 205 207 204 0
0 27 328 322 20 208 206 0
0 324 31 20 204 23 16 0
0 13 33 316 13 24 201 0
0 316 33 317 201 24 202 0
0 317 33 318 202 24 203 0
0 318 33 34 203 24 25 0
0 326 329 321 206 209 205 0
0 330 331 332 210 211 212 0
0 333 334 335 213 214 215 0
0 334 336 337 214 216 217 0
0 337 330 332 217 210 212 0
0 338 335 339 218 215 219 0
0 331 338 339 211 218 219 0
0 333 340 341 213 220 221 0
0 342 343 338 222 220 218 0
0 341 344 336 221 220 216 0
0 330 345 342 210 220 222 0
0 338 346 333 218 220 213 0
0 336 347 330 216 220 210 0
0 348 349 350 223 224 225 0
0 349 351 352 224 226 227 0
0 351 353 352 226 228 227 0
0 354 355 356 229 230 231 0
0 357 358 359 232 233 234 0
0 360 361 362 227 235 224 0
0 363 364 360 228 236 227 0
0 365 366 367 224 234 225 0
0 368 369 370 229 237 228 0
0 371 348 350 238 223 225 0
0 372 367 366 233 225 234 0
0 373 357 359 235 232 234 0
0 373 374 375 235 236 230 0
0 376 375 374 239 230 236 0
0 377 378 379 226 232 230 0
0 378 380 381 232 240 241 0
0 378 382 380 232 223 240 0
0 369 383 384 237 242 243 0
0 384 385 386 243 231 239 0
0 387 388 363 237 239 228 0
0 383 368 385 242 229 231 0
0 381 389 390 241 244 245 0
0 391 392 358 241 246 233 0
0 393 394 371 247 240 238 0
0 372 395 396 233 247 238 0
0 104 397 398 66 248 249 0
0 398 399 400 249 250 251 0
0 108 401 115 70 252 77 0
0 399 402 401 250 253 252 0
0 397 403 399 248 254 250 0
0 400 401 404 251 252 255 0
0 114 405 397 76 256 248 0
0 115 402 126 77 253 83 0
0 406 407 408 257 255 258 0
0 120 409 410 80 249 259 0
0 122 411 412 82 255 70 0
0 413 414 406 259 251 257 0
0 408 329 406 258 209 257 0
0 410 29 120 259 22 80 0
0 122 415 416 82 207 258 0
0 126 402 127 83 253 84 0
0 402 403 127 253 254 84 0
0 403 405 127 254 256 84 0
0 405 128 127 256 85 84 0
0 406 417 413 257 208 259 0
0 418 419 420 260 261 262 0
0 421 422 423 263 260 264 0
0 424 425 426 265 266 267 0
0 422 427 423 260 268 264 0
0 428 429 430 269 270 265 0
0 431 432 433 268 271 264 0
0 434 435 436 269 261 272 0
0 437 438 439 263 273 267 0
0 420 440 418 262 274 260 0
0 433 438 437 264 273 263 0
0 439 441 442 267 269 265 0
0 443 425 444 263 266 275 0
0 445 446 447 276 277 278 0
0 448 449 446 279 280 277 0
0 450 446 449 281 277 280 0
0 451 452 453 282 283 277 0
0 454 455 456 284 285 286 0
0 457 458 459 287 280 279 0
0 460 461 458 288 281 280 0
0 462 463 464 289 279 276 0
0 465 466 467 282 290 291 0
0 447 468 445 278 292 276 0
0 462 469 470 289 292 285 0
0 471 472 473 289 283 287 0
0 473 472 474 287 283 288 0
0 472 475 474 283 293 288 0
0 476 477 478 277 284 278 0
0 477 479 480 284 286 294 0
0 477 480 478 284 294 278 0
0 466 481 467 290 295 291 0
0 482 483 484 296 297 293 0
0 485 486 461 293 290 281 0
0 465 481 482 282 295 296 0
0 479 487 480 286 298 294 0
0 456 488 489 286 299 300 0
0 490 491 468 294 301 292 0
0 469 492 470 292 299 285 0
0 493 494 419 275 266 261 0
0 494 495 419 266 272 261 0
0 496 497 498 271 261 273 0
0 499 500 501 262 302 303 0
0 499 496 500 262 271 302 0
0 502 503 429 304 305 270 0
0 503 504 505 305 272 306 0
0 506 507 424 270 306 265 0
0 508 428 504 307 269 272 0
0 500 509 501 302 308 303 0
0 510 511 440 303 309 274 0
0 512 513 431 310 302 268 0
0 514 427 515 309 268 274 0
0 516 517 518 311 312 313 0
0 519 517 520 314 312 315 0
0 233 521 522 141 316 317 0
0 516 521 523 311 316 318 0
0 233 522 236 141 317 144 0
0 524 525 526 319 320 321 0
0 525 527 526 320 322 321 0
0 243 528 529 151 323 324 0
0 528 524 529 323 319 324 0
0 243 247 530 151 155 325 0
0 531 532 533 314 326 327 0
0 534 535 536 313 323 316 0
0 537 531 538 321 314 315 0
0 533 539 540 327 320 312 0
0 541 259 542 317 155 144 0
0 543 544 545 318 319 311 0
0 546 547 534 312 328 313 0
0 544 548 545 319 315 311 0
0 549 550 551 323 317 316 0
0 271 552 553 141 324 318 0
0 554 334 337 329 214 217 0
0 332 554 337 212 329 217 0
0 555 339 335 330 219 215 0
0 331 556 332 211 331 212 0
0 339 557 331 219 332 211 0
0 558 335 334 333 215 214 0
0 559 560 561 334 335 336 0
0 562 559 561 337 334 336 0
0 563 564 565 338 339 340 0
0 561 566 562 336 341 337 0
0 567 568 569 342 343 344 0
0 562 570 571 337 345 346 0
0 569 572 573 344 347 348 0
0 574 575 563 349 350 338 0
0 576 561 560 351 336 335 0
0 571 574 562 346 349 337 0
0 575 568 563 350 343 338 0
0 574 565 559 349 340 334 0
0 559 565 572 334 340 347 0
0 564 572 565 339 347 340 0
0 571 572 575 346 347 350 0
0 577 578 579 352 353 354 0
0 579 573 564 354 348 339 0
0 568 579 564 343 354 339 0
0 573 567 569 348 342 344 0
0 580 581 582 355 356 357 0
0 583 584 581 358 359 356 0
0 585 580 582 360 355 357 0
0 584 586 585 359 361 360 0
0 587 585 566 362 360 341 0
0 566 582 570 341 357 345 0
0 581 587 576 356 362 351 0
0 576 560 570 351 335 345 0
0 0 11 1 0 11 1 0
0 2 1 3 2 1 3 0
0 5 10 6 5 10 6 0
0 3 9 8 3 9 8 0
0 1 12 9 1 12 9 0
0 4 3 6 4 3 6 0
0 11 34 12 11 25 12 0
0 7 6 8 7 6 8 0
0 14 23 15 14 17 4 0
0 17 27 18 15 20 0 0
0 20 30 21 16 14 10 0
0 23 35 24 17 15 2 0
0 23 14 25 17 14 18 0
0 27 17 28 20 15 21 0
0 30 20 31 14 16 23 0
0 35 23 26 15 17 19 0
0 37 48 38 26 37 27 0
0 40 44 41 29 33 30 0
0 40 45 43 29 34 32 0
0 45 39 38 34 28 27 0
0 42 41 46 31 30 35 0
0 37 47 46 26 36 35 0
0 55 59 56 39 43 40 0
0 60 588 59 44 45 43 0
0 61 589 62 45 59 46 0
0 64 81 65 47 52 48 0
0 67 70 68 50 51 42 0
0 70 94 71 51 56 44 0
0 72 590 73 52 50 39 0
0 75 591 76 45 44 53 0
0 56 99 78 40 57 55 0
0 74 101 79 41 55 48 0
0 64 82 80 47 46 50 0
0 82 592 84 46 59 56 0
0 85 593 86 43 46 47 0
0 76 92 90 53 60 58 0
0 91 90 92 59 58 60 0
0 94 594 95 56 60 53 0
0 75 77 90 45 54 58 0
0 88 595 96 49 63 61 0
0 66 65 97 49 48 62 0
0 99 596 100 57 61 64 0
0 101 597 102 55 64 62 0
0 103 114 104 65 76 66 0
0 106 103 105 68 65 67 0
0 108 115 109 70 77 71 0
0 111 112 106 73 74 68 0
0 112 113 103 74 75 65 0
0 109 106 107 71 68 69 0
0 113 128 114 75 85 76 0
0 115 126 111 77 83 73 0
0 116 598 117 78 72 69 0
0 119 599 120 67 66 80 0
0 122 412 123 82 70 72 0
0 117 600 125 69 67 81 0
0 26 25 116 19 18 78 0
0 29 28 121 22 21 81 0
0 32 31 122 18 23 82 0
0 36 26 118 21 19 79 0
0 129 151 130 86 102 87 0
0 132 601 133 86 88 89 0
0 135 219 136 91 130 92 0
0 134 602 138 90 99 94 0
0 139 603 140 95 92 96 0
0 142 225 143 98 131 99 0
0 145 604 146 100 87 101 0
0 151 129 152 102 86 94 0
0 144 148 150 90 89 101 0
0 149 605 154 93 92 95 0
0 155 135 137 88 91 93 0
0 157 160 158 104 107 105 0
0 160 606 162 107 111 109 0
0 163 607 164 107 120 110 0
0 166 201 167 112 122 113 0
0 169 173 170 108 117 115 0
0 169 197 172 108 109 116 0
0 174 608 175 105 115 114 0
0 177 198 178 111 125 118 0
0 180 204 157 119 121 104 0
0 181 206 176 113 119 106 0
0 182 184 166 115 120 112 0
0 185 609 184 116 110 120 0
0 186 191 187 107 104 112 0
0 178 198 192 118 125 123 0
0 193 192 194 124 123 110 0
0 196 610 172 118 124 116 0
0 194 192 198 110 123 125 0
0 190 189 199 122 121 126 0
0 201 611 202 122 127 128 0
0 203 612 204 129 126 121 0
0 181 613 205 113 128 129 0
0 207 130 208 91 87 100 0
0 210 213 211 87 102 98 0
0 216 221 141 132 133 97 0
0 217 221 216 100 133 132 0
0 219 614 220 130 132 96 0
0 139 141 221 95 97 133 0
0 222 615 215 134 363 131 0
0 153 152 223 103 94 135 0
0 225 616 226 131 363 136 0
0 138 602 227 94 99 136 0
0 229 617 230 137 157 138 0
0 230 618 232 138 158 140 0
0 233 237 234 141 145 142 0
0 234 617 229 142 157 137 0
0 238 242 239 146 150 147 0
0 241 619 239 149 156 147 0
0 243 246 244 151 154 152 0
0 238 240 244 146 148 152 0
0 248 256 249 140 158 156 0
0 251 620 252 157 142 152 0
0 248 250 254 140 149 150 0
0 256 621 257 158 138 147 0
0 258 542 259 145 144 155 0
0 261 267 262 143 137 146 0
0 264 251 253 138 157 148 0
0 266 622 262 139 150 146 0
0 268 623 269 145 153 152 0
0 271 624 272 141 143 154 0
0 40 279 274 29 164 159 0
0 39 45 274 28 34 159 0
0 47 278 276 36 163 161 0
0 37 39 275 26 28 160 0
0 47 37 277 36 26 162 0
0 42 276 279 31 161 164 0
0 280 293 281 165 178 166 0
0 283 282 281 168 167 166 0
0 285 297 286 170 182 171 0
0 282 283 288 167 168 173 0
0 287 298 290 172 183 175 0
0 283 296 292 168 181 177 0
0 291 300 293 176 185 178 0
0 282 289 295 167 174 180 0
0 284 294 296 169 179 181 0
0 287 291 294 172 176 179 0
0 284 281 297 169 166 182 0
0 293 300 286 178 185 171 0
0 293 280 296 178 165 181 0
0 298 301 299 183 186 184 0
0 300 299 301 185 184 186 0
0 287 286 301 172 171 186 0
0 300 291 290 185 176 175 0
0 302 306 303 187 191 188 0
0 305 309 306 190 194 191 0
0 307 304 303 192 189 188 0
0 305 307 308 190 192 193 0
0 289 288 307 174 173 192 0
0 288 292 304 173 177 189 0
0 289 305 302 174 190 187 0
0 292 296 280 177 181 165 0
0 295 302 304 180 187 189 0
0 292 280 295 177 165 180 0
0 310 11 0 195 11 0 0
0 312 310 311 197 195 196 0
0 5 7 314 5 7 199 0
0 316 317 312 201 202 197 0
0 317 318 310 202 203 195 0
0 314 312 313 199 197 198 0
0 318 34 11 203 25 11 0
0 7 13 316 7 13 201 0
0 319 625 320 204 200 198 0
0 322 626 18 206 196 0 0
0 20 22 323 16 5 200 0
0 321 320 325 205 198 196 0
0 321 329 327 205 209 207 0
0 27 29 328 20 22 208 0
0 324 415 31 204 207 23 0
0 326 417 329 206 208 209 0
0 330 342 331 210 222 211 0
0 333 341 334 213 221 214 0
0 334 341 336 214 221 216 0
0 337 336 330 217 216 210 0
0 338 333 335 218 213 215 0
0 331 342 338 211 222 218 0
0 348 351 349 223 226 224 0
0 351 627 353 226 229 228 0
0 354 628 355 229 226 230 0
0 357 391 358 232 241 233 0
0 360 364 361 227 236 235 0
0 363 388 364 228 239 236 0
0 365 629 366 224 235 234 0
0 368 630 369 229 364 237 0
0 371 394 348 238 240 223 0
0 372 396 367 233 238 225 0
0 373 375 357 235 230 232 0
0 376 631 375 239 231 230 0
0 377 382 378 226 223 232 0
0 369 630 383 237 364 242 0
0 384 383 385 243 242 231 0
0 387 632 388 237 243 239 0
0 383 630 368 242 364 229 0
0 381 380 389 241 240 244 0
0 391 633 392 241 245 246 0
0 393 634 394 247 244 240 0
0 372 635 395 233 246 247 0
0 104 114 397 66 76 248 0
0 398 397 399 249 248 250 0
0 108 404 401 70 255 252 0
0 399 403 402 250 254 253 0
0 397 405 403 248 256 254 0
0 400 399 401 251 250 252 0
0 114 128 405 76 85 256 0
0 115 401 402 77 252 253 0
0 406 414 407 257 251 255 0
0 120 599 409 80 66 249 0
0 122 416 411 82 258 255 0
0 413 636 414 259 249 251 0
0 408 327 329 258 207 209 0
0 410 328 29 259 208 22 0
0 122 31 415 82 23 207 0
0 406 329 417 257 209 208 0
0 418 493 419 260 275 261 0
0 421 637 422 263 275 260 0
0 424 507 425 265 306 266 0
0 422 515 427 260 274 268 0
0 428 502 429 269 304 270 0
0 431 513 432 268 302 271 0
0 434 638 435 269 273 261 0
0 420 510 440 262 303 274 0
0 433 432 438 264 271 273 0
0 439 438 441 267 273 269 0
0 443 426 425 263 267 266 0
0 445 448 446 276 279 277 0
0 450 639 446 281 282 277 0
0 451 640 452 282 296 283 0
0 454 471 455 284 289 285 0
0 457 460 458 287 288 280 0
0 460 485 461 288 293 281 0
0 462 641 463 289 287 279 0
0 465 642 466 282 281 290 0
0 447 490 468 278 294 292 0
0 462 464 469 289 276 292 0
0 471 454 472 289 284 283 0
0 472 643 475 283 296 293 0
0 476 644 477 277 283 284 0
0 466 483 481 290 297 295 0
0 482 481 483 296 295 297 0
0 485 645 486 293 297 290 0
0 465 467 481 282 291 295 0
0 479 646 487 286 300 298 0
0 456 455 488 286 285 299 0
0 490 647 491 294 298 301 0
0 469 648 492 292 301 299 0
0 494 649 495 266 306 272 0
0 496 499 497 271 262 261 0
0 502 508 503 304 307 305 0
0 503 508 504 305 307 272 0
0 506 650 507 270 305 306 0
0 508 502 428 307 304 269 0
0 500 651 509 302 365 308 0
0 510 652 511 303 308 309 0
0 512 653 513 310 365 302 0
0 514 654 427 309 310 268 0
0 516 520 517 311 315 312 0
0 519 655 517 314 327 312 0
0 233 523 521 141 318 316 0
0 516 518 521 311 313 316 0
0 524 656 525 319 328 320 0
0 525 657 527 320 326 322 0
0 243 530 528 151 325 323 0
0 528 656 524 323 328 319 0
0 531 658 532 314 322 326 0
0 534 547 535 313 328 323 0
0 537 658 531 321 322 314 0
0 533 532 539 327 326 320 0
0 541 659 259 317 325 155 0
0 543 660 544 318 324 319 0
0 546 661 547 312 320 328 0
0 544 662 548 319 321 315 0
0 549 663 550 323 325 317 0
0 271 273 552 141 151 324 0
0 554 558 334 329 333 214 0
0 332 556 554 212 331 329 0
0 555 664 339 330 366 219 0
0 331 557 556 211 332 331 0
0 339 664 557 219 366 332 0
0 558 555 335 333 330 215 0
0 559 572 560 334 347 335 0
0 562 574 559 337 349 334 0
0 563 568 564 338 343 339 0
0 561 587 566 336 362 341 0
0 567 577 568 342 352 343 0
0 562 566 570 337 341 345 0
0 569 575 572 344 350 347 0
0 576 587 561 351 362 336 0
0 571 575 574 346 350 349 0
0 575 569 568 350 344 343 0
0 574 563 565 349 338 340 0
0 564 573 572 339 348 347 0
0 571 560 572 346 335 347 0
0 577 567 578 352 342 353 0
0 579 578 573 354 353 348 0
0 568 577 579 343 352 354 0
0 573 578 567 348 353 342 0
0 580 583 581 355 358 356 0
0 583 665 584 358 367 359 0
0 585 586 580 360 361 355 0
0 584 665 586 359 367 361 0
0 587 584 585 362 359 360 0
0 566 585 582 341 360 357 0
0 581 584 587 356 359 362 0
0 560 571 570 335 346 345 0
0 570 582 576 345 357 351 0
0 582 581 576 357 356 351 0

Materials: 1
"FVI.Colors"
0.200000 0.200000 0.200000 1.000000
0.800000 0.800000 0.800000 1.000000
0.000000 0.000000 0.000000 1.000000
1.000000 1.000000 1.000000 1.000000
0.000000
1.000000
"grads-colors.png"
""

Bones: 31
"ParentNode"
""
0 0.000000 0.000000 0.000000 0.000000 0.000000 0.000000
1
0.000000 0.000000 0.000000 -0.000000
1
0.000000 0.000000 -0.000000 0.000000
"Center"
"ParentNode"
0 0.000000 0.000000 0.000000 0.000000 0.000000 0.000000
1
0.000000 0.000000 0.000000 -0.000000
1
0.000000 0.000000 -0.000000 0.000000
"Groove"
"Center"
0 0.000000 0.000000 0.000000 0.000000 0.000000 0.000000
1
0.000000 0.000000 0.000000 -0.000000
1
0.000000 0.000000 -0.000000 0.000000
"Waist"
"Groove"
0 0.000000 0.000000 0.000000 0.000000 0.000000 0.000000
1
0.000000 0.000000 0.000000 -0.000000
1
0.000000 0.000000 -0.000000 0.000000
"UpperBody"
"Waist"
0 0.000000 0.000000 0.000000 0.000000 0.000000 0.000000
1
0.000000 0.000000 0.000000 -0.000000
1
0.000000 0.000000 -0.000000 0.000000
"UpperBody2"
"UpperBody"
0 0.000000 0.000000 0.000000 0.000000 0.000000 0.000000
1
0.000000 0.000000 0.000000 -0.000000
1
0.000000 0.000000 -0.000000 0.000000
"Neck"
"UpperBody2"
0 0.000000 0.000000 0.000000 0.000000 0.000000 0.000000
1
0.000000 0.000000 0.000000 -0.000000
1
0.000000 0.000000 -0.000000 0.000000
"Head"
"Neck"
0 0.000000 0.000000 0.000000 0.000000 0.000000 0.000000
1
0.000000 0.000000 0.000000 -0.000000
1
0.000000 0.000000 -0.000000 0.000000
"Shoulder_L"
"UpperBody2"
0 0.000000 0.000000 0.000000 0.000000 0.000000 0.000000
1
0.000000 0.000000 0.000000 -0.000000
1
0.000000 0.000000 -0.000000 0.000000
"Arm_L"
"Shoulder_L"
0 0.000000 0.000000 0.000000 0.000000 0.000000 0.000000
1
0.000000 0.000000 0.000000 -0.000000
1
0.000000 0.000000 -0.000000 0.000000
"ArmTwist_L"
"Arm_L"
0 0.000000 0.000000 0.000000 0.000000 0.000000 0.000000
1
0.000000 0.000000 0.000000 -0.000000
1
0.000000 0.000000 -0.000000 0.000000
"Elbow_L"
"ArmTwist_L"
0 0.000000 0.000000 0.000000 0.000000 0.000000 0.000000
1
0.000000 0.000000 0.000000 -0.000000
1
0.000000 0.000000 -0.000000 0.000000
"HandTwist_L"
"Elbow_L"
0 0.000000 0.000000 0.000000 0.000000 0.000000 0.000000
1
0.000000 0.000000 0.000000 -0.000000
1
0.000000 0.000000 -0.000000 0.000000
"Wrist_L"
"HandTwist_L"
0 0.000000 0.000000 0.000000 0.000000 0.000000 0.000000
1
0.000000 0.000000 0.000000 -0.000000
1
0.000000 0.000000 -0.000000 0.000000
"Thumb0_L"
"Wrist_L"
0 0.000000 0.000000 0.000000 0.000000 0.000000 0.000000
1
0.000000 0.000000 0.000000 -0.000000
1
0.000000 0.000000 -0.000000 0.000000
"Thumb1_L"
"Thumb0_L"
0 0.000000 0.000000 0.000000 0.000000 0.000000 0.000000
1
0.000000 0.000000 0.000000 0.000000
1
0.000000 0.000000 -0.000000 0.000000
"Shoulder_R"
"UpperBody2"
0 0.000000 0.000000 0.000000 0.000000 0.000000 0.000000
1
0.000000 0.000000 0.000000 -0.000000
1
0.000000 0.000000 -0.000000 0.000000
"Arm_R"
"Shoulder_R"
0 0.000000 0.000000 0.000000 0.000000 0.000000 0.000000
1
0.000000 0.000000 0.000000 -0.000000
1
0.000000 0.000000 -0.000000 0.000000
"ArmTwist_R"
"Arm_R"
0 0.000000 0.000000 0.000000 0.000000 0.000000 0.000000
1
0.000000 0.000000 0.000000 -0.000000
1
0.000000 0.000000 -0.000000 0.000000
"Elbow_R"
"ArmTwist_R"
0 0.000000 0.000000 0.000000 0.000000 0.000000 0.000000
1
0.000000 0.000000 0.000000 -0.000000
1
0.000000 0.000000 -0.000000 0.000000
"HandTwist_R"
"Elbow_R"
0 0.000000 0.000000 0.000000 0.000000 0.000000 0.000000
1
0.000000 0.000000 0.000000 -0.000000
1
0.000000 0.000000 -0.000000 0.000000
"Wrist_R"
"HandTwist_R"
0 0.000000 0.000000 0.000000 0.000000 0.000000 0.000000
1
0.000000 0.000000 0.000000 -0.000000
1
0.000000 0.000000 -0.000000 0.000000
"Thumb0_R"
"Wrist_R"
0 0.000000 0.000000 0.000000 0.000000 0.000000 0.000000
1
0.000000 0.000000 0.000000 -0.000000
1
0.000000 0.000000 -0.000000 0.000000
"Thumb1_R"
"Thumb0_R"
0 0.000000 0.000000 0.000000 0.000000 0.000000 0.000000
1
0.000000 0.000000 0.000000 -0.000000
1
0.000000 0.000000 -0.000000 0.000000
"LowerBody"
"Waist"
0 0.000000 0.000000 0.000000 0.000000 0.000000 0.000000
1
0.000000 0.000000 0.000000 -0.000000
1
0.000000 0.000000 -0.000000 0.000000
"Leg_L"
"LowerBody"
0 0.000000 0.000000 0.000000 0.000000 0.000000 0.000000
1
0.000000 0.000000 0.000000 -0.000000
1
0.000000 0.000000 -0.000000 0.000000
"Knee_L"
"Leg_L"
0 0.000000 0.000000 0.000000 0.000000 0.000000 0.000000
1
0.000000 0.000000 0.000000 -0.000000
1
0.000000 0.000000 -0.000000 0.000000
"Ankle_L"
"Knee_L"
0 0.000000 0.000000 0.000000 0.000000 0.000000 0.000000
1
0.000000 0.000000 0.000000 -0.000000
1
0.000000 0.000000 -0.000000 0.000000
"Leg_R"
"LowerBody"
0 0.000000 0.000000 0.000000 0.000000 0.000000 0.000000
1
0.000000 0.000000 0.000000 -0.000000
1
0.000000 0.000000 -0.000000 0.000000
"Knee_R"
"Leg_R"
0 0.000000 0.000000 0.000000 0.000000 0.000000 0.000000
1
0.000000 0.000000 0.000000 -0.000000
1
0.000000 0.000000 -0.000000 0.000000
"Ankle_R"
"Knee_R"
0 0.000000 0.000000 0.000000 0.000000 0.000000 0.000000
1
0.000000 0.000000 0.000000 -0.000000
1
0.000000 0.000000 -0.000000 0.000000
