Bones: 47
"ParentNode"
""
0 0.000000 0.000000 0.000000 0.000000 0.000000 0.000000
2
0.000000 0.000000 0.000000 -0.000000
59.000000 0.000000 0.000000 -0.000000
2
0.000000 0.000000 -0.000000 0.000000
59.000000 0.000000 -0.000000 0.000000
"Center"
"ParentNode"
0 0.000000 0.000000 0.000000 0.000000 0.000000 0.000000
60
0.000000 0.823953 8.843008 0.000710
1.000000 1.069701 8.882737 0.042492
2.000000 1.233077 8.985869 0.073655
3.000000 1.323230 9.128320 0.095282
4.000000 1.349317 9.286010 0.108451
5.000000 1.320491 9.434858 0.114244
6.000000 1.245902 9.550779 0.113741
7.000000 1.134705 9.609696 0.108023
8.000000 0.996052 9.566433 0.098170
9.000000 0.839096 9.399757 0.085263
10.000000 0.672991 9.150954 0.070383
11.000000 0.506888 8.862081 0.054610
12.000000 0.349942 8.575195 0.039025
13.000000 0.211303 8.332347 0.024708
14.000000 0.100126 8.175596 0.012741
15.000000 0.025564 8.148633 0.004203
16.000000 -0.005455 8.294485 0.000176
17.000000 -0.022147 8.576472 -0.000012
18.000000 -0.036362 8.939777 -0.000026
19.000000 -0.048244 9.329575 -0.000040
20.000000 -0.057931 9.691049 -0.000052
21.000000 -0.065567 9.969377 -0.000063
22.000000 -0.071291 10.109738 -0.000073
23.000000 -0.075247 10.087142 -0.000083
24.000000 -0.077574 9.968564 -0.000090
25.000000 -0.078415 9.784304 -0.000097
26.000000 -0.077911 9.561080 -0.000102
27.000000 -0.076203 9.325608 -0.000106
28.000000 -0.073432 9.104606 -0.000110
29.000000 -0.069741 8.924789 -0.000112
30.000000 -0.065270 8.812876 -0.000113
31.000000 -0.060160 8.793773 -0.000113
32.000000 -0.054555 8.855857 -0.000111
33.000000 -0.048593 8.972515 -0.000109
34.000000 -0.042419 9.120722 -0.000106
35.000000 -0.036170 9.277449 -0.000101
36.000000 -0.029992 9.419674 -0.000095
37.000000 -0.024023 9.524363 -0.000088
38.000000 -0.018406 9.568495 -0.000080
39.000000 -0.013282 9.502647 -0.000071
40.000000 -0.008792 9.316069 -0.000060
41.000000 -0.005078 9.057855 -0.000048
42.000000 -0.002282 8.777237 -0.000035
43.000000 -0.000543 8.523455 -0.000021
44.000000 0.000006 8.345741 -0.000006
45.000000 0.001450 8.292535 -0.001120
46.000000 0.005865 8.363554 -0.007021
47.000000 0.013933 8.524052 -0.016985
48.000000 0.026338 8.747307 -0.029876
49.000000 0.043756 9.006603 -0.044556
50.000000 0.066873 9.275221 -0.059892
51.000000 0.096370 9.526441 -0.074747
52.000000 0.132926 9.733547 -0.087983
53.000000 0.177224 9.869816 -0.098464
54.000000 0.229946 9.907000 -0.105056
55.000000 0.291772 9.807304 -0.106623
56.000000 0.363385 9.604424 -0.102026
57.000000 0.445467 9.352455 -0.090130
58.000000 0.538697 9.105496 -0.069799
59.000000 0.643757 8.917647 -0.039898
60
0.000000 -3.080148 -0.088843 -2.987191
1.000000 -3.084741 -0.088931 -2.972182
2.000000 -3.088566 -0.088990 -2.956647
3.000000 -3.091600 -0.088740 -2.941296
4.000000 -3.093804 -0.087883 -2.926844
5.000000 -3.095151 -0.086128 -2.914000
6.000000 -3.095605 -0.083193 -2.903474
7.000000 -3.095135 -0.078775 -2.895978
8.000000 -3.093712 -0.072592 -2.892220
9.000000 -3.091218 -0.062894 -2.893752
10.000000 -3.087674 -0.044084 -2.907300
11.000000 -3.083287 -0.020622 -2.932162
12.000000 -3.078271 0.001699 -2.965844
13.000000 -3.072831 0.017089 -3.005845
14.000000 -3.067174 0.022121 -3.049668
15.000000 -3.061513 0.020498 -3.094819
16.000000 -3.056058 0.015439 -3.138795
17.000000 -3.051015 0.010084 3.104083
18.000000 -3.046590 0.007581 3.069945
19.000000 -3.043000 0.011073 3.044470
20.000000 -3.040449 0.023222 3.030253
21.000000 -3.039148 0.042777 3.025748
22.000000 -3.038969 0.066622 3.027575
23.000000 -3.039563 0.091633 3.032353
24.000000 -3.040830 0.114695 3.036705
25.000000 -3.042684 0.132681 3.037249
26.000000 -3.045015 0.142469 3.030900
27.000000 -3.047739 0.139856 3.020289
28.000000 -3.050756 0.124113 3.007426
29.000000 -3.053968 0.104115 2.992907
30.000000 -3.057279 0.089214 2.977324
31.000000 -3.060602 0.088313 2.961274
32.000000 -3.063833 0.100024 2.945349
33.000000 -3.066877 0.120618 2.930148
34.000000 -3.069639 0.148123 2.916262
35.000000 -3.072023 0.180573 2.904288
36.000000 -3.073934 0.216005 2.894820
37.000000 -3.075278 0.252444 2.888449
38.000000 -3.075956 0.287925 2.885771
39.000000 -3.075815 0.320481 2.886698
40.000000 -3.074354 0.348143 2.890790
41.000000 -3.071676 0.368945 2.897825
42.000000 -3.068041 0.380918 2.907583
43.000000 -3.063703 0.382391 2.919842
44.000000 -3.058916 0.374625 2.934380
45.000000 -3.053933 0.358965 2.950974
46.000000 -3.049017 0.336502 2.969403
47.000000 -3.044420 0.308302 2.989447
48.000000 -3.040391 0.275449 3.010884
49.000000 -3.037195 0.239027 3.033488
50.000000 -3.035085 0.200109 3.057044
51.000000 -3.034314 0.159773 3.081324
52.000000 -3.035307 0.119102 3.106112
53.000000 -3.038217 0.079179 3.131182
54.000000 -3.042665 0.041077 -3.126870
55.000000 -3.048269 0.005875 -3.101897
56.000000 -3.054643 -0.025348 -3.077306
57.000000 -3.061403 -0.051510 -3.053317
58.000000 -3.068162 -0.071533 -3.030156
59.000000 -3.074540 -0.084335 -3.008038
"Groove"
"Center"
0 0.000000 0.000000 0.000000 0.000000 0.000000 0.000000
2
0.000000 0.000000 0.526618 0.000000
59.000000 0.000000 0.526618 0.000000
2
0.000000 -0.000000 0.000000 0.000000
59.000000 0.000000 0.000000 0.000000
"Waist"
"Groove"
0 0.000000 0.000000 0.000000 0.000000 0.000000 0.000000
2
0.000000 0.001122 2.451226 -0.187171
59.000000 0.001122 2.451226 -0.187171
2
0.000000 0.000000 0.000000 -0.000000
59.000000 0.000000 0.000000 -0.000000
"UpperBody"
"Waist"
0 0.000000 0.000000 0.000000 0.000000 0.000000 0.000000
2
0.000000 -0.001122 -2.552836 0.187179
59.000000 -0.001122 -2.552836 0.187179
60
0.000000 0.206074 0.060755 0.042881
1.000000 0.218544 0.092624 0.033908
2.000000 0.229967 0.121471 0.025753
3.000000 0.238965 0.146320 0.018915
4.000000 0.244137 0.166193 0.013894
5.000000 0.244091 0.180113 0.011200
6.000000 0.237436 0.186621 0.011393
7.000000 0.221193 0.152539 0.016657
8.000000 0.195786 0.082523 0.027481
9.000000 0.164880 0.012318 0.042241
10.000000 0.133242 -0.018778 0.054173
11.000000 0.105165 0.003506 0.061199
12.000000 0.084284 0.045047 0.064997
13.000000 0.074070 0.092342 0.066296
14.000000 0.073894 0.136313 0.065674
15.000000 0.080656 0.174975 0.063388
16.000000 0.092750 0.205863 0.059882
17.000000 0.108661 0.226454 0.055740
18.000000 0.126906 0.234252 0.051655
19.000000 0.145745 0.234979 0.047459
20.000000 0.163148 0.239406 0.042367
21.000000 0.177112 0.247009 0.038554
22.000000 0.185471 0.255531 0.039578
23.000000 0.185030 0.262135 0.043396
24.000000 0.177127 0.263969 0.047958
25.000000 0.164514 0.258205 0.051119
26.000000 0.149815 0.242073 0.050998
27.000000 0.136457 0.212196 0.051130
28.000000 0.127812 0.168419 0.052455
29.000000 0.126692 0.120051 0.054089
30.000000 0.130951 0.076886 0.055203
31.000000 0.139214 0.048279 0.055072
32.000000 0.149840 0.030666 0.054040
33.000000 0.161019 0.015679 0.052779
34.000000 0.171033 0.002674 0.051345
35.000000 0.178173 -0.008801 0.049792
36.000000 0.180751 -0.019203 0.048186
37.000000 0.176179 -0.028986 0.046596
38.000000 0.164949 -0.038610 0.045125
39.000000 0.149918 -0.048516 0.044110
40.000000 0.133531 -0.059143 0.043670
41.000000 0.118823 -0.070960 0.043861
42.000000 0.108965 -0.084434 0.044746
43.000000 0.102880 -0.099731 0.046372
44.000000 0.097554 -0.114101 0.048531
45.000000 0.093164 -0.124853 0.050944
46.000000 0.089863 -0.132197 0.053481
47.000000 0.087801 -0.136614 0.056019
48.000000 0.087130 -0.138132 0.058396
49.000000 0.088018 -0.136785 0.060448
50.000000 0.090638 -0.132614 0.062024
51.000000 0.095176 -0.125657 0.062989
52.000000 0.101991 -0.115967 0.063221
53.000000 0.111185 -0.103565 0.062679
54.000000 0.122324 -0.088443 0.061415
55.000000 0.134984 -0.070578 0.059505
56.000000 0.148737 -0.049945 0.057030
57.000000 0.163159 -0.026518 0.054076
58.000000 0.177821 -0.000273 0.050709
59.000000 0.192282 0.028814 0.046979
"UpperBody2"
"UpperBody"
0 0.000000 0.000000 0.000000 0.000000 0.000000 0.000000
2
0.000000 0.000000 1.093754 -0.036070
59.000000 0.000000 1.093754 -0.036070
2
0.000000 -0.000000 -0.000000 0.000000
59.000000 0.000000 -0.000000 -0.000000
"Neck"
"UpperBody2"
0 0.000000 0.000000 0.000000 0.000000 0.000000 0.000000
2
0.000000 0.000000 1.689473 -0.266451
59.000000 0.000000 1.689473 -0.266451
60
0.000000 0.112660 0.060380 0.025892
1.000000 0.099979 0.042998 0.058772
2.000000 0.085543 0.026925 0.093009
3.000000 0.071364 0.012999 0.126909
4.000000 0.059687 0.001771 0.158700
5.000000 0.052878 -0.006468 0.186563
6.000000 0.053426 -0.011100 0.208559
7.000000 0.072235 0.018022 0.214366
8.000000 0.108342 0.077142 0.206691
9.000000 0.150036 0.135747 0.194547
10.000000 0.185843 0.162518 0.180895
11.000000 0.208582 0.140493 0.165761
12.000000 0.220718 0.098020 0.144518
13.000000 0.221041 0.043165 0.118475
14.000000 0.211762 -0.018952 0.090759
15.000000 0.197209 -0.083330 0.064360
16.000000 0.179291 -0.144399 0.041398
17.000000 0.159077 -0.196243 0.023146
18.000000 0.137213 -0.232697 0.010000
19.000000 0.114410 -0.255421 0.003639
20.000000 0.091992 -0.271038 0.007628
21.000000 0.073254 -0.280329 0.017385
22.000000 0.062009 -0.285403 0.025253
23.000000 0.061319 -0.287161 0.029079
24.000000 0.069671 -0.286301 0.028236
25.000000 0.083623 -0.283270 0.022755
26.000000 0.099582 -0.278451 0.012729
27.000000 0.113665 -0.274031 -0.000815
28.000000 0.121977 -0.270860 -0.015696
29.000000 0.121747 -0.269151 -0.030642
30.000000 0.115501 -0.269116 -0.045771
31.000000 0.105056 -0.270898 -0.060942
32.000000 0.091782 -0.271930 -0.076454
33.000000 0.076704 -0.267291 -0.093615
34.000000 0.061174 -0.257827 -0.112591
35.000000 0.046770 -0.244230 -0.132655
36.000000 0.035270 -0.227028 -0.153023
37.000000 0.029583 -0.206428 -0.173020
38.000000 0.029716 -0.183049 -0.191251
39.000000 0.033319 -0.158345 -0.206846
40.000000 0.038167 -0.134017 -0.219349
41.000000 0.042262 -0.111856 -0.228390
42.000000 0.043458 -0.093725 -0.233850
43.000000 0.043639 -0.080485 -0.236031
44.000000 0.046649 -0.067747 -0.236541
45.000000 0.052945 -0.052715 -0.236203
46.000000 0.062080 -0.035749 -0.234304
47.000000 0.073255 -0.017079 -0.230455
48.000000 0.085390 0.002411 -0.224972
49.000000 0.097812 0.022059 -0.217417
50.000000 0.109870 0.041211 -0.207425
51.000000 0.120932 0.059187 -0.194783
52.000000 0.130416 0.075308 -0.179420
53.000000 0.137803 0.088901 -0.161411
54.000000 0.142670 0.099305 -0.140920
55.000000 0.144723 0.105879 -0.118165
56.000000 0.143804 0.108005 -0.093343
57.000000 0.139913 0.105087 -0.066588
58.000000 0.133207 0.096548 -0.037912
59.000000 0.123985 0.081826 -0.007183
"Head"
"Neck"
0 0.000000 0.000000 0.000000 0.000000 0.000000 0.000000
2
0.000000 0.000000 0.645015 0.006355
59.000000 0.000000 0.645015 0.006355
60
0.000000 -0.113994 -0.138615 0.057508
1.000000 -0.112942 -0.146309 0.056513
2.000000 -0.110849 -0.152606 0.056055
3.000000 -0.107827 -0.157521 0.056017
4.000000 -0.103982 -0.161076 0.056291
5.000000 -0.099404 -0.163285 0.056769
6.000000 -0.094171 -0.164167 0.057342
7.000000 -0.088362 -0.163740 0.057908
8.000000 -0.082052 -0.162021 0.058366
9.000000 -0.075319 -0.159025 0.058611
10.000000 -0.068248 -0.154766 0.058549
11.000000 -0.060927 -0.149261 0.058077
12.000000 -0.053458 -0.142521 0.057099
13.000000 -0.045949 -0.134556 0.055517
14.000000 -0.038524 -0.125375 0.053236
15.000000 -0.031318 -0.114988 0.050157
16.000000 -0.024479 -0.103402 0.046185
17.000000 -0.018164 -0.090595 0.041280
18.000000 -0.012533 -0.076392 0.035846
19.000000 -0.007718 -0.060700 0.030042
20.000000 -0.003887 -0.043871 0.023591
21.000000 -0.001111 -0.026935 0.016877
22.000000 0.001058 -0.010102 0.010045
23.000000 0.002921 0.006526 0.003218
24.000000 0.004479 0.022851 -0.003471
25.000000 0.005737 0.038771 -0.009899
26.000000 0.006712 0.054242 -0.015961
27.000000 0.007385 0.071081 -0.022218
28.000000 0.007731 0.089959 -0.028816
29.000000 0.007753 0.110571 -0.035560
30.000000 0.007461 0.132611 -0.042256
31.000000 0.006892 0.155772 -0.048719
32.000000 0.006093 0.179743 -0.054768
33.000000 0.005288 0.204369 -0.059759
34.000000 0.004773 0.229504 -0.063007
35.000000 0.004582 0.254717 -0.064647
36.000000 0.004722 0.279580 -0.064822
37.000000 0.005161 0.303661 -0.063680
38.000000 0.005839 0.326535 -0.061373
39.000000 0.006652 0.347780 -0.058064
40.000000 0.007444 0.366976 -0.053930
41.000000 0.007754 0.383783 -0.049477
42.000000 0.006312 0.398211 -0.046497
43.000000 0.002894 0.409770 -0.045249
44.000000 -0.002259 0.413264 -0.043967
45.000000 -0.008897 0.404512 -0.041170
46.000000 -0.016962 0.384944 -0.037413
47.000000 -0.026099 0.356127 -0.032760
48.000000 -0.035600 0.319912 -0.026419
49.000000 -0.045274 0.277848 -0.018624
50.000000 -0.054954 0.231455 -0.009675
51.000000 -0.064479 0.182259 0.000114
52.000000 -0.073690 0.131776 0.010396
53.000000 -0.082417 0.081519 0.020803
54.000000 -0.090482 0.032993 0.030926
55.000000 -0.097700 -0.012306 0.040314
56.000000 -0.103864 -0.052893 0.048465
57.000000 -0.108766 -0.087290 0.054835
58.000000 -0.112200 -0.114026 0.058850
59.000000 -0.113985 -0.131627 0.059928
"Shoulder_L"
"UpperBody2"
0 0.000000 0.000000 0.000000 0.000000 0.000000 0.000000
2
0.000000 0.558032 1.735743 -0.238216
59.000000 0.558032 1.735743 -0.238216
60
0.000000 -0.309434 -0.250938 0.009461
1.000000 -0.267310 -0.192076 -0.003685
2.000000 -0.225903 -0.123505 -0.018149
3.000000 -0.207906 -0.041245 -0.026806
4.000000 -0.210123 0.062011 -0.025233
5.000000 -0.195845 0.206686 -0.011284
6.000000 -0.157039 0.392271 0.019724
7.000000 -0.110393 0.627435 0.078623
8.000000 -0.039810 0.881124 0.199688
9.000000 0.107610 1.081081 0.439488
10.000000 0.320165 1.174885 0.776547
11.000000 0.460087 1.196662 1.038384
12.000000 0.552338 1.216969 1.190759
13.000000 0.565328 1.247821 1.198678
14.000000 0.404693 1.259330 1.012665
15.000000 0.143118 1.217657 0.705730
16.000000 -0.045722 1.120322 0.456887
17.000000 -0.139565 0.988882 0.303307
18.000000 -0.179048 0.847758 0.215460
19.000000 -0.199837 0.713386 0.164477
20.000000 -0.222251 0.594985 0.134644
21.000000 -0.257799 0.499391 0.117800
22.000000 -0.300084 0.420616 0.112419
23.000000 -0.341492 0.362309 0.114800
24.000000 -0.374693 0.329312 0.119380
25.000000 -0.395917 0.321991 0.120520
26.000000 -0.409171 0.336197 0.113691
27.000000 -0.419557 0.366102 0.097222
28.000000 -0.431751 0.405376 0.071354
29.000000 -0.458052 0.451954 0.028695
30.000000 -0.503205 0.493376 -0.030729
31.000000 -0.563444 0.512490 -0.097991
32.000000 -0.634075 0.492776 -0.156485
33.000000 -0.698561 0.443920 -0.194130
34.000000 -0.718578 0.359049 -0.201459
35.000000 -0.679018 0.223380 -0.156652
36.000000 -0.616666 0.043920 -0.079904
37.000000 -0.562837 -0.159565 -0.005987
38.000000 -0.508503 -0.361468 0.030116
39.000000 -0.433003 -0.566488 0.022529
40.000000 -0.361477 -0.791678 -0.002671
41.000000 -0.322202 -1.027080 -0.023129
42.000000 -0.349011 -1.247864 -0.006565
43.000000 -0.500105 -1.419012 0.117609
44.000000 -0.792902 -1.503213 0.399042
45.000000 -0.618221 -1.505655 0.230101
46.000000 -0.293350 -1.463641 -0.075008
47.000000 -0.175378 -1.391802 -0.159338
48.000000 -0.159522 -1.305436 -0.131650
49.000000 -0.184690 -1.211354 -0.058832
50.000000 -0.223585 -1.110076 0.023552
51.000000 -0.260731 -0.999098 0.088330
52.000000 -0.296020 -0.882443 0.127751
53.000000 -0.332639 -0.768408 0.144437
54.000000 -0.369116 -0.663999 0.142768
55.000000 -0.398151 -0.572626 0.127403
56.000000 -0.406935 -0.492932 0.102091
57.000000 -0.397418 -0.420555 0.073082
58.000000 -0.374773 -0.354265 0.045841
59.000000 -0.343843 -0.296072 0.024033
"Arm_L"
"Shoulder_L"
0 0.000000 0.000000 0.000000 0.000000 0.000000 0.000000
2
0.000000 0.385820 -0.165333 -0.009176
59.000000 0.385820 -0.165333 -0.009176
2
0.000000 0.000000 -0.000000 -0.383973
59.000000 0.000000 -0.000000 -0.383972
"ArmTwist_L"
"Arm_L"
0 0.000000 0.000000 0.000000 0.000000 0.000000 0.000000
2
0.000000 0.000000 0.000000 0.000000
59.000000 0.000000 0.000000 0.000000
2
0.000000 -0.000000 -0.000000 -0.000000
59.000000 0.000000 0.000000 0.000000
"Elbow_L"
"ArmTwist_L"
0 0.000000 0.000000 0.000000 0.000000 0.000000 0.000000
2
0.000000 1.760243 -1.075405 -0.024858
59.000000 1.760243 -1.075405 -0.024858
60
0.000000 -1.303440 -0.810269 0.631721
1.000000 -1.225086 -0.797852 0.575296
2.000000 -1.050996 -0.757491 0.453023
3.000000 -0.829598 -0.676976 0.307116
4.000000 -0.633241 -0.572609 0.191940
5.000000 -0.549560 -0.517295 0.148562
6.000000 -0.551927 -0.518955 0.149734
7.000000 -0.532181 -0.504946 0.140068
8.000000 -0.452602 -0.444549 0.103698
9.000000 -0.321678 -0.331643 0.054079
10.000000 -0.167848 -0.179979 0.015058
11.000000 -0.062926 -0.068378 0.002092
12.000000 -0.078212 -0.084886 0.003253
13.000000 -0.189627 -0.202479 0.019185
14.000000 -0.288764 -0.300757 0.043862
15.000000 -0.363272 -0.369288 0.068343
16.000000 -0.437394 -0.432289 0.097249
17.000000 -0.506281 -0.485984 0.127766
18.000000 -0.563367 -0.526893 0.155442
19.000000 -0.613168 -0.559960 0.181178
20.000000 -0.664647 -0.591633 0.209195
21.000000 -0.701077 -0.612551 0.229816
22.000000 -0.710494 -0.617762 0.235247
23.000000 -0.702082 -0.613112 0.230393
24.000000 -0.691742 -0.607307 0.224473
25.000000 -0.692008 -0.607457 0.224622
26.000000 -0.707243 -0.615970 0.233366
27.000000 -0.737577 -0.632302 0.251083
28.000000 -0.783965 -0.655717 0.278922
29.000000 -0.843020 -0.682905 0.315551
30.000000 -0.903461 -0.707850 0.354263
31.000000 -0.951673 -0.725764 0.385925
32.000000 -0.960252 -0.728775 0.391627
33.000000 -0.929511 -0.717742 0.371290
34.000000 -0.923115 -0.715359 0.367092
35.000000 -0.914076 -0.711942 0.361177
36.000000 -0.891905 -0.703300 0.346773
37.000000 -0.864712 -0.692185 0.329309
38.000000 -0.873428 -0.695810 0.334882
39.000000 -0.931928 -0.718635 0.372880
40.000000 -0.983315 -0.736608 0.407046
41.000000 -1.008347 -0.744693 0.423928
42.000000 -0.991563 -0.739321 0.412592
43.000000 -0.933412 -0.719181 0.373857
44.000000 -0.910397 -0.710532 0.358777
45.000000 -0.945292 -0.723491 0.381698
46.000000 -1.023558 -0.749397 0.434260
47.000000 -1.132765 -0.778739 0.509830
48.000000 -1.253964 -0.802823 0.596012
49.000000 -1.365702 -0.817767 0.676976
50.000000 -1.448909 -0.824637 0.737874
51.000000 -1.491812 -0.826802 0.769400
52.000000 -1.492289 -0.826822 0.769750
53.000000 -1.457953 -0.825171 0.744515
54.000000 -1.404660 -0.821425 0.705440
55.000000 -1.354668 -0.816587 0.668933
56.000000 -1.334361 -0.814249 0.654155
57.000000 -1.337520 -0.814626 0.656452
58.000000 -1.346573 -0.815682 0.663037
59.000000 -1.341739 -0.815123 0.659520
"HandTwist_L"
"Elbow_L"
0 0.000000 0.000000 0.000000 0.000000 0.000000 0.000000
2
0.000000 0.611892 -0.293904 0.004184
59.000000 0.611892 -0.293904 0.004184
2
0.000000 -0.000000 0.000000 -0.000000
59.000000 0.000000 -0.000000 0.000000
"Wrist_L"
"HandTwist_L"
0 0.000000 0.000000 0.000000 0.000000 0.000000 0.000000
2
0.000000 1.162462 -0.901060 0.028752
59.000000 1.162462 -0.901060 0.028752
60
0.000000 0.060517 0.155814 0.260486
1.000000 0.110695 0.176106 0.202664
2.000000 0.162687 0.143608 0.169825
3.000000 0.222879 0.081839 0.176528
4.000000 0.290315 0.023343 0.228319
5.000000 0.389120 0.007054 0.310031
6.000000 0.500676 0.021541 0.398800
7.000000 0.554394 0.036379 0.467402
8.000000 0.538370 0.049329 0.499149
9.000000 0.465790 0.059036 0.499471
10.000000 0.353551 0.050569 0.480245
11.000000 0.255007 0.015918 0.457267
12.000000 0.234021 -0.007129 0.441724
13.000000 0.284635 0.005897 0.443223
14.000000 0.314928 0.016333 0.464148
15.000000 0.318790 0.022087 0.504619
16.000000 0.327122 0.031507 0.551297
17.000000 0.335832 0.043881 0.599872
18.000000 0.339520 0.060286 0.640670
19.000000 0.337604 0.081053 0.666697
20.000000 0.334308 0.100054 0.676094
21.000000 0.317708 0.112805 0.665619
22.000000 0.277227 0.127236 0.641334
23.000000 0.216989 0.143224 0.607646
24.000000 0.144985 0.160232 0.568143
25.000000 0.071021 0.178167 0.528041
26.000000 0.006065 0.196972 0.492295
27.000000 -0.042630 0.217949 0.464403
28.000000 -0.069446 0.242785 0.447367
29.000000 -0.069673 0.264208 0.438151
30.000000 -0.044353 0.279126 0.438960
31.000000 -0.000368 0.287128 0.456587
32.000000 0.045105 0.281180 0.499255
33.000000 0.076344 0.264402 0.552180
34.000000 0.115743 0.243957 0.551147
35.000000 0.122962 0.237500 0.502993
36.000000 0.088996 0.231956 0.412489
37.000000 0.036571 0.201328 0.320049
38.000000 0.017805 0.139719 0.260115
39.000000 0.054022 0.074164 0.232709
40.000000 0.114515 0.038604 0.231423
41.000000 0.175682 0.057419 0.243924
42.000000 0.177723 0.076412 0.237425
43.000000 0.064299 0.060234 0.218947
44.000000 -0.056044 0.043352 0.207498
45.000000 -0.069039 0.064901 0.160240
46.000000 0.021232 0.113091 0.090256
47.000000 0.079264 0.070454 0.002422
48.000000 0.137130 0.002237 -0.105237
49.000000 0.189680 -0.091693 -0.210317
50.000000 0.233930 -0.213425 -0.289839
51.000000 0.264062 -0.357763 -0.327050
52.000000 0.261118 -0.504338 -0.302731
53.000000 0.200957 -0.618201 -0.199722
54.000000 0.086112 -0.658699 -0.030475
55.000000 -0.030455 -0.603777 0.144690
56.000000 -0.092099 -0.468758 0.266919
57.000000 -0.095139 -0.291402 0.324447
58.000000 -0.060216 -0.108160 0.331863
59.000000 -0.005657 0.049894 0.305381
"Thumb0_L"
"Wrist_L"
0 0.000000 0.000000 0.000000 0.000000 0.000000 0.000000
2
0.000000 0.174469 -0.193725 0.336712
59.000000 0.174469 -0.193725 0.336712
2
0.000000 0.000000 0.000000 -0.000000
59.000000 0.000000 -0.000000 -0.000000
"Thumb1_L"
"Thumb0_L"
0 0.000000 0.000000 0.000000 0.000000 0.000000 0.000000
2
0.000000 0.121677 -0.142247 0.194540
59.000000 0.121677 -0.142247 0.194540
2
0.000000 0.000000 0.000000 0.000000
59.000000 0.000000 -0.000000 -0.000000
"IndexFinger1_L"
"Wrist_L"
0 0.000000 0.000000 0.000000 0.000000 0.000000 0.000000
2
0.000000 0.761500 -0.367183 0.341560
59.000000 0.761500 -0.367183 0.341560
2
0.000000 0.000000 0.000000 -0.000000
59.000000 0.000000 -0.000000 -0.000000
"IndexFinger2_L"
"IndexFinger1_L"
0 0.000000 0.000000 0.000000 0.000000 0.000000 0.000000
2
0.000000 0.288482 -0.207052 0.002222
59.000000 0.288482 -0.207052 0.002222
2
0.000000 -0.000000 -0.000000 0.000000
59.000000 -0.000000 -0.000000 -0.000000
"MiddleFinger1_L"
"Wrist_L"
0 0.000000 0.000000 0.000000 0.000000 0.000000 0.000000
2
0.000000 0.777469 -0.376663 0.096795
59.000000 0.777469 -0.376663 0.096795
2
0.000000 0.000000 -0.000000 -0.000000
59.000000 -0.000000 -0.000000 -0.000000
"MiddleFinger2_L"
"MiddleFinger1_L"
0 0.000000 0.000000 0.000000 0.000000 0.000000 0.000000
2
0.000000 0.318308 -0.213800 0.002462
59.000000 0.318308 -0.213800 0.002462
2
0.000000 0.000000 0.000000 -0.000000
59.000000 0.000000 -0.000000 -0.000000
"RingFinger1_L"
"Wrist_L"
0 0.000000 0.000000 0.000000 0.000000 0.000000 0.000000
2
0.000000 0.745621 -0.357768 -0.150212
59.000000 0.745621 -0.357768 -0.150212
2
0.000000 0.000000 0.000000 -0.000000
59.000000 0.000000 -0.000000 -0.000000
"RingFinger2_L"
"RingFinger1_L"
0 0.000000 0.000000 0.000000 0.000000 0.000000 0.000000
2
0.000000 0.288241 -0.212656 0.002375
59.000000 0.288241 -0.212656 0.002375
2
0.000000 0.000000 0.000000 0.000000
59.000000 0.000000 -0.000000 -0.000000
"LittleFinger1_L"
"Wrist_L"
0 0.000000 0.000000 0.000000 0.000000 0.000000 0.000000
2
0.000000 0.713479 -0.338693 -0.370364
59.000000 0.713479 -0.338693 -0.370364
2
0.000000 0.000000 0.000000 -0.000000
59.000000 0.000000 -0.000000 -0.000000
"LittleFinger2_L"
"LittleFinger1_L"
0 0.000000 0.000000 0.000000 0.000000 0.000000 0.000000
2
0.000000 0.228404 -0.161501 0.001881
59.000000 0.228404 -0.161501 0.001881
2
0.000000 0.000000 0.000000 0.000000
59.000000 0.000000 -0.000000 -0.000000
"Shoulder_R"
"UpperBody2"
0 0.000000 0.000000 0.000000 0.000000 0.000000 0.000000
2
0.000000 -0.573857 1.751412 -0.238216
59.000000 -0.573857 1.751412 -0.238216
60
0.000000 0.111927 -0.480469 0.011493
1.000000 0.150639 -0.461009 0.051573
2.000000 0.183688 -0.429919 0.093590
3.000000 0.207211 -0.385155 0.132681
4.000000 0.218011 -0.327599 0.164026
5.000000 0.213008 -0.261393 0.183162
6.000000 0.189770 -0.193039 0.186342
7.000000 0.141209 -0.089523 0.169248
8.000000 0.064485 0.034223 0.130319
9.000000 -0.027647 0.144917 0.078669
10.000000 -0.114752 0.211661 0.023348
11.000000 -0.178757 0.214273 -0.028905
12.000000 -0.225324 0.188257 -0.079017
13.000000 -0.254879 0.141147 -0.126269
14.000000 -0.266123 0.080432 -0.168692
15.000000 -0.257518 0.016983 -0.203381
16.000000 -0.237724 -0.048243 -0.226972
17.000000 -0.217588 -0.114012 -0.236350
18.000000 -0.199762 -0.175885 -0.232216
19.000000 -0.187769 -0.236617 -0.215851
20.000000 -0.181781 -0.303276 -0.189148
21.000000 -0.180198 -0.372355 -0.159078
22.000000 -0.175346 -0.440657 -0.134292
23.000000 -0.167111 -0.496514 -0.117744
24.000000 -0.155133 -0.537859 -0.111316
25.000000 -0.139411 -0.565486 -0.114892
26.000000 -0.120445 -0.580785 -0.126692
27.000000 -0.099255 -0.585642 -0.143513
28.000000 -0.076214 -0.578375 -0.162099
29.000000 -0.049969 -0.559597 -0.176545
30.000000 -0.013699 -0.531353 -0.182323
31.000000 0.030206 -0.496487 -0.179101
32.000000 0.076264 -0.457110 -0.166213
33.000000 0.119557 -0.414121 -0.144165
34.000000 0.156699 -0.376932 -0.115189
35.000000 0.183703 -0.357556 -0.082258
36.000000 0.191428 -0.364248 -0.048226
37.000000 0.187518 -0.375187 -0.016702
38.000000 0.179307 -0.366788 0.011312
39.000000 0.161644 -0.343337 0.035905
40.000000 0.116222 -0.303433 0.057792
41.000000 0.086348 -0.266003 0.074732
42.000000 0.108984 -0.247889 0.085849
43.000000 0.125688 -0.230452 0.092430
44.000000 0.126180 -0.204476 0.104821
45.000000 0.192276 -0.204252 0.119069
46.000000 0.267391 -0.214389 0.130501
47.000000 0.287924 -0.215514 0.140408
48.000000 0.279900 -0.218596 0.143471
49.000000 0.256377 -0.229078 0.135648
50.000000 0.229900 -0.251328 0.114348
51.000000 0.205233 -0.283288 0.083781
52.000000 0.181927 -0.320334 0.049495
53.000000 0.159106 -0.358984 0.015390
54.000000 0.135386 -0.395883 -0.015050
55.000000 0.110087 -0.428207 -0.038883
56.000000 0.084938 -0.454181 -0.053696
57.000000 0.066277 -0.473640 -0.057492
58.000000 0.064456 -0.487204 -0.048576
59.000000 0.083185 -0.492440 -0.025722
"Arm_R"
"Shoulder_R"
0 0.000000 0.000000 0.000000 0.000000 0.000000 0.000000
2
0.000000 -0.352262 -0.165335 -0.009176
59.000000 -0.352262 -0.165335 -0.009176
2
0.000000 0.000000 -0.000000 0.383972
59.000000 -0.000000 0.000000 0.383972
"ArmTwist_R"
"Arm_R"
0 0.000000 0.000000 0.000000 0.000000 0.000000 0.000000
2
0.000000 0.000000 0.000000 0.000000
59.000000 0.000000 0.000000 0.000000
2
0.000000 -0.000000 -0.000000 0.000000
59.000000 -0.000000 -0.000000 0.000000
"Elbow_R"
"ArmTwist_R"
0 0.000000 0.000000 0.000000 0.000000 0.000000 0.000000
2
0.000000 -1.741207 -1.105957 -0.024858
59.000000 -1.741207 -1.105957 -0.024858
60
0.000000 -0.553028 0.435699 -0.125851
1.000000 -0.729078 0.533310 -0.208199
2.000000 -0.923811 0.615428 -0.314408
3.000000 -1.127676 0.675005 -0.437412
4.000000 -1.327368 0.710146 -0.565264
5.000000 -1.507110 0.723907 -0.683627
6.000000 -1.652434 0.723208 -0.779986
7.000000 -1.749093 0.716904 -0.843788
8.000000 -1.778757 0.714020 -0.863257
9.000000 -1.753792 0.716477 -0.846876
10.000000 -1.706689 0.720249 -0.815855
11.000000 -1.669083 0.722458 -0.791006
12.000000 -1.644031 0.723536 -0.774419
13.000000 -1.638639 0.723725 -0.770849
14.000000 -1.640779 0.723652 -0.772268
15.000000 -1.621834 0.724230 -0.759712
16.000000 -1.580690 0.724866 -0.732426
17.000000 -1.517379 0.724203 -0.690434
18.000000 -1.442727 0.720856 -0.641029
19.000000 -1.358458 0.713704 -0.585587
20.000000 -1.264246 0.701370 -0.524293
21.000000 -1.173705 0.685047 -0.466376
22.000000 -1.104680 0.669533 -0.423083
23.000000 -1.022595 0.647468 -0.372800
24.000000 -0.927409 0.616703 -0.316490
25.000000 -0.827214 0.577956 -0.260051
26.000000 -0.729934 0.533728 -0.208636
27.000000 -0.642075 0.487934 -0.165608
28.000000 -0.565861 0.443590 -0.131320
29.000000 -0.508339 0.407273 -0.107542
30.000000 -0.475125 0.385197 -0.094704
31.000000 -0.458372 0.373760 -0.088490
32.000000 -0.451441 0.368970 -0.085969
33.000000 -0.451065 0.368707 -0.085832
34.000000 -0.451488 0.369003 -0.085987
35.000000 -0.447365 0.366135 -0.084503
36.000000 -0.423286 0.349162 -0.076059
37.000000 -0.376460 0.315011 -0.060762
38.000000 -0.306715 0.261506 -0.040882
39.000000 -0.211864 0.184292 -0.019828
40.000000 -0.063730 0.056402 -0.001884
41.000000 0.048227 -0.042715 -0.001046
42.000000 0.048228 -0.042717 -0.001047
43.000000 0.048226 -0.042716 -0.001047
44.000000 0.048227 -0.042716 -0.001047
45.000000 -0.119246 0.105075 -0.006399
46.000000 -0.347623 0.293257 -0.052110
47.000000 -0.504942 0.405052 -0.106197
48.000000 -0.621958 0.476648 -0.156267
49.000000 -0.698562 0.518024 -0.192871
50.000000 -0.732198 0.534835 -0.209789
51.000000 -0.729905 0.533715 -0.208621
52.000000 -0.698494 0.517989 -0.192838
53.000000 -0.642326 0.488072 -0.165725
54.000000 -0.567789 0.444766 -0.132149
55.000000 -0.484094 0.391238 -0.098103
56.000000 -0.404798 0.335856 -0.069840
57.000000 -0.351026 0.295853 -0.053099
58.000000 -0.350702 0.295603 -0.053005
59.000000 -0.420411 0.347108 -0.075077
"HandTwist_R"
"Elbow_R"
0 0.000000 0.000000 0.000000 0.000000 0.000000 0.000000
2
0.000000 -0.611892 -0.293904 0.004184
59.000000 -0.611892 -0.293904 0.004184
2
0.000000 0.000000 -0.000000 0.000000
59.000000 -0.000000 -0.000000 0.000000
"Wrist_R"
"HandTwist_R"
0 0.000000 0.000000 0.000000 0.000000 0.000000 0.000000
2
0.000000 -1.271278 -0.920473 -0.037122
59.000000 -1.271278 -0.920473 -0.037122
60
0.000000 0.169032 -0.313390 -0.448507
1.000000 0.326770 -0.261930 -0.494321
2.000000 0.451450 -0.213596 -0.475681
3.000000 0.533466 -0.192279 -0.407501
4.000000 0.562877 -0.207271 -0.313599
5.000000 0.532881 -0.252347 -0.217467
6.000000 0.446375 -0.312804 -0.137283
7.000000 0.333978 -0.377133 -0.096725
8.000000 0.207817 -0.431088 -0.075508
9.000000 0.077535 -0.464359 -0.070169
10.000000 -0.034508 -0.472899 -0.087020
11.000000 -0.111578 -0.460239 -0.121335
12.000000 -0.157227 -0.446097 -0.165724
13.000000 -0.171011 -0.438443 -0.213947
14.000000 -0.161093 -0.436678 -0.259842
15.000000 -0.149235 -0.432589 -0.298412
16.000000 -0.139136 -0.427055 -0.325494
17.000000 -0.128043 -0.422825 -0.338408
18.000000 -0.111978 -0.424007 -0.341271
19.000000 -0.090346 -0.434440 -0.334909
20.000000 -0.055011 -0.475474 -0.369485
21.000000 -0.004894 -0.567663 -0.454253
22.000000 0.044067 -0.662423 -0.543611
23.000000 0.039447 -0.705111 -0.574030
24.000000 -0.002660 -0.667189 -0.520590
25.000000 -0.040293 -0.584165 -0.470864
26.000000 -0.059817 -0.484489 -0.451559
27.000000 -0.058383 -0.387534 -0.460906
28.000000 -0.038629 -0.311316 -0.487822
29.000000 0.002621 -0.265310 -0.517572
30.000000 0.068487 -0.249275 -0.532335
31.000000 0.146052 -0.250988 -0.529925
32.000000 0.219673 -0.258296 -0.522127
33.000000 0.284874 -0.267277 -0.506452
34.000000 0.336131 -0.273353 -0.477809
35.000000 0.372520 -0.269814 -0.431211
36.000000 0.401615 -0.235951 -0.368601
37.000000 0.423366 -0.189476 -0.302465
38.000000 0.426832 -0.152359 -0.242210
39.000000 0.405812 -0.118204 -0.187543
40.000000 0.336902 -0.068629 -0.137326
41.000000 0.275663 -0.038020 -0.096681
42.000000 0.264286 -0.064176 -0.065332
43.000000 0.233510 -0.095571 -0.036391
44.000000 0.197440 -0.145716 -0.010879
45.000000 0.263359 -0.299938 -0.018299
46.000000 0.377068 -0.484719 -0.075359
47.000000 0.459909 -0.621241 -0.149271
48.000000 0.527840 -0.722223 -0.230306
49.000000 0.566902 -0.788600 -0.297344
50.000000 0.554222 -0.822111 -0.325085
51.000000 0.492122 -0.827768 -0.316254
52.000000 0.395507 -0.807241 -0.288219
53.000000 0.277422 -0.767734 -0.248899
54.000000 0.152618 -0.713810 -0.207751
55.000000 0.036772 -0.646608 -0.178847
56.000000 -0.055002 -0.571664 -0.173328
57.000000 -0.104919 -0.498554 -0.199311
58.000000 -0.090732 -0.436226 -0.260785
59.000000 0.002306 -0.380357 -0.351154
"Thumb0_R"
"Wrist_R"
0 0.000000 0.000000 0.000000 0.000000 0.000000 0.000000
2
0.000000 -0.253755 -0.050283 0.402551
59.000000 -0.253755 -0.050283 0.402551
2
0.000000 -0.000000 0.000000 0.000000
59.000000 0.000000 -0.000000 -0.000000
"Thumb1_R"
"Thumb0_R"
0 0.000000 0.000000 0.000000 0.000000 0.000000 0.000000
2
0.000000 -0.125992 -0.154765 0.181708
59.000000 -0.125992 -0.154765 0.181708
2
0.000000 -0.000000 0.000000 0.000000
59.000000 0.000000 -0.000000 0.000000
"IndexFinger1_R"
"Wrist_R"
0 0.000000 0.000000 0.000000 0.000000 0.000000 0.000000
2
0.000000 -0.845716 -0.205992 0.407397
59.000000 -0.845716 -0.205992 0.407397
2
0.000000 -0.000000 0.000000 0.000000
59.000000 0.000000 -0.000000 -0.000000
"IndexFinger2_R"
"IndexFinger1_R"
0 0.000000 0.000000 0.000000 0.000000 0.000000 0.000000
2
0.000000 -0.321179 -0.151370 0.002701
59.000000 -0.321179 -0.151370 0.002701
2
0.000000 -0.000000 0.000000 0.000000
59.000000 0.000000 -0.000000 0.000000
"MiddleFinger1_R"
"Wrist_R"
0 0.000000 0.000000 0.000000 0.000000 0.000000 0.000000
2
0.000000 -0.861965 -0.214983 0.162642
59.000000 -0.861965 -0.214983 0.162642
2
0.000000 -0.000000 0.000000 -0.000000
59.000000 0.000000 -0.000000 -0.000000
"MiddleFinger2_R"
"MiddleFinger1_R"
0 0.000000 0.000000 0.000000 0.000000 0.000000 0.000000
2
0.000000 -0.339075 -0.178986 0.002863
59.000000 -0.339075 -0.178986 0.002863
2
0.000000 -0.000000 0.000000 -0.000000
59.000000 0.000000 -0.000000 -0.000000
"RingFinger1_R"
"Wrist_R"
0 0.000000 0.000000 0.000000 0.000000 0.000000 0.000000
2
0.000000 -0.829562 -0.197054 -0.084355
59.000000 -0.829562 -0.197054 -0.084355
2
0.000000 -0.000000 0.000000 0.000000
59.000000 0.000000 -0.000000 -0.000000
"RingFinger2_R"
"RingFinger1_R"
0 0.000000 0.000000 0.000000 0.000000 0.000000 0.000000
2
0.000000 -0.308816 -0.181453 0.002494
59.000000 -0.308816 -0.181453 0.002494
2
0.000000 -0.000000 0.000000 0.000000
59.000000 0.000000 -0.000000 -0.000000
"LittleFinger1_R"
"Wrist_R"
0 0.000000 0.000000 0.000000 0.000000 0.000000 0.000000
2
0.000000 -0.796858 -0.178958 -0.304498
59.000000 -0.796858 -0.178958 -0.304498
2
0.000000 -0.000000 0.000000 0.000000
59.000000 0.000000 -0.000000 -0.000000
"LittleFinger2_R"
"LittleFinger1_R"
0 0.000000 0.000000 0.000000 0.000000 0.000000 0.000000
2
0.000000 -0.253692 -0.117826 0.001958
59.000000 -0.253692 -0.117826 0.001958
2
0.000000 -0.000000 0.000000 0.000000
59.000000 0.000000 -0.000000 -0.000000
"LowerBody"
"Waist"
0 0.000000 0.000000 0.000000 0.000000 0.000000 0.000000
2
0.000000 -0.001122 -2.596922 0.187171
59.000000 -0.001122 -2.596922 0.187171
2
0.000000 -0.000000 0.000000 -0.000000
59.000000 0.000000 0.000000 -0.000000
"Leg_L"
"LowerBody"
0 0.000000 0.000000 0.000000 0.000000 0.000000 0.000000
2
0.000000 0.829650 -1.207692 -0.131177
59.000000 0.829650 -1.207692 -0.131177
60
0.000000 -0.437438 -0.015715 0.270070
1.000000 -0.444507 -0.041782 0.273316
2.000000 -0.456943 -0.060904 0.261722
3.000000 -0.470936 -0.073759 0.237673
4.000000 -0.482281 -0.080949 0.203179
5.000000 -0.487411 -0.082890 0.159962
6.000000 -0.484313 -0.079747 0.109433
7.000000 -0.473578 -0.071424 0.052632
8.000000 -0.468128 -0.057278 -0.010548
9.000000 -0.477215 -0.035374 -0.081363
10.000000 -0.468534 -0.003158 -0.162309
11.000000 -0.442621 0.033946 -0.248758
12.000000 -0.411519 0.076716 -0.337832
13.000000 -0.397305 0.127706 -0.427819
14.000000 -0.431431 0.176585 -0.512587
15.000000 -0.502304 0.218109 -0.575270
16.000000 -0.579629 0.248830 -0.595832
17.000000 -0.643138 0.269925 -0.575374
18.000000 -0.683559 0.279453 -0.516132
19.000000 -0.692651 0.272497 -0.421553
20.000000 -0.663866 0.245936 -0.298621
21.000000 -0.593526 0.211071 -0.166081
22.000000 -0.495770 0.171983 -0.041893
23.000000 -0.400491 0.121352 0.063687
24.000000 -0.311617 0.060379 0.139583
25.000000 -0.255964 0.005897 0.175616
26.000000 -0.255188 -0.017766 0.165656
27.000000 -0.272172 -0.019822 0.137931
28.000000 -0.287458 -0.025120 0.108545
29.000000 -0.297780 -0.032673 0.077093
30.000000 -0.296391 -0.037259 0.042527
31.000000 -0.270837 -0.031179 0.003813
32.000000 -0.225384 -0.011553 -0.036858
33.000000 -0.173822 0.018606 -0.076871
34.000000 -0.122347 0.057349 -0.114909
35.000000 -0.074218 0.102843 -0.150104
36.000000 -0.039760 0.153277 -0.181732
37.000000 -0.045552 0.207558 -0.209088
38.000000 -0.093053 0.273336 -0.231321
39.000000 -0.170999 0.346848 -0.248269
40.000000 -0.254308 0.419626 -0.260290
41.000000 -0.327063 0.483435 -0.267005
42.000000 -0.385471 0.530297 -0.267528
43.000000 -0.426871 0.552794 -0.260975
44.000000 -0.449304 0.538692 -0.247605
45.000000 -0.449981 0.495340 -0.227341
46.000000 -0.433769 0.443253 -0.200309
47.000000 -0.408396 0.403831 -0.166975
48.000000 -0.375705 0.395521 -0.127838
49.000000 -0.337917 0.409777 -0.084118
50.000000 -0.297648 0.425377 -0.037557
51.000000 -0.258239 0.422318 0.010215
52.000000 -0.224236 0.384110 0.058269
53.000000 -0.204384 0.329789 0.103795
54.000000 -0.211941 0.271903 0.142844
55.000000 -0.249980 0.212522 0.176591
56.000000 -0.299071 0.154214 0.205205
57.000000 -0.348347 0.099568 0.228808
58.000000 -0.390981 0.051245 0.247417
59.000000 -0.422120 0.011935 0.261095
"Knee_L"
"Leg_L"
0 0.000000 0.000000 0.000000 0.000000 0.000000 0.000000
2
0.000000 -0.116090 -3.406620 -0.240854
59.000000 -0.116090 -3.406620 -0.240854
60
0.000000 0.858035 0.000000 -0.000000
1.000000 0.856429 0.000000 -0.000000
2.000000 0.844261 0.000000 -0.000000
3.000000 0.819848 0.000000 -0.000000
4.000000 0.780811 -0.000001 -0.000000
5.000000 0.725897 0.000000 0.000000
6.000000 0.656431 0.000000 -0.000000
7.000000 0.578101 0.000000 -0.000000
8.000000 0.519771 0.000000 -0.000000
9.000000 0.502711 0.000000 -0.000000
10.000000 0.463994 0.000000 -0.000000
11.000000 0.389468 0.000000 -0.000000
12.000000 0.301007 0.000000 -0.000000
13.000000 0.245696 0.000000 0.000000
14.000000 0.292107 0.000000 -0.000000
15.000000 0.418635 0.000000 -0.000000
16.000000 0.564431 -0.000000 -0.000000
17.000000 0.688992 0.000000 -0.000000
18.000000 0.775353 -0.000000 -0.000000
19.000000 0.811491 0.000000 0.000000
20.000000 0.790830 0.000000 -0.000000
21.000000 0.709690 0.000000 -0.000000
22.000000 0.591678 0.000000 -0.000000
23.000000 0.488876 0.000000 -0.000000
24.000000 0.400090 0.000000 -0.000000
25.000000 0.368098 0.000000 0.000000
26.000000 0.427011 0.000000 -0.000000
27.000000 0.503936 0.000000 -0.000000
28.000000 0.561957 0.000000 -0.000000
29.000000 0.596586 0.000000 -0.000000
30.000000 0.599788 0.000000 0.000000
31.000000 0.557608 0.000000 -0.000000
32.000000 0.475927 0.000000 0.000000
33.000000 0.380253 0.000000 -0.000000
34.000000 0.281552 0.000000 -0.000000
35.000000 0.185569 0.000000 -0.000000
36.000000 0.113233 0.000000 -0.000000
37.000000 0.119092 0.000000 -0.000000
38.000000 0.207828 0.000000 -0.000000
39.000000 0.359312 0.000000 -0.000000
40.000000 0.523634 0.000000 -0.000000
41.000000 0.669620 0.000000 -0.000000
42.000000 0.790756 0.000000 -0.000000
43.000000 0.881809 0.000000 -0.000000
44.000000 0.936437 0.000000 -0.000000
45.000000 0.946286 0.000000 0.000000
46.000000 0.920472 0.000000 0.000000
47.000000 0.875389 0.000000 -0.000000
48.000000 0.814275 0.000000 -0.000000
49.000000 0.740797 0.000000 -0.000000
50.000000 0.659263 0.000000 -0.000000
51.000000 0.575754 0.000000 -0.000000
52.000000 0.500017 0.000000 -0.000000
53.000000 0.450565 0.000000 0.000000
54.000000 0.454595 0.000000 -0.000000
55.000000 0.519865 0.000000 -0.000000
56.000000 0.607594 0.000000 -0.000000
57.000000 0.696620 -0.000001 -0.000000
58.000000 0.773942 0.000000 -0.000000
59.000000 0.830470 0.000000 -0.000000
"Ankle_L"
"Knee_L"
0 0.000000 0.000000 0.000000 0.000000 0.000000 0.000000
2
0.000000 0.040696 -3.844473 -0.524997
59.000000 0.040696 -3.844473 -0.524997
60
0.000000 -0.321844 0.436891 0.032805
1.000000 -0.271717 0.470277 0.018946
2.000000 -0.162434 0.510000 -0.002999
3.000000 -0.038858 0.549801 -0.025170
4.000000 0.055211 0.582835 -0.039875
5.000000 0.101529 0.600653 -0.041728
6.000000 0.124453 0.580388 -0.026323
7.000000 0.133284 0.389324 0.018226
8.000000 0.088971 0.191466 0.024624
9.000000 0.001789 0.173712 -0.000351
10.000000 -0.078769 0.235542 -0.023716
11.000000 -0.125878 0.335825 -0.032683
12.000000 -0.134956 0.434860 -0.019936
13.000000 -0.120509 0.490699 0.004184
14.000000 -0.102046 0.480859 0.010464
15.000000 -0.060820 0.389298 0.003780
16.000000 0.012935 0.269224 0.009234
17.000000 0.105112 0.207507 0.022617
18.000000 0.186891 0.251286 0.017430
19.000000 0.229295 0.354255 -0.011849
20.000000 0.213215 0.460784 -0.047377
21.000000 0.189319 0.506443 -0.050411
22.000000 0.177714 0.485813 -0.014602
23.000000 0.165134 0.434492 0.030239
24.000000 0.168378 0.383765 0.073382
25.000000 0.173780 0.353874 0.100970
26.000000 0.145008 0.358891 0.100825
27.000000 0.100758 0.387837 0.073650
28.000000 0.049641 0.431753 0.033284
29.000000 -0.004782 0.486403 -0.016083
30.000000 -0.048808 0.546693 -0.065623
31.000000 -0.072535 0.606423 -0.102877
32.000000 -0.068558 0.652656 -0.117056
33.000000 -0.042584 0.672167 -0.109524
34.000000 0.001610 0.662277 -0.086652
35.000000 0.058797 0.632130 -0.058845
36.000000 0.117199 0.585944 -0.036979
37.000000 0.134528 0.527908 -0.036565
38.000000 0.100058 0.454381 -0.048538
39.000000 0.027993 0.373737 -0.057725
40.000000 -0.055197 0.301665 -0.050761
41.000000 -0.135415 0.253286 -0.028983
42.000000 -0.210498 0.239907 -0.002489
43.000000 -0.276575 0.264685 0.021896
44.000000 -0.326369 0.328965 0.034421
45.000000 -0.345521 0.395723 0.015729
46.000000 -0.337871 0.443673 -0.018361
47.000000 -0.311136 0.457266 -0.050697
48.000000 -0.263467 0.422115 -0.065768
49.000000 -0.198915 0.354240 -0.070416
50.000000 -0.113401 0.282350 -0.075860
51.000000 -0.018606 0.230040 -0.084984
52.000000 0.063411 0.216526 -0.094981
53.000000 0.110176 0.224754 -0.092486
54.000000 0.099473 0.240951 -0.077241
55.000000 0.032337 0.263812 -0.057166
56.000000 -0.059918 0.294197 -0.033990
57.000000 -0.156195 0.330672 -0.010739
58.000000 -0.240474 0.369804 0.009719
59.000000 -0.299662 0.406908 0.024942
"Leg_R"
"LowerBody"
0 0.000000 0.000000 0.000000 0.000000 0.000000 0.000000
2
0.000000 -0.898729 -1.207692 -0.131176
59.000000 -0.898729 -1.207692 -0.131176
60
0.000000 -0.295878 -0.166368 -0.002235
1.000000 -0.298468 -0.184566 0.037846
2.000000 -0.286292 -0.205152 0.076215
3.000000 -0.262849 -0.227203 0.111661
4.000000 -0.231537 -0.249903 0.143214
5.000000 -0.196671 -0.272521 0.170074
6.000000 -0.164898 -0.294363 0.191548
7.000000 -0.146567 -0.314727 0.206977
8.000000 -0.162487 -0.332779 0.215569
9.000000 -0.213614 -0.346354 0.215467
10.000000 -0.277076 -0.350251 0.198411
11.000000 -0.339268 -0.348116 0.165968
12.000000 -0.393831 -0.344311 0.121184
13.000000 -0.436300 -0.344299 0.067920
14.000000 -0.461585 -0.351018 0.010373
15.000000 -0.463968 -0.361013 -0.047610
16.000000 -0.436290 -0.372393 -0.101786
17.000000 -0.382352 -0.382255 -0.149702
18.000000 -0.314829 -0.388872 -0.189541
19.000000 -0.245314 -0.388773 -0.218774
20.000000 -0.179718 -0.379102 -0.234110
21.000000 -0.130225 -0.365355 -0.235285
22.000000 -0.122864 -0.357626 -0.216898
23.000000 -0.152694 -0.355575 -0.187025
24.000000 -0.177907 -0.358807 -0.154884
25.000000 -0.199394 -0.366504 -0.130513
26.000000 -0.221515 -0.377497 -0.123298
27.000000 -0.246048 -0.390147 -0.135913
28.000000 -0.270872 -0.402258 -0.165344
29.000000 -0.294351 -0.404527 -0.205986
30.000000 -0.317257 -0.384189 -0.250959
31.000000 -0.337021 -0.327694 -0.291873
32.000000 -0.362131 -0.250334 -0.320900
33.000000 -0.401599 -0.169894 -0.333094
34.000000 -0.452702 -0.097495 -0.323682
35.000000 -0.507596 -0.043791 -0.274382
36.000000 -0.548063 -0.007297 -0.188495
37.000000 -0.558712 0.013166 -0.082156
38.000000 -0.538056 0.017678 0.027211
39.000000 -0.513695 0.005015 0.124812
40.000000 -0.501707 -0.020451 0.203378
41.000000 -0.465022 -0.051715 0.269391
42.000000 -0.420345 -0.087526 0.324944
43.000000 -0.403896 -0.127748 0.372718
44.000000 -0.453830 -0.170356 0.414976
45.000000 -0.514362 -0.211044 0.444155
46.000000 -0.573660 -0.247497 0.452759
47.000000 -0.632903 -0.280118 0.440710
48.000000 -0.686727 -0.308218 0.406369
49.000000 -0.727662 -0.329408 0.347107
50.000000 -0.746157 -0.338867 0.260131
51.000000 -0.729222 -0.330692 0.149747
52.000000 -0.666252 -0.309782 0.052127
53.000000 -0.572789 -0.282042 -0.020439
54.000000 -0.471190 -0.255783 -0.066379
55.000000 -0.388622 -0.230257 -0.090307
56.000000 -0.333032 -0.205712 -0.096449
57.000000 -0.302022 -0.184198 -0.087974
58.000000 -0.289783 -0.168582 -0.067748
59.000000 -0.289831 -0.161814 -0.038429
"Knee_R"
"Leg_R"
0 0.000000 0.000000 0.000000 0.000000 0.000000 0.000000
2
0.000000 0.176030 -3.406622 -0.240880
59.000000 0.176030 -3.406622 -0.240880
60
0.000000 0.758016 0.000000 0.000000
1.000000 0.755445 0.000000 0.000000
2.000000 0.722708 0.000000 0.000000
3.000000 0.667547 0.000000 -0.000000
4.000000 0.597419 0.000000 0.000000
5.000000 0.521555 0.000000 0.000000
6.000000 0.453818 0.000000 0.000000
7.000000 0.415491 0.000000 0.000000
8.000000 0.449505 0.000000 -0.000000
9.000000 0.558538 0.000000 0.000000
10.000000 0.697268 0.000000 0.000000
11.000000 0.834357 0.000000 0.000000
12.000000 0.952941 0.000000 0.000000
13.000000 1.042314 0.000000 0.000000
14.000000 1.093385 0.000000 0.000000
15.000000 1.095594 0.000000 0.000000
16.000000 1.034016 0.000000 0.000000
17.000000 0.917731 0.000000 0.000000
18.000000 0.774264 0.000000 0.000000
19.000000 0.626450 0.000000 0.000000
20.000000 0.484069 0.000000 0.000000
21.000000 0.373947 -0.000000 0.000000
22.000000 0.353728 0.000000 0.000000
23.000000 0.415978 0.000000 -0.000000
24.000000 0.475012 0.000000 -0.000000
25.000000 0.530670 0.000000 -0.000000
26.000000 0.587660 0.000000 0.000000
27.000000 0.648021 0.000000 0.000000
28.000000 0.709130 0.000000 0.000000
29.000000 0.766499 0.000000 0.000000
30.000000 0.817029 0.000000 -0.000000
31.000000 0.845955 0.000000 0.000000
32.000000 0.858003 0.000000 0.000000
33.000000 0.867707 -0.000000 0.000000
34.000000 0.879484 0.000000 0.000000
35.000000 0.892431 -0.000000 0.000000
36.000000 0.883254 0.000000 0.000000
37.000000 0.830595 0.000000 0.000000
38.000000 0.734008 0.000000 -0.000000
39.000000 0.640540 0.000000 0.000000
40.000000 0.572122 0.000000 0.000000
41.000000 0.462043 0.000000 0.000000
42.000000 0.343435 -0.000000 0.000000
43.000000 0.288556 0.000000 0.000000
44.000000 0.376389 0.000000 0.000000
45.000000 0.492233 -0.000000 0.000000
46.000000 0.603979 -0.000000 0.000000
47.000000 0.715353 0.000000 0.000000
48.000000 0.819361 0.000000 -0.000000
49.000000 0.906952 0.000000 0.000000
50.000000 0.966641 0.000000 0.000000
51.000000 0.981510 0.000000 0.000000
52.000000 0.937329 0.000000 0.000000
53.000000 0.850109 -0.000000 -0.000000
54.000000 0.749555 0.000000 0.000000
55.000000 0.682251 0.000000 0.000000
56.000000 0.659451 0.000000 0.000000
57.000000 0.672066 -0.000001 0.000000
58.000000 0.704166 0.000000 0.000000
59.000000 0.738399 0.000000 0.000000
"Ankle_R"
"Knee_R"
0 0.000000 0.000000 0.000000 0.000000 0.000000 0.000000
2
0.000000 -0.053873 -3.844478 -0.524989
59.000000 -0.053873 -3.844478 -0.524989
60
0.000000 -0.125726 -0.492920 -0.129716
1.000000 -0.179160 -0.474869 -0.137445
2.000000 -0.216894 -0.435896 -0.111801
3.000000 -0.231467 -0.390298 -0.065299
4.000000 -0.217279 -0.352195 -0.011099
5.000000 -0.173187 -0.332891 0.036527
6.000000 -0.108210 -0.339062 0.062889
7.000000 -0.047960 -0.370785 0.063860
8.000000 -0.023045 -0.416191 0.069973
9.000000 -0.043383 -0.456297 0.087491
10.000000 -0.091525 -0.488582 0.112272
11.000000 -0.156956 -0.513991 0.139493
12.000000 -0.235567 -0.533538 0.165991
13.000000 -0.316889 -0.547852 0.187837
14.000000 -0.376654 -0.558381 0.200678
15.000000 -0.402435 -0.566165 0.198702
16.000000 -0.380223 -0.570377 0.174759
17.000000 -0.313144 -0.565642 0.134258
18.000000 -0.221314 -0.546724 0.089942
19.000000 -0.123961 -0.514456 0.052860
20.000000 -0.014806 -0.418321 -0.009685
21.000000 0.070739 -0.238721 -0.077540
22.000000 0.082266 -0.047211 -0.123935
23.000000 0.035811 0.072566 -0.150414
24.000000 -0.009476 0.076987 -0.139442
25.000000 -0.050613 0.006065 -0.097788
26.000000 -0.093885 -0.091353 -0.042514
27.000000 -0.144710 -0.175108 -0.004335
28.000000 -0.202789 -0.226381 -0.019365
29.000000 -0.254213 -0.281548 -0.055594
30.000000 -0.256772 -0.347252 -0.097010
31.000000 -0.189192 -0.420436 -0.135659
32.000000 -0.083489 -0.479142 -0.169924
33.000000 0.011182 -0.502282 -0.186337
34.000000 0.050890 -0.488206 -0.174543
35.000000 0.037857 -0.457586 -0.161572
36.000000 -0.004056 -0.421073 -0.152207
37.000000 -0.053757 -0.399993 -0.132740
38.000000 -0.097322 -0.422777 -0.093816
39.000000 -0.134542 -0.469747 -0.049593
40.000000 -0.157888 -0.514167 -0.013839
41.000000 -0.129999 -0.524225 -0.013106
42.000000 -0.080910 -0.473741 -0.018760
43.000000 -0.055913 -0.391712 -0.004146
44.000000 -0.083026 -0.313907 0.017295
45.000000 -0.088693 -0.280831 -0.002642
46.000000 -0.071643 -0.299378 -0.050719
47.000000 -0.046849 -0.356444 -0.096176
48.000000 -0.021350 -0.435174 -0.117116
49.000000 0.002670 -0.513464 -0.106588
50.000000 0.032558 -0.571837 -0.076038
51.000000 0.077825 -0.604894 -0.045860
52.000000 0.123270 -0.622343 -0.032130
53.000000 0.186001 -0.617944 -0.028724
54.000000 0.234658 -0.599909 -0.044984
55.000000 0.242098 -0.575761 -0.063321
56.000000 0.206448 -0.550711 -0.076613
57.000000 0.138035 -0.528270 -0.086575
58.000000 0.050706 -0.510481 -0.096821
59.000000 -0.041530 -0.498481 -0.110470
