Bones: 47
"ParentNode"
""
16 0.000000 0.000000 0.000000 0.000000 0.000000 0.000000
2
0.0 0.000000 0.000000 -0.000000
59.0 0.000000 0.000000 -0.000000
2
0.0 3.141593 0.000000 3.141593
59.0 3.141593 0.000000 3.141593
"Center"
"ParentNode"
16 0.000000 0.000000 0.000000 0.000000 0.000000 0.000000
60
0.0 -0.823954 2.893830 -0.000710
1.0 -1.069702 2.903336 -0.042492
2.0 -1.233078 2.928014 -0.073655
3.0 -1.323231 2.962100 -0.095282
4.0 -1.349318 2.999833 -0.108451
5.0 -1.320492 3.035451 -0.114244
6.0 -1.245903 3.063189 -0.113741
7.0 -1.134706 3.077287 -0.108023
8.0 -0.996053 3.066935 -0.098170
9.0 -0.839097 3.027052 -0.085263
10.0 -0.672992 2.967517 -0.070383
11.0 -0.506889 2.898393 -0.054610
12.0 -0.349943 2.829745 -0.039025
13.0 -0.211304 2.771635 -0.024708
14.0 -0.100127 2.734127 -0.012741
15.0 -0.025565 2.727675 -0.004203
16.0 0.005454 2.762575 -0.000176
17.0 0.022146 2.830051 0.000012
18.0 0.036361 2.916985 0.000026
19.0 0.048243 3.010258 0.000040
20.0 0.057930 3.096754 0.000052
21.0 0.065566 3.163353 0.000063
22.0 0.071290 3.196940 0.000073
23.0 0.075246 3.191534 0.000083
24.0 0.077573 3.163159 0.000090
25.0 0.078414 3.119068 0.000097
26.0 0.077910 3.065654 0.000102
27.0 0.076202 3.009309 0.000106
28.0 0.073431 2.956426 0.000110
29.0 0.069740 2.913399 0.000112
30.0 0.065269 2.886619 0.000113
31.0 0.060159 2.882048 0.000113
32.0 0.054554 2.896904 0.000111
33.0 0.048592 2.924818 0.000109
34.0 0.042418 2.960282 0.000106
35.0 0.036169 2.997785 0.000101
36.0 0.029991 3.031817 0.000095
37.0 0.024022 3.056868 0.000088
38.0 0.018405 3.067429 0.000080
39.0 0.013281 3.051672 0.000071
40.0 0.008791 3.007026 0.000060
41.0 0.005077 2.945239 0.000048
42.0 0.002281 2.878091 0.000035
43.0 0.000542 2.817365 0.000021
44.0 -0.000007 2.774840 0.000006
45.0 -0.001451 2.762109 0.001120
46.0 -0.005866 2.779102 0.007021
47.0 -0.013934 2.817508 0.016985
48.0 -0.026339 2.870929 0.029876
49.0 -0.043757 2.932975 0.044556
50.0 -0.066874 2.997252 0.059892
51.0 -0.096371 3.057366 0.074747
52.0 -0.132927 3.106923 0.087983
53.0 -0.177225 3.139530 0.098464
54.0 -0.229947 3.148428 0.105056
55.0 -0.291773 3.124572 0.106623
56.0 -0.363386 3.076026 0.102026
57.0 -0.445468 3.015733 0.090130
58.0 -0.538698 2.956639 0.069799
59.0 -0.643758 2.911690 0.039898
60
0.0 0.061445 0.088846 -0.154402
1.0 0.056852 0.088931 -0.169411
2.0 0.053025 0.088992 -0.184946
3.0 0.049993 0.088740 -0.200296
4.0 0.047788 0.087885 -0.214748
5.0 0.046441 0.086131 -0.227592
6.0 0.045987 0.083193 -0.238119
7.0 0.046457 0.078776 -0.245615
8.0 0.047879 0.072595 -0.249372
9.0 0.050374 0.062895 -0.247841
10.0 0.053918 0.044087 -0.234293
11.0 0.058305 0.020624 -0.209431
12.0 0.063321 -0.001698 -0.175749
13.0 0.068761 -0.017087 -0.135748
14.0 0.074418 -0.022119 -0.091925
15.0 0.080079 -0.020498 -0.046774
16.0 0.085534 -0.015439 -0.002798
17.0 0.090577 -0.010083 0.037510
18.0 0.095002 -0.007580 0.071648
19.0 0.098592 -0.011073 0.097122
20.0 0.101144 -0.023221 0.111340
21.0 0.102445 -0.042774 0.115845
22.0 0.102624 -0.066619 0.114018
23.0 0.102029 -0.091634 0.109240
24.0 0.100763 -0.114695 0.104887
25.0 0.098909 -0.132681 0.104344
26.0 0.096578 -0.142467 0.110693
27.0 0.093854 -0.139854 0.121304
28.0 0.090837 -0.124111 0.134167
29.0 0.087625 -0.104113 0.148686
30.0 0.084314 -0.089212 0.164269
31.0 0.080991 -0.088312 0.180319
32.0 0.077760 -0.100023 0.196243
33.0 0.074716 -0.120616 0.211445
34.0 0.071954 -0.148122 0.225331
35.0 0.069570 -0.180573 0.237305
36.0 0.067659 -0.216003 0.246773
37.0 0.066316 -0.252441 0.253144
38.0 0.065637 -0.287924 0.255821
39.0 0.065778 -0.320478 0.254894
40.0 0.067239 -0.348142 0.250803
41.0 0.069917 -0.368943 0.243767
42.0 0.073552 -0.380916 0.234009
43.0 0.077890 -0.382391 0.221750
44.0 0.082677 -0.374622 0.207213
45.0 0.087659 -0.358965 0.190619
46.0 0.092576 -0.336499 0.172190
47.0 0.097173 -0.308299 0.152145
48.0 0.101201 -0.275448 0.130709
49.0 0.104398 -0.239025 0.108105
50.0 0.106508 -0.200106 0.084549
51.0 0.107278 -0.159773 0.060269
52.0 0.106286 -0.119102 0.035481
53.0 0.103376 -0.079179 0.010410
54.0 0.098928 -0.041075 -0.014723
55.0 0.093324 -0.005873 -0.039696
56.0 0.086950 0.025349 -0.064287
57.0 0.080190 0.051510 -0.088276
58.0 0.073430 0.071533 -0.111437
59.0 0.067052 0.084338 -0.133554
"Groove"
"Center"
16 0.000000 0.000000 0.000000 0.000000 0.000000 0.000000
2
0.0 0.000000 -0.260309 0.000000
59.0 0.000000 -0.260309 0.000000
2
0.0 -0.000000 -0.000000 0.000000
59.0 0.000000 0.000000 0.000000
"Waist"
"Groove"
16 0.000000 0.000000 0.000000 0.000000 0.000000 0.000000
2
0.0 0.000000 0.000000 0.000000
59.0 0.000000 0.000000 0.000000
2
0.0 -0.000000 -0.000000 -0.000000
59.0 0.000000 0.000000 0.000000
"UpperBody"
"Waist"
16 0.000000 0.000000 0.000000 0.000000 0.000000 0.000000
2
0.0 0.000000 1.177646 0.000000
59.0 0.000000 1.177646 0.000000
60
0.0 0.206074 0.060755 0.042881
1.0 0.218544 0.092624 0.033908
2.0 0.229967 0.121471 0.025752
3.0 0.238965 0.146320 0.018915
4.0 0.244137 0.166193 0.013894
5.0 0.244091 0.180113 0.011200
6.0 0.237436 0.186621 0.011393
7.0 0.221193 0.152539 0.016657
8.0 0.195786 0.082523 0.027480
9.0 0.164880 0.012318 0.042241
10.0 0.133243 -0.018778 0.054173
11.0 0.105165 0.003506 0.061199
12.0 0.084284 0.045047 0.064997
13.0 0.074070 0.092342 0.066296
14.0 0.073894 0.136313 0.065674
15.0 0.080656 0.174975 0.063388
16.0 0.092750 0.205863 0.059882
17.0 0.108661 0.226454 0.055740
18.0 0.126906 0.234252 0.051655
19.0 0.145745 0.234979 0.047459
20.0 0.163148 0.239406 0.042367
21.0 0.177112 0.247009 0.038554
22.0 0.185471 0.255531 0.039578
23.0 0.185029 0.262135 0.043396
24.0 0.177127 0.263969 0.047958
25.0 0.164515 0.258206 0.051119
26.0 0.149815 0.242073 0.050998
27.0 0.136457 0.212197 0.051130
28.0 0.127812 0.168419 0.052455
29.0 0.126692 0.120051 0.054089
30.0 0.130951 0.076886 0.055203
31.0 0.139214 0.048279 0.055072
32.0 0.149840 0.030666 0.054040
33.0 0.161019 0.015679 0.052779
34.0 0.171033 0.002674 0.051345
35.0 0.178173 -0.008801 0.049792
36.0 0.180751 -0.019203 0.048186
37.0 0.176179 -0.028986 0.046596
38.0 0.164949 -0.038610 0.045125
39.0 0.149918 -0.048516 0.044110
40.0 0.133531 -0.059143 0.043670
41.0 0.118823 -0.070959 0.043861
42.0 0.108965 -0.084434 0.044746
43.0 0.102880 -0.099731 0.046372
44.0 0.097554 -0.114101 0.048531
45.0 0.093164 -0.124853 0.050944
46.0 0.089863 -0.132197 0.053481
47.0 0.087801 -0.136614 0.056019
48.0 0.087130 -0.138132 0.058396
49.0 0.088018 -0.136785 0.060448
50.0 0.090638 -0.132614 0.062024
51.0 0.095176 -0.125657 0.062989
52.0 0.101991 -0.115967 0.063221
53.0 0.111185 -0.103565 0.062679
54.0 0.122324 -0.088443 0.061415
55.0 0.134984 -0.070578 0.059505
56.0 0.148737 -0.049945 0.057030
57.0 0.163159 -0.026518 0.054076
58.0 0.177821 -0.000273 0.050708
59.0 0.192282 0.028814 0.046978
"UpperBody2"
"UpperBody"
16 0.000000 0.000000 0.000000 0.000000 0.000000 0.000000
2
0.0 0.000000 1.224391 0.000000
59.0 0.000000 1.224391 0.000000
2
0.0 -0.000000 0.000000 0.000000
59.0 0.000000 0.000000 -0.000000
"Neck"
"UpperBody2"
16 0.000000 0.000000 0.000000 0.000000 0.000000 0.000000
2
0.0 0.000000 1.332762 -0.088852
59.0 0.000000 1.332762 -0.088852
60
0.0 0.112660 0.060380 0.025892
1.0 0.099980 0.042998 0.058772
2.0 0.085543 0.026925 0.093009
3.0 0.071364 0.013000 0.126909
4.0 0.059687 0.001772 0.158700
5.0 0.052878 -0.006468 0.186563
6.0 0.053426 -0.011100 0.208559
7.0 0.072236 0.018022 0.214366
8.0 0.108342 0.077142 0.206691
9.0 0.150036 0.135747 0.194547
10.0 0.185843 0.162518 0.180895
11.0 0.208583 0.140493 0.165761
12.0 0.220718 0.098021 0.144518
13.0 0.221041 0.043165 0.118475
14.0 0.211762 -0.018952 0.090759
15.0 0.197209 -0.083330 0.064359
16.0 0.179291 -0.144399 0.041398
17.0 0.159077 -0.196243 0.023146
18.0 0.137213 -0.232696 0.010000
19.0 0.114410 -0.255421 0.003639
20.0 0.091992 -0.271038 0.007627
21.0 0.073254 -0.280328 0.017385
22.0 0.062009 -0.285403 0.025253
23.0 0.061319 -0.287161 0.029079
24.0 0.069671 -0.286301 0.028236
25.0 0.083623 -0.283270 0.022755
26.0 0.099582 -0.278451 0.012728
27.0 0.113665 -0.274031 -0.000816
28.0 0.121977 -0.270860 -0.015697
29.0 0.121747 -0.269151 -0.030642
30.0 0.115501 -0.269116 -0.045772
31.0 0.105056 -0.270898 -0.060942
32.0 0.091782 -0.271930 -0.076454
33.0 0.076703 -0.267291 -0.093616
34.0 0.061174 -0.257827 -0.112592
35.0 0.046770 -0.244230 -0.132655
36.0 0.035270 -0.227028 -0.153023
37.0 0.029583 -0.206428 -0.173020
38.0 0.029716 -0.183049 -0.191251
39.0 0.033319 -0.158345 -0.206846
40.0 0.038167 -0.134017 -0.219349
41.0 0.042262 -0.111856 -0.228390
42.0 0.043458 -0.093725 -0.233850
43.0 0.043639 -0.080485 -0.236031
44.0 0.046649 -0.067747 -0.236541
45.0 0.052945 -0.052715 -0.236203
46.0 0.062081 -0.035748 -0.234304
47.0 0.073255 -0.017079 -0.230455
48.0 0.085390 0.002411 -0.224972
49.0 0.097812 0.022059 -0.217417
50.0 0.109870 0.041211 -0.207425
51.0 0.120932 0.059187 -0.194783
52.0 0.130416 0.075309 -0.179420
53.0 0.137803 0.088901 -0.161411
54.0 0.142670 0.099305 -0.140920
55.0 0.144723 0.105879 -0.118165
56.0 0.143804 0.108005 -0.093343
57.0 0.139913 0.105087 -0.066588
58.0 0.133207 0.096548 -0.037912
59.0 0.123985 0.081826 -0.007183
"Head"
"Neck"
16 0.000000 0.000000 0.000000 0.000000 0.000000 0.000000
2
0.0 0.000000 0.000000 0.000000
59.0 0.000000 0.000000 0.000000
60
0.0 -0.113994 -0.138615 0.057508
1.0 -0.112942 -0.146309 0.056513
2.0 -0.110849 -0.152606 0.056055
3.0 -0.107827 -0.157521 0.056017
4.0 -0.103982 -0.161076 0.056291
5.0 -0.099404 -0.163285 0.056769
6.0 -0.094172 -0.164167 0.057342
7.0 -0.088362 -0.163740 0.057909
8.0 -0.082052 -0.162021 0.058366
9.0 -0.075319 -0.159025 0.058611
10.0 -0.068248 -0.154766 0.058549
11.0 -0.060927 -0.149261 0.058077
12.0 -0.053458 -0.142521 0.057099
13.0 -0.045948 -0.134556 0.055517
14.0 -0.038524 -0.125375 0.053236
15.0 -0.031318 -0.114988 0.050157
16.0 -0.024479 -0.103402 0.046185
17.0 -0.018164 -0.090595 0.041280
18.0 -0.012533 -0.076392 0.035846
19.0 -0.007719 -0.060700 0.030042
20.0 -0.003887 -0.043871 0.023591
21.0 -0.001111 -0.026935 0.016877
22.0 0.001058 -0.010102 0.010045
23.0 0.002921 0.006526 0.003218
24.0 0.004479 0.022851 -0.003471
25.0 0.005737 0.038771 -0.009899
26.0 0.006712 0.054242 -0.015961
27.0 0.007385 0.071081 -0.022218
28.0 0.007731 0.089959 -0.028816
29.0 0.007753 0.110571 -0.035560
30.0 0.007461 0.132611 -0.042256
31.0 0.006892 0.155772 -0.048719
32.0 0.006093 0.179743 -0.054768
33.0 0.005288 0.204369 -0.059759
34.0 0.004773 0.229504 -0.063007
35.0 0.004582 0.254717 -0.064647
36.0 0.004722 0.279581 -0.064822
37.0 0.005161 0.303661 -0.063680
38.0 0.005839 0.326535 -0.061373
39.0 0.006652 0.347780 -0.058064
40.0 0.007444 0.366976 -0.053930
41.0 0.007754 0.383783 -0.049477
42.0 0.006312 0.398211 -0.046497
43.0 0.002894 0.409770 -0.045249
44.0 -0.002259 0.413264 -0.043967
45.0 -0.008897 0.404512 -0.041170
46.0 -0.016962 0.384944 -0.037413
47.0 -0.026099 0.356127 -0.032760
48.0 -0.035600 0.319912 -0.026419
49.0 -0.045274 0.277848 -0.018624
50.0 -0.054954 0.231455 -0.009675
51.0 -0.064479 0.182259 0.000114
52.0 -0.073690 0.131776 0.010396
53.0 -0.082417 0.081519 0.020803
54.0 -0.090482 0.032993 0.030926
55.0 -0.097700 -0.012306 0.040314
56.0 -0.103864 -0.052893 0.048465
57.0 -0.108766 -0.087290 0.054835
58.0 -0.112200 -0.114026 0.058850
59.0 -0.113985 -0.131627 0.059928
"Shoulder_L"
"UpperBody2"
16 0.000000 0.000000 0.000000 0.000000 0.000000 0.000000
2
0.0 0.694371 0.558231 -0.000001
59.0 0.694371 0.558231 -0.000001
2
0.0 -0.000000 0.000000 0.000000
59.0 0.000000 0.000000 -0.000000
"Arm_L"
"Shoulder_L"
16 0.000000 0.000000 0.000000 0.000000 0.000000 0.000000
2
0.0 0.466465 0.000000 0.000000
59.0 0.466465 0.000000 0.000000
60
0.0 -0.078927 -0.388297 -0.695030
1.0 -0.085728 -0.316797 -0.696566
2.0 -0.098133 -0.237860 -0.701120
3.0 -0.136543 -0.162547 -0.700649
4.0 -0.202867 -0.082946 -0.690924
5.0 -0.281061 0.039638 -0.677195
6.0 -0.368951 0.207636 -0.668570
7.0 -0.499240 0.411640 -0.672558
8.0 -0.671422 0.623150 -0.686031
9.0 -0.834598 0.800348 -0.676571
10.0 -0.925566 0.916395 -0.600887
11.0 -0.951809 0.971106 -0.490025
12.0 -0.989612 1.003603 -0.455423
13.0 -1.047614 1.004629 -0.508699
14.0 -1.062193 0.953919 -0.554164
15.0 -1.015833 0.863671 -0.577024
16.0 -0.929021 0.757483 -0.588763
17.0 -0.821579 0.644901 -0.591074
18.0 -0.713358 0.533494 -0.587196
19.0 -0.619461 0.426953 -0.580053
20.0 -0.549405 0.326476 -0.570410
21.0 -0.510444 0.233430 -0.557957
22.0 -0.491364 0.148054 -0.540928
23.0 -0.486863 0.078455 -0.522231
24.0 -0.492604 0.033382 -0.506716
25.0 -0.504670 0.015706 -0.499082
26.0 -0.523124 0.020024 -0.501956
27.0 -0.548341 0.038843 -0.515595
28.0 -0.580176 0.064520 -0.538519
29.0 -0.626507 0.089171 -0.573799
30.0 -0.683272 0.100942 -0.618048
31.0 -0.738194 0.088249 -0.661457
32.0 -0.780850 0.039185 -0.688631
33.0 -0.806686 -0.031733 -0.697245
34.0 -0.782105 -0.115050 -0.698549
35.0 -0.681352 -0.214904 -0.681708
36.0 -0.529176 -0.335748 -0.654825
37.0 -0.354870 -0.472385 -0.646618
38.0 -0.159414 -0.596116 -0.696396
39.0 0.081536 -0.694349 -0.815533
40.0 0.369661 -0.788575 -0.991051
41.0 0.697553 -0.875971 -1.223979
42.0 1.043763 -0.936131 -1.505548
43.0 1.340427 -0.950728 -1.769568
44.0 1.490706 -0.936768 -1.901226
45.0 1.482417 -0.926031 -1.889216
46.0 1.402251 -0.914325 -1.806765
47.0 1.284323 -0.901533 -1.681252
48.0 1.147634 -0.888554 -1.531368
49.0 1.000335 -0.875919 -1.368703
50.0 0.843518 -0.860474 -1.202253
51.0 0.677804 -0.835069 -1.045443
52.0 0.512649 -0.799214 -0.914007
53.0 0.358844 -0.758545 -0.816101
54.0 0.223590 -0.717820 -0.750638
55.0 0.112778 -0.676623 -0.711643
56.0 0.033151 -0.627574 -0.693067
57.0 -0.020960 -0.569997 -0.687359
58.0 -0.055517 -0.507114 -0.688306
59.0 -0.074232 -0.444119 -0.691654
"ArmTwist_L"
"Arm_L"
16 0.000000 0.000000 0.000000 0.000000 0.000000 0.000000
2
0.0 0.498528 -0.243081 0.022382
59.0 0.498528 -0.243081 0.022382
2
0.0 0.000000 -0.000000 0.000000
59.0 -0.000000 -0.000000 -0.000000
"Elbow_L"
"ArmTwist_L"
16 0.000000 0.000000 0.000000 0.000000 0.000000 0.000000
2
0.0 0.539634 -0.263263 -0.022382
59.0 0.539634 -0.263263 -0.022382
60
0.0 -1.165089 -1.091219 0.760233
1.0 -1.056666 -1.068850 0.664601
2.0 -0.839426 -0.999955 0.477622
3.0 -0.608571 -0.874427 0.290996
4.0 -0.437887 -0.725578 0.168149
5.0 -0.372428 -0.650585 0.126577
6.0 -0.374230 -0.652805 0.127670
7.0 -0.359276 -0.634111 0.118705
8.0 -0.300747 -0.554702 0.085934
9.0 -0.209448 -0.410174 0.043508
10.0 -0.107666 -0.221037 0.011836
11.0 -0.040172 -0.083780 0.001623
12.0 -0.049951 -0.104029 0.002531
13.0 -0.121823 -0.248856 0.015119
14.0 -0.187266 -0.371292 0.035077
15.0 -0.237880 -0.457900 0.055449
16.0 -0.289851 -0.538787 0.080275
17.0 -0.339933 -0.608983 0.107453
18.0 -0.382980 -0.663450 0.133016
19.0 -0.421844 -0.708238 0.157615
20.0 -0.463455 -0.751899 0.185355
21.0 -0.493876 -0.781207 0.206444
22.0 -0.501877 -0.788571 0.212095
23.0 -0.494726 -0.781998 0.207042
24.0 -0.486000 -0.773821 0.200923
25.0 -0.486224 -0.774032 0.201077
26.0 -0.499108 -0.786037 0.210134
27.0 -0.525227 -0.809274 0.228818
28.0 -0.566434 -0.843108 0.259108
29.0 -0.621284 -0.883275 0.300782
30.0 -0.680453 -0.921105 0.347202
31.0 -0.730034 -0.948954 0.387086
32.0 -0.739090 -0.953696 0.394458
33.0 -0.706969 -0.936406 0.368430
34.0 -0.700401 -0.932705 0.363150
35.0 -0.691182 -0.927413 0.355763
36.0 -0.668890 -0.914126 0.338024
37.0 -0.642151 -0.897229 0.316992
38.0 -0.650652 -0.902717 0.323648
39.0 -0.709462 -0.937797 0.370440
40.0 -0.763794 -0.966127 0.414687
41.0 -0.791213 -0.979098 0.437337
42.0 -0.772758 -0.970461 0.422069
43.0 -0.710994 -0.938647 0.371675
44.0 -0.687452 -0.925237 0.352782
45.0 -0.723345 -0.945386 0.381659
46.0 -0.808190 -0.986717 0.451459
47.0 -0.937318 -1.035571 0.560930
48.0 -1.095891 -1.077728 0.699064
49.0 -1.255470 -1.105054 0.840700
50.0 -1.381010 -1.117966 0.953239
51.0 -1.447304 -1.122084 1.012903
52.0 -1.448046 -1.122120 1.013571
53.0 -1.394916 -1.118980 0.965743
54.0 -1.313662 -1.111902 0.892775
55.0 -1.239207 -1.102860 0.826180
56.0 -1.209542 -1.098531 0.799739
57.0 -1.214132 -1.099228 0.803827
58.0 -1.227338 -1.101180 0.815592
59.0 -1.220277 -1.100147 0.809301
"HandTwist_L"
"Elbow_L"
16 0.000000 0.000000 0.000000 0.000000 0.000000 0.000000
2
0.0 0.325932 -0.156552 0.002229
59.0 0.325932 -0.156552 0.002229
2
0.0 0.000000 0.000000 -0.000000
59.0 -0.000000 -0.000000 0.000000
"Wrist_L"
"HandTwist_L"
16 0.000000 0.000000 0.000000 0.000000 0.000000 0.000000
2
0.0 0.533411 -0.262577 -0.002229
59.0 0.533411 -0.262577 -0.002229
60
0.0 0.011930 0.166643 0.256757
1.0 0.053892 0.200684 0.198309
2.0 0.113630 0.184778 0.168637
3.0 0.189837 0.143072 0.181009
4.0 0.271689 0.106190 0.239435
5.0 0.371752 0.117935 0.330843
6.0 0.476437 0.161612 0.432617
7.0 0.525282 0.189729 0.508202
8.0 0.506144 0.198176 0.536946
9.0 0.432273 0.188625 0.526997
10.0 0.325189 0.149999 0.495861
11.0 0.239778 0.089082 0.465965
12.0 0.226178 0.061017 0.449494
13.0 0.271152 0.087851 0.454369
14.0 0.297420 0.106370 0.477506
15.0 0.299532 0.112972 0.518133
16.0 0.304938 0.124344 0.565228
17.0 0.309888 0.138654 0.614123
18.0 0.308838 0.155435 0.654575
19.0 0.301091 0.174839 0.679464
20.0 0.292462 0.192155 0.687585
21.0 0.272649 0.199727 0.675016
22.0 0.229137 0.202094 0.646894
23.0 0.166106 0.200132 0.608735
24.0 0.091619 0.195520 0.565473
25.0 0.015249 0.191061 0.523156
26.0 -0.052499 0.190030 0.486691
27.0 -0.105212 0.195864 0.458722
28.0 -0.138219 0.211790 0.441127
29.0 -0.145001 0.232167 0.430475
30.0 -0.125657 0.253728 0.429144
31.0 -0.086470 0.274143 0.444706
32.0 -0.041346 0.281743 0.487006
33.0 -0.006238 0.274886 0.541160
34.0 0.037898 0.266912 0.542032
35.0 0.046839 0.262864 0.494497
36.0 0.015997 0.247651 0.404105
37.0 -0.024718 0.203099 0.313836
38.0 -0.024091 0.138779 0.257194
39.0 0.029947 0.086710 0.232003
40.0 0.098308 0.070349 0.232672
41.0 0.151517 0.106095 0.246927
42.0 0.147938 0.124863 0.239879
43.0 0.043877 0.076393 0.218686
44.0 -0.066257 0.025085 0.207882
45.0 -0.084970 0.041908 0.160701
46.0 -0.012905 0.114335 0.088316
47.0 0.055204 0.090537 0.002129
48.0 0.130559 0.042118 -0.102637
49.0 0.207924 -0.032676 -0.204998
50.0 0.285040 -0.136744 -0.284319
51.0 0.355952 -0.266544 -0.327256
52.0 0.399818 -0.407191 -0.318707
53.0 0.386535 -0.531338 -0.241760
54.0 0.300329 -0.600987 -0.094727
55.0 0.170924 -0.582694 0.083835
56.0 0.060291 -0.473524 0.230363
57.0 -0.003166 -0.306103 0.310964
58.0 -0.025844 -0.121018 0.330168
59.0 -0.020007 0.046059 0.305061
"Thumb0_L"
"Wrist_L"
16 0.000000 0.000000 0.000000 0.000000 0.000000 0.000000
2
0.0 0.097976 -0.034632 0.098160
59.0 0.097976 -0.034632 0.098160
2
0.0 0.000000 -0.000000 -0.000000
59.0 -0.000000 0.000000 -0.000000
"Thumb1_L"
"Thumb0_L"
16 0.000000 0.000000 0.000000 0.000000 0.000000 0.000000
2
0.0 0.140411 -0.095844 0.082721
59.0 0.140411 -0.095844 0.082721
2
0.0 0.000000 -0.000000 -0.000000
59.0 0.000000 -0.000000 -0.000000
"IndexFinger1_L"
"Wrist_L"
16 0.000000 0.000000 0.000000 0.000000 0.000000 0.000000
2
0.0 0.370207 -0.114974 0.093016
59.0 0.370207 -0.114974 0.093016
2
0.0 0.000000 -0.000000 -0.000000
59.0 -0.000000 0.000000 -0.000000
"IndexFinger2_L"
"IndexFinger1_L"
16 0.000000 0.000000 0.000000 0.000000 0.000000 0.000000
2
0.0 0.073677 -0.042194 -0.001857
59.0 0.073677 -0.042194 -0.001857
2
0.0 0.000000 -0.000000 0.000000
59.0 0.000000 0.000000 -0.000000
"MiddleFinger1_L"
"Wrist_L"
16 0.000000 0.000000 0.000000 0.000000 0.000000 0.000000
2
0.0 0.361853 -0.116198 0.011529
59.0 0.361853 -0.116198 0.011529
2
0.0 0.000000 -0.000000 -0.000000
59.0 -0.000000 0.000000 -0.000000
"MiddleFinger2_L"
"MiddleFinger1_L"
16 0.000000 0.000000 0.000000 0.000000 0.000000 0.000000
2
0.0 0.079544 -0.045146 -0.001832
59.0 0.079544 -0.045146 -0.001832
2
0.0 0.000000 0.000000 -0.000000
59.0 -0.000000 0.000000 -0.000000
"RingFinger1_L"
"Wrist_L"
16 0.000000 0.000000 0.000000 0.000000 0.000000 0.000000
2
0.0 0.323450 -0.122440 -0.057715
59.0 0.323450 -0.122440 -0.057715
2
0.0 0.000000 -0.000000 -0.000000
59.0 -0.000000 -0.000000 -0.000000
"RingFinger2_L"
"RingFinger1_L"
16 0.000000 0.000000 0.000000 0.000000 0.000000 0.000000
2
0.0 0.086212 -0.052115 -0.001433
59.0 0.086212 -0.052115 -0.001433
2
0.0 0.000000 -0.000000 -0.000000
59.0 -0.000000 0.000000 -0.000000
"LittleFinger1_L"
"Wrist_L"
16 0.000000 0.000000 0.000000 0.000000 0.000000 0.000000
2
0.0 0.298002 -0.162862 -0.116178
59.0 0.298002 -0.162862 -0.116178
2
0.0 0.000000 0.000000 -0.000000
59.0 -0.000000 0.000000 -0.000000
"LittleFinger2_L"
"LittleFinger1_L"
16 0.000000 0.000000 0.000000 0.000000 0.000000 0.000000
2
0.0 0.067483 -0.036945 -0.000773
59.0 0.067483 -0.036945 -0.000773
2
0.0 0.000000 0.000000 -0.000000
59.0 -0.000000 0.000000 -0.000000
"Shoulder_R"
"UpperBody2"
16 0.000000 0.000000 0.000000 0.000000 0.000000 0.000000
2
0.0 -0.694371 0.558232 0.000000
59.0 -0.694371 0.558232 0.000000
2
0.0 -0.000000 0.000000 0.000000
59.0 0.000000 -0.000000 0.000000
"Arm_R"
"Shoulder_R"
16 0.000000 0.000000 0.000000 0.000000 0.000000 0.000000
2
0.0 -0.466465 -0.000001 0.000000
59.0 -0.466465 -0.000001 0.000000
60
0.0 -0.283543 -0.408091 0.883389
1.0 -0.243017 -0.422010 0.924685
2.0 -0.195862 -0.424784 0.961567
3.0 -0.143287 -0.412039 0.988619
4.0 -0.089250 -0.381520 1.002843
5.0 -0.040574 -0.333275 1.003491
6.0 -0.004926 -0.269822 0.990838
7.0 0.036393 -0.163059 0.958009
8.0 0.069807 -0.021347 0.913869
9.0 0.083486 0.121756 0.871166
10.0 0.071327 0.229724 0.829183
11.0 0.028596 0.276728 0.779752
12.0 -0.023869 0.291641 0.724239
13.0 -0.080233 0.279613 0.665948
14.0 -0.132885 0.244608 0.611122
15.0 -0.172090 0.193269 0.567495
16.0 -0.203603 0.132612 0.539098
17.0 -0.234844 0.071272 0.528171
18.0 -0.264998 0.014421 0.533590
19.0 -0.298702 -0.037450 0.552800
20.0 -0.341083 -0.089298 0.583786
21.0 -0.388704 -0.139659 0.619824
22.0 -0.434376 -0.191197 0.654054
23.0 -0.469860 -0.235600 0.681841
24.0 -0.493209 -0.271752 0.700053
25.0 -0.504655 -0.300422 0.707948
26.0 -0.505172 -0.322506 0.706591
27.0 -0.496474 -0.338900 0.698616
28.0 -0.477134 -0.348478 0.686180
29.0 -0.446578 -0.352700 0.675380
30.0 -0.402142 -0.357507 0.672971
31.0 -0.347223 -0.363556 0.678403
32.0 -0.286658 -0.368729 0.690748
33.0 -0.224256 -0.370132 0.708531
34.0 -0.170012 -0.371344 0.732165
35.0 -0.136475 -0.377370 0.762528
36.0 -0.136713 -0.387217 0.799377
37.0 -0.148192 -0.391707 0.833846
38.0 -0.146848 -0.380414 0.858378
39.0 -0.139902 -0.352446 0.874341
40.0 -0.139437 -0.293739 0.881641
41.0 -0.131407 -0.247230 0.888041
42.0 -0.102305 -0.250672 0.897740
43.0 -0.077719 -0.250422 0.902182
44.0 -0.058046 -0.232811 0.909973
45.0 -0.011560 -0.279361 0.925859
46.0 0.034065 -0.339473 0.939005
47.0 0.047933 -0.354755 0.948574
48.0 0.039792 -0.351215 0.952723
49.0 0.014916 -0.341810 0.948127
50.0 -0.020968 -0.338342 0.932498
51.0 -0.062987 -0.342676 0.909449
52.0 -0.108025 -0.351261 0.883552
53.0 -0.154038 -0.361110 0.857889
54.0 -0.199263 -0.369056 0.834855
55.0 -0.241746 -0.372872 0.816291
56.0 -0.278813 -0.372702 0.804239
57.0 -0.306339 -0.372781 0.802117
58.0 -0.318537 -0.380390 0.814678
59.0 -0.311283 -0.396374 0.843596
"ArmTwist_R"
"Arm_R"
16 0.000000 0.000000 0.000000 0.000000 0.000000 0.000000
2
0.0 -0.613297 -0.281109 0.022376
59.0 -0.613297 -0.281109 0.022376
2
0.0 -0.000000 -0.000000 -0.000000
59.0 0.000000 0.000000 0.000000
"Elbow_R"
"ArmTwist_R"
16 0.000000 0.000000 0.000000 0.000000 0.000000 0.000000
2
0.0 -0.424865 -0.225235 -0.022376
59.0 -0.424865 -0.225235 -0.022376
60
0.0 -0.340628 0.612064 -0.108948
1.0 -0.473947 0.764426 -0.194036
2.0 -0.649975 0.904280 -0.325003
3.0 -0.880178 1.017522 -0.514357
4.0 -1.162670 1.092243 -0.760721
5.0 -1.460222 1.123959 -1.027473
6.0 -1.712280 1.122380 -1.254974
7.0 -1.874780 1.107765 -1.400989
8.0 -1.922815 1.101188 -1.443907
9.0 -1.882456 1.106787 -1.407856
10.0 -1.804479 1.115479 -1.337948
11.0 -1.740797 1.120623 -1.280666
12.0 -1.697827 1.123146 -1.241943
13.0 -1.688536 1.123593 -1.233565
14.0 -1.692227 1.123420 -1.236895
15.0 -1.659490 1.124772 -1.207363
16.0 -1.588019 1.126260 -1.142841
17.0 -1.477976 1.124662 -1.043491
18.0 -1.350245 1.116771 -0.928424
19.0 -1.211717 1.100281 -0.804362
20.0 -1.067097 1.072832 -0.676276
21.0 -0.940088 1.038111 -0.565674
22.0 -0.851405 1.006522 -0.489952
23.0 -0.754739 0.963519 -0.409332
24.0 -0.653588 0.906577 -0.327848
25.0 -0.558173 0.838693 -0.254651
26.0 -0.474647 0.765106 -0.194522
27.0 -0.405580 0.692185 -0.148452
28.0 -0.349714 0.623993 -0.114219
29.0 -0.309639 0.569536 -0.091659
30.0 -0.287212 0.536947 -0.079856
31.0 -0.276080 0.520197 -0.074233
32.0 -0.271509 0.513207 -0.071969
33.0 -0.271262 0.512826 -0.071848
34.0 -0.271539 0.513255 -0.071986
35.0 -0.268829 0.509079 -0.070657
36.0 -0.253129 0.484456 -0.063161
37.0 -0.223194 0.435401 -0.049843
38.0 -0.179874 0.359649 -0.033018
39.0 -0.122870 0.252118 -0.015768
40.0 -0.036620 0.076811 -0.001493
41.0 0.027700 -0.058160 -0.000822
42.0 0.027701 -0.058162 -0.000822
43.0 0.027700 -0.058160 -0.000823
44.0 0.027701 -0.058161 -0.000823
45.0 -0.068679 0.143261 -0.005051
46.0 -0.205115 0.404455 -0.042455
47.0 -0.307322 0.566242 -0.090411
48.0 -0.390498 0.674629 -0.138917
49.0 -0.449354 0.739770 -0.177219
50.0 -0.476502 0.766905 -0.195808
51.0 -0.474624 0.765084 -0.194505
52.0 -0.449300 0.739715 -0.177183
53.0 -0.405771 0.692402 -0.148571
54.0 -0.351085 0.625775 -0.115022
55.0 -0.293219 0.545830 -0.082955
56.0 -0.241220 0.465268 -0.057705
57.0 -0.207234 0.408135 -0.043294
58.0 -0.207033 0.407783 -0.043215
59.0 -0.251269 0.481487 -0.062295
"HandTwist_R"
"Elbow_R"
16 0.000000 0.000000 0.000000 0.000000 0.000000 0.000000
2
0.0 -0.325932 -0.156552 0.002229
59.0 -0.325932 -0.156552 0.002229
2
0.0 -0.000000 0.000000 -0.000000
59.0 -0.000000 -0.000000 0.000000
"Wrist_R"
"HandTwist_R"
16 0.000000 0.000000 0.000000 0.000000 0.000000 0.000000
2
0.0 -0.533346 -0.262547 -0.002229
59.0 -0.533346 -0.262547 -0.002229
60
0.0 0.028630 -0.353633 -0.426855
1.0 0.198715 -0.367733 -0.487972
2.0 0.338557 -0.370107 -0.490421
3.0 0.427242 -0.380019 -0.438208
4.0 0.450483 -0.404404 -0.347352
5.0 0.402668 -0.435695 -0.238551
6.0 0.291866 -0.459788 -0.134501
7.0 0.154337 -0.475816 -0.069911
8.0 0.010435 -0.475614 -0.032380
9.0 -0.124148 -0.454828 -0.023063
10.0 -0.227780 -0.419453 -0.046650
11.0 -0.289670 -0.378873 -0.091583
12.0 -0.323371 -0.348998 -0.143962
13.0 -0.332113 -0.336915 -0.195145
14.0 -0.322657 -0.338973 -0.239973
15.0 -0.310477 -0.339646 -0.277604
16.0 -0.299192 -0.338362 -0.304229
17.0 -0.287581 -0.338654 -0.316427
18.0 -0.273929 -0.345764 -0.317270
19.0 -0.259453 -0.363411 -0.306931
20.0 -0.247021 -0.413995 -0.330688
21.0 -0.248428 -0.515890 -0.389824
22.0 -0.258556 -0.618372 -0.445449
23.0 -0.288211 -0.653956 -0.461162
24.0 -0.300812 -0.605013 -0.426988
25.0 -0.287459 -0.517296 -0.406435
26.0 -0.255445 -0.420329 -0.411569
27.0 -0.210401 -0.332869 -0.436893
28.0 -0.160020 -0.270898 -0.472030
29.0 -0.103386 -0.244790 -0.504493
30.0 -0.036546 -0.255783 -0.519051
31.0 0.034133 -0.287652 -0.516411
32.0 0.099424 -0.323037 -0.509698
33.0 0.156774 -0.356527 -0.496200
34.0 0.202746 -0.381803 -0.470459
35.0 0.239024 -0.392425 -0.427796
36.0 0.281217 -0.372228 -0.373649
37.0 0.321093 -0.337388 -0.316777
38.0 0.339104 -0.304263 -0.261612
39.0 0.332215 -0.264810 -0.207847
40.0 0.285900 -0.193181 -0.153540
41.0 0.240203 -0.141738 -0.108540
42.0 0.219495 -0.161593 -0.074644
43.0 0.178519 -0.178791 -0.041217
44.0 0.125009 -0.211055 -0.009679
45.0 0.122417 -0.378094 -0.001728
46.0 0.142252 -0.589821 -0.024368
47.0 0.142869 -0.743410 -0.055033
48.0 0.137331 -0.857440 -0.089746
49.0 0.119266 -0.928752 -0.115905
50.0 0.075025 -0.951554 -0.117056
51.0 0.010900 -0.931943 -0.101985
52.0 -0.057952 -0.877359 -0.090295
53.0 -0.129307 -0.798472 -0.081625
54.0 -0.198199 -0.704393 -0.077699
55.0 -0.255572 -0.601710 -0.086835
56.0 -0.293681 -0.500606 -0.113903
57.0 -0.301367 -0.416111 -0.161957
58.0 -0.260590 -0.364889 -0.232565
59.0 -0.152901 -0.349658 -0.323652
"Thumb0_R"
"Wrist_R"
16 0.000000 0.000000 0.000000 0.000000 0.000000 0.000000
2
0.0 -0.097976 -0.034632 0.098160
59.0 -0.097976 -0.034632 0.098160
2
0.0 -0.000000 0.000000 0.000000
59.0 0.000000 -0.000000 -0.000000
"Thumb1_R"
"Thumb0_R"
16 0.000000 0.000000 0.000000 0.000000 0.000000 0.000000
2
0.0 -0.140411 -0.095844 0.082721
59.0 -0.140411 -0.095844 0.082721
2
0.0 -0.000000 -0.000000 -0.000000
59.0 -0.000000 0.000000 -0.000000
"IndexFinger1_R"
"Wrist_R"
16 0.000000 0.000000 0.000000 0.000000 0.000000 0.000000
2
0.0 -0.370207 -0.114974 0.093016
59.0 -0.370207 -0.114974 0.093016
2
0.0 0.000000 -0.000000 0.000000
59.0 0.000000 0.000000 -0.000000
"IndexFinger2_R"
"IndexFinger1_R"
16 0.000000 0.000000 0.000000 0.000000 0.000000 0.000000
2
0.0 -0.073677 -0.042194 -0.001857
59.0 -0.073677 -0.042194 -0.001857
2
0.0 0.000000 -0.000000 0.000000
59.0 0.000000 -0.000000 -0.000000
"MiddleFinger1_R"
"Wrist_R"
16 0.000000 0.000000 0.000000 0.000000 0.000000 0.000000
2
0.0 -0.361852 -0.116198 0.011529
59.0 -0.361852 -0.116198 0.011529
2
0.0 -0.000000 0.000000 0.000000
59.0 0.000000 -0.000000 0.000000
"MiddleFinger2_R"
"MiddleFinger1_R"
16 0.000000 0.000000 0.000000 0.000000 0.000000 0.000000
2
0.0 -0.079544 -0.045146 -0.001832
59.0 -0.079544 -0.045146 -0.001832
2
0.0 -0.000000 0.000000 -0.000000
59.0 0.000000 -0.000000 0.000000
"RingFinger1_R"
"Wrist_R"
16 0.000000 0.000000 0.000000 0.000000 0.000000 0.000000
2
0.0 -0.323450 -0.122440 -0.057715
59.0 -0.323450 -0.122440 -0.057715
2
0.0 -0.000000 -0.000000 0.000000
59.0 -0.000000 0.000000 -0.000000
"RingFinger2_R"
"RingFinger1_R"
16 0.000000 0.000000 0.000000 0.000000 0.000000 0.000000
2
0.0 -0.086212 -0.052116 -0.001433
59.0 -0.086212 -0.052116 -0.001433
2
0.0 -0.000000 -0.000000 -0.000000
59.0 0.000000 -0.000000 0.000000
"LittleFinger1_R"
"Wrist_R"
16 0.000000 0.000000 0.000000 0.000000 0.000000 0.000000
2
0.0 -0.298002 -0.162862 -0.116178
59.0 -0.298002 -0.162862 -0.116178
2
0.0 -0.000000 -0.000000 0.000000
59.0 -0.000000 -0.000000 -0.000000
"LittleFinger2_R"
"LittleFinger1_R"
16 0.000000 0.000000 0.000000 0.000000 0.000000 0.000000
2
0.0 -0.067483 -0.036945 -0.000773
59.0 -0.067483 -0.036945 -0.000773
2
0.0 -0.000000 0.000000 -0.000000
59.0 -0.000000 -0.000000 -0.000000
"LowerBody"
"Waist"
16 0.000000 0.000000 0.000000 0.000000 0.000000 0.000000
2
0.0 0.000000 0.000000 0.000000
59.0 0.000000 0.000000 0.000000
2
0.0 0.000000 0.000000 -0.000000
59.0 0.000000 -0.000000 -0.000000
"Leg_L"
"LowerBody"
16 0.000000 0.000000 0.000000 0.000000 0.000000 0.000000
2
0.0 0.799657 0.000001 0.000000
59.0 0.799657 0.000001 0.000000
60
0.0 -0.437438 -0.015715 0.270070
1.0 -0.444507 -0.041782 0.273316
2.0 -0.456943 -0.060904 0.261723
3.0 -0.470936 -0.073759 0.237673
4.0 -0.482281 -0.080950 0.203179
5.0 -0.487412 -0.082890 0.159962
6.0 -0.484313 -0.079747 0.109433
7.0 -0.473578 -0.071424 0.052632
8.0 -0.468128 -0.057278 -0.010548
9.0 -0.477215 -0.035375 -0.081362
10.0 -0.468534 -0.003158 -0.162309
11.0 -0.442621 0.033946 -0.248758
12.0 -0.411519 0.076716 -0.337832
13.0 -0.397306 0.127706 -0.427819
14.0 -0.431431 0.176585 -0.512587
15.0 -0.502304 0.218109 -0.575270
16.0 -0.579629 0.248830 -0.595832
17.0 -0.643138 0.269925 -0.575374
18.0 -0.683559 0.279453 -0.516132
19.0 -0.692651 0.272497 -0.421553
20.0 -0.663867 0.245936 -0.298621
21.0 -0.593526 0.211071 -0.166081
22.0 -0.495770 0.171983 -0.041893
23.0 -0.400491 0.121352 0.063687
24.0 -0.311617 0.060380 0.139583
25.0 -0.255964 0.005897 0.175616
26.0 -0.255188 -0.017766 0.165656
27.0 -0.272172 -0.019822 0.137931
28.0 -0.287458 -0.025120 0.108545
29.0 -0.297779 -0.032673 0.077093
30.0 -0.296391 -0.037259 0.042527
31.0 -0.270837 -0.031179 0.003813
32.0 -0.225385 -0.011553 -0.036858
33.0 -0.173823 0.018606 -0.076871
34.0 -0.122347 0.057349 -0.114909
35.0 -0.074218 0.102843 -0.150104
36.0 -0.039760 0.153277 -0.181733
37.0 -0.045552 0.207558 -0.209088
38.0 -0.093054 0.273337 -0.231321
39.0 -0.171000 0.346848 -0.248269
40.0 -0.254308 0.419626 -0.260290
41.0 -0.327064 0.483436 -0.267005
42.0 -0.385471 0.530297 -0.267528
43.0 -0.426871 0.552794 -0.260975
44.0 -0.449304 0.538693 -0.247605
45.0 -0.449981 0.495340 -0.227341
46.0 -0.433770 0.443253 -0.200309
47.0 -0.408396 0.403831 -0.166975
48.0 -0.375705 0.395521 -0.127839
49.0 -0.337917 0.409777 -0.084118
50.0 -0.297648 0.425377 -0.037557
51.0 -0.258239 0.422318 0.010215
52.0 -0.224236 0.384110 0.058269
53.0 -0.204384 0.329789 0.103795
54.0 -0.211941 0.271903 0.142844
55.0 -0.249980 0.212522 0.176591
56.0 -0.299071 0.154214 0.205205
57.0 -0.348347 0.099568 0.228808
58.0 -0.390982 0.051245 0.247417
59.0 -0.422120 0.011935 0.261095
"Knee_L"
"Leg_L"
16 0.000000 0.000000 0.000000 0.000000 0.000000 0.000000
2
0.0 0.000000 -1.319849 0.024028
59.0 0.000000 -1.319849 0.024028
60
0.0 0.858035 0.000000 0.000000
1.0 0.856429 0.000000 -0.000000
2.0 0.844261 0.000000 -0.000000
3.0 0.819847 0.000000 0.000000
4.0 0.780811 -0.000001 -0.000000
5.0 0.725897 0.000000 -0.000000
6.0 0.656431 -0.000000 -0.000000
7.0 0.578101 0.000000 -0.000000
8.0 0.519771 0.000000 0.000000
9.0 0.502711 0.000000 -0.000000
10.0 0.463994 0.000000 -0.000000
11.0 0.389468 0.000000 -0.000000
12.0 0.301007 0.000000 -0.000000
13.0 0.245696 0.000000 -0.000000
14.0 0.292107 -0.000000 -0.000000
15.0 0.418635 -0.000000 -0.000000
16.0 0.564431 0.000000 -0.000000
17.0 0.688992 -0.000000 0.000000
18.0 0.775353 -0.000000 0.000000
19.0 0.811490 0.000000 -0.000000
20.0 0.790830 0.000000 -0.000000
21.0 0.709690 -0.000000 -0.000000
22.0 0.591678 0.000000 -0.000000
23.0 0.488876 0.000000 0.000000
24.0 0.400090 0.000000 -0.000000
25.0 0.368098 -0.000000 0.000000
26.0 0.427011 -0.000000 0.000000
27.0 0.503936 -0.000000 -0.000000
28.0 0.561957 -0.000000 0.000000
29.0 0.596586 0.000000 0.000000
30.0 0.599788 -0.000000 0.000000
31.0 0.557608 0.000000 -0.000000
32.0 0.475927 0.000000 -0.000000
33.0 0.380253 -0.000000 0.000000
34.0 0.281552 0.000000 0.000000
35.0 0.185569 0.000000 0.000000
36.0 0.113233 0.000000 -0.000000
37.0 0.119092 0.000000 -0.000000
38.0 0.207828 0.000000 -0.000000
39.0 0.359312 0.000000 -0.000000
40.0 0.523634 0.000000 0.000000
41.0 0.669620 0.000000 -0.000000
42.0 0.790756 0.000000 -0.000000
43.0 0.881809 0.000000 0.000000
44.0 0.936437 0.000000 -0.000000
45.0 0.946285 0.000000 -0.000000
46.0 0.920472 -0.000000 -0.000000
47.0 0.875389 -0.000000 -0.000000
48.0 0.814275 0.000000 -0.000000
49.0 0.740797 -0.000000 -0.000000
50.0 0.659263 -0.000000 -0.000000
51.0 0.575754 -0.000000 0.000000
52.0 0.500017 -0.000000 -0.000000
53.0 0.450565 -0.000000 -0.000000
54.0 0.454595 -0.000000 0.000000
55.0 0.519865 -0.000000 -0.000000
56.0 0.607594 0.000000 -0.000000
57.0 0.696620 -0.000001 -0.000000
58.0 0.773942 0.000000 0.000000
59.0 0.830470 0.000000 0.000000
"Ankle_L"
"Knee_L"
16 0.000000 0.000000 0.000000 0.000000 0.000000 0.000000
2
0.0 0.000001 -0.703170 -0.024028
59.0 0.000001 -0.703170 -0.024028
60
0.0 -0.321846 0.436891 0.032805
1.0 -0.271719 0.470277 0.018946
2.0 -0.162436 0.510000 -0.002999
3.0 -0.038860 0.549801 -0.025170
4.0 0.055209 0.582835 -0.039875
5.0 0.101528 0.600652 -0.041728
6.0 0.124451 0.580388 -0.026323
7.0 0.133282 0.389324 0.018226
8.0 0.088969 0.191466 0.024624
9.0 0.001787 0.173712 -0.000351
10.0 -0.078771 0.235542 -0.023716
11.0 -0.125880 0.335825 -0.032683
12.0 -0.134958 0.434860 -0.019936
13.0 -0.120511 0.490699 0.004185
14.0 -0.102048 0.480858 0.010464
15.0 -0.060822 0.389298 0.003780
16.0 0.012933 0.269224 0.009234
17.0 0.105110 0.207507 0.022617
18.0 0.186889 0.251286 0.017430
19.0 0.229293 0.354255 -0.011849
20.0 0.213213 0.460785 -0.047377
21.0 0.189317 0.506442 -0.050411
22.0 0.177712 0.485814 -0.014602
23.0 0.165132 0.434492 0.030239
24.0 0.168376 0.383765 0.073382
25.0 0.173778 0.353874 0.100970
26.0 0.145006 0.358891 0.100825
27.0 0.100756 0.387837 0.073650
28.0 0.049639 0.431752 0.033284
29.0 -0.004784 0.486403 -0.016083
30.0 -0.048810 0.546694 -0.065623
31.0 -0.072536 0.606423 -0.102876
32.0 -0.068560 0.652656 -0.117056
33.0 -0.042586 0.672167 -0.109523
34.0 0.001608 0.662276 -0.086652
35.0 0.058795 0.632130 -0.058845
36.0 0.117197 0.585944 -0.036979
37.0 0.134526 0.527907 -0.036565
38.0 0.100056 0.454381 -0.048538
39.0 0.027992 0.373737 -0.057725
40.0 -0.055199 0.301664 -0.050761
41.0 -0.135417 0.253286 -0.028983
42.0 -0.210500 0.239907 -0.002489
43.0 -0.276577 0.264685 0.021896
44.0 -0.326371 0.328966 0.034421
45.0 -0.345523 0.395723 0.015730
46.0 -0.337873 0.443673 -0.018361
47.0 -0.311138 0.457266 -0.050697
48.0 -0.263469 0.422116 -0.065768
49.0 -0.198917 0.354240 -0.070416
50.0 -0.113403 0.282350 -0.075859
51.0 -0.018608 0.230040 -0.084984
52.0 0.063409 0.216526 -0.094981
53.0 0.110174 0.224753 -0.092486
54.0 0.099471 0.240952 -0.077241
55.0 0.032335 0.263812 -0.057166
56.0 -0.059920 0.294197 -0.033990
57.0 -0.156197 0.330672 -0.010738
58.0 -0.240477 0.369804 0.009719
59.0 -0.299664 0.406908 0.024942
"Leg_R"
"LowerBody"
16 0.000000 0.000000 0.000000 0.000000 0.000000 0.000000
2
0.0 -0.799657 0.000000 0.000000
59.0 -0.799657 0.000000 0.000000
60
0.0 -0.295879 -0.166368 -0.002235
1.0 -0.298468 -0.184566 0.037846
2.0 -0.286292 -0.205152 0.076215
3.0 -0.262849 -0.227203 0.111661
4.0 -0.231537 -0.249903 0.143213
5.0 -0.196672 -0.272521 0.170074
6.0 -0.164898 -0.294363 0.191548
7.0 -0.146567 -0.314727 0.206977
8.0 -0.162487 -0.332779 0.215569
9.0 -0.213614 -0.346354 0.215468
10.0 -0.277076 -0.350251 0.198411
11.0 -0.339268 -0.348116 0.165969
12.0 -0.393831 -0.344311 0.121184
13.0 -0.436300 -0.344299 0.067920
14.0 -0.461585 -0.351018 0.010373
15.0 -0.463969 -0.361013 -0.047610
16.0 -0.436291 -0.372393 -0.101786
17.0 -0.382352 -0.382255 -0.149701
18.0 -0.314829 -0.388872 -0.189541
19.0 -0.245314 -0.388773 -0.218774
20.0 -0.179719 -0.379103 -0.234110
21.0 -0.130225 -0.365355 -0.235285
22.0 -0.122865 -0.357626 -0.216898
23.0 -0.152695 -0.355575 -0.187024
24.0 -0.177907 -0.358807 -0.154884
25.0 -0.199394 -0.366504 -0.130513
26.0 -0.221515 -0.377497 -0.123298
27.0 -0.246048 -0.390147 -0.135912
28.0 -0.270872 -0.402258 -0.165343
29.0 -0.294351 -0.404527 -0.205986
30.0 -0.317258 -0.384190 -0.250959
31.0 -0.337022 -0.327694 -0.291873
32.0 -0.362131 -0.250334 -0.320900
33.0 -0.401599 -0.169894 -0.333094
34.0 -0.452703 -0.097495 -0.323682
35.0 -0.507596 -0.043790 -0.274382
36.0 -0.548063 -0.007297 -0.188495
37.0 -0.558712 0.013166 -0.082156
38.0 -0.538056 0.017678 0.027212
39.0 -0.513696 0.005016 0.124812
40.0 -0.501707 -0.020451 0.203378
41.0 -0.465022 -0.051714 0.269391
42.0 -0.420345 -0.087526 0.324944
43.0 -0.403896 -0.127747 0.372718
44.0 -0.453830 -0.170356 0.414977
45.0 -0.514362 -0.211044 0.444156
46.0 -0.573660 -0.247497 0.452760
47.0 -0.632903 -0.280118 0.440711
48.0 -0.686728 -0.308218 0.406370
49.0 -0.727663 -0.329408 0.347107
50.0 -0.746157 -0.338867 0.260132
51.0 -0.729222 -0.330691 0.149747
52.0 -0.666252 -0.309781 0.052127
53.0 -0.572789 -0.282042 -0.020439
54.0 -0.471191 -0.255783 -0.066379
55.0 -0.388622 -0.230257 -0.090307
56.0 -0.333033 -0.205713 -0.096449
57.0 -0.302022 -0.184198 -0.087974
58.0 -0.289783 -0.168582 -0.067748
59.0 -0.289831 -0.161814 -0.038429
"Knee_R"
"Leg_R"
16 0.000000 0.000000 0.000000 0.000000 0.000000 0.000000
2
0.0 0.000001 -1.319645 0.024023
59.0 0.000001 -1.319645 0.024023
60
0.0 0.758016 0.000000 0.000000
1.0 0.755446 0.000000 -0.000000
2.0 0.722708 0.000000 0.000000
3.0 0.667548 -0.000000 0.000000
4.0 0.597419 0.000000 -0.000000
5.0 0.521555 0.000000 -0.000000
6.0 0.453818 0.000000 0.000000
7.0 0.415491 0.000000 0.000000
8.0 0.449505 -0.000000 -0.000000
9.0 0.558538 0.000000 -0.000000
10.0 0.697268 -0.000000 -0.000000
11.0 0.834357 0.000000 0.000000
12.0 0.952941 -0.000000 -0.000000
13.0 1.042314 -0.000000 -0.000000
14.0 1.093385 0.000000 0.000000
15.0 1.095594 0.000000 0.000000
16.0 1.034016 -0.000000 0.000000
17.0 0.917731 -0.000000 -0.000000
18.0 0.774264 0.000000 0.000000
19.0 0.626450 -0.000000 0.000000
20.0 0.484069 0.000000 0.000000
21.0 0.373947 0.000000 0.000000
22.0 0.353728 0.000000 -0.000000
23.0 0.415978 0.000000 0.000000
24.0 0.475012 0.000000 -0.000000
25.0 0.530670 -0.000000 0.000000
26.0 0.587660 0.000000 -0.000000
27.0 0.648021 0.000000 -0.000000
28.0 0.709130 -0.000000 -0.000000
29.0 0.766499 0.000000 -0.000000
30.0 0.817029 0.000000 -0.000000
31.0 0.845955 0.000000 -0.000000
32.0 0.858003 -0.000000 -0.000000
33.0 0.867706 0.000000 0.000000
34.0 0.879484 0.000000 0.000000
35.0 0.892431 0.000000 0.000000
36.0 0.883254 0.000000 -0.000000
37.0 0.830595 0.000000 -0.000000
38.0 0.734008 -0.000000 0.000000
39.0 0.640540 0.000000 -0.000000
40.0 0.572122 0.000000 0.000000
41.0 0.462043 -0.000000 0.000000
42.0 0.343435 -0.000000 0.000000
43.0 0.288556 0.000000 -0.000000
44.0 0.376389 0.000000 0.000000
45.0 0.492233 0.000000 -0.000000
46.0 0.603979 0.000000 0.000000
47.0 0.715353 0.000000 0.000000
48.0 0.819361 -0.000000 0.000000
49.0 0.906953 -0.000000 -0.000000
50.0 0.966641 0.000000 -0.000000
51.0 0.981510 0.000000 0.000000
52.0 0.937330 0.000000 0.000000
53.0 0.850109 0.000000 -0.000000
54.0 0.749555 -0.000000 -0.000000
55.0 0.682251 0.000000 0.000000
56.0 0.659451 0.000000 0.000000
57.0 0.672066 -0.000001 -0.000000
58.0 0.704167 0.000000 0.000000
59.0 0.738399 0.000000 -0.000000
"Ankle_R"
"Knee_R"
16 0.000000 0.000000 0.000000 0.000000 0.000000 0.000000
2
0.0 0.000000 -0.703026 -0.024023
59.0 0.000000 -0.703026 -0.024023
60
0.0 -0.125727 -0.492920 -0.129716
1.0 -0.179161 -0.474869 -0.137445
2.0 -0.216895 -0.435895 -0.111800
3.0 -0.231468 -0.390298 -0.065299
4.0 -0.217280 -0.352195 -0.011099
5.0 -0.173188 -0.332891 0.036528
6.0 -0.108211 -0.339062 0.062889
7.0 -0.047961 -0.370785 0.063860
8.0 -0.023046 -0.416191 0.069974
9.0 -0.043384 -0.456297 0.087492
10.0 -0.091526 -0.488582 0.112273
11.0 -0.156957 -0.513991 0.139493
12.0 -0.235568 -0.533538 0.165991
13.0 -0.316890 -0.547851 0.187838
14.0 -0.376655 -0.558381 0.200678
15.0 -0.402436 -0.566164 0.198702
16.0 -0.380224 -0.570377 0.174759
17.0 -0.313145 -0.565641 0.134258
18.0 -0.221315 -0.546723 0.089942
19.0 -0.123961 -0.514456 0.052860
20.0 -0.014807 -0.418321 -0.009685
21.0 0.070738 -0.238721 -0.077540
22.0 0.082265 -0.047211 -0.123935
23.0 0.035810 0.072566 -0.150414
24.0 -0.009477 0.076987 -0.139442
25.0 -0.050614 0.006065 -0.097788
26.0 -0.093886 -0.091353 -0.042513
27.0 -0.144711 -0.175108 -0.004335
28.0 -0.202790 -0.226381 -0.019365
29.0 -0.254214 -0.281548 -0.055594
30.0 -0.256773 -0.347251 -0.097010
31.0 -0.189193 -0.420436 -0.135659
32.0 -0.083490 -0.479141 -0.169924
33.0 0.011181 -0.502283 -0.186337
34.0 0.050889 -0.488207 -0.174543
35.0 0.037856 -0.457586 -0.161572
36.0 -0.004057 -0.421073 -0.152207
37.0 -0.053758 -0.399993 -0.132740
38.0 -0.097323 -0.422776 -0.093816
39.0 -0.134543 -0.469748 -0.049593
40.0 -0.157889 -0.514166 -0.013838
41.0 -0.130000 -0.524225 -0.013106
42.0 -0.080911 -0.473741 -0.018760
43.0 -0.055914 -0.391712 -0.004146
44.0 -0.083027 -0.313907 0.017296
45.0 -0.088693 -0.280831 -0.002642
46.0 -0.071643 -0.299378 -0.050719
47.0 -0.046850 -0.356445 -0.096176
48.0 -0.021351 -0.435174 -0.117116
49.0 0.002669 -0.513465 -0.106588
50.0 0.032557 -0.571837 -0.076038
51.0 0.077824 -0.604894 -0.045860
52.0 0.123269 -0.622343 -0.032130
53.0 0.186000 -0.617944 -0.028724
54.0 0.234657 -0.599909 -0.044984
55.0 0.242097 -0.575761 -0.063320
56.0 0.206447 -0.550711 -0.076613
57.0 0.138034 -0.528269 -0.086574
58.0 0.050705 -0.510481 -0.096821
59.0 -0.041531 -0.498481 -0.110470
