// MilkShape 3D ASCII

Frames: 1
Frame: 1

Meshes: 3
"MaterialGroup.0" 0 0
718
0 0.080208 0.014156 -0.454628 0.057940 0.102644 11
0 0.001981 0.049959 -0.443565 0.059149 0.102661 11
0 0.295161 0.369448 0.048965 0.057936 0.082718 11
0 2.012599 -0.188069 0.018792 0.061549 0.081864 10
0 -0.018887 -0.130606 0.551509 0.057908 0.062372 11
0 0.295161 0.369448 0.048965 0.057935 0.082328 11
0 1.477245 -1.035953 -0.011688 0.061450 0.042204 10
0 -0.238740 -0.492397 0.037965 0.057908 0.042249 11
0 -0.238740 -0.492397 0.037965 0.899495 0.679634 11
0 0.001981 0.049959 -0.443565 0.900719 0.660166 11
0 0.080208 0.014156 -0.454628 0.899518 0.659852 11
0 0.601710 -0.099946 0.574470 0.912987 0.241652 10
0 -0.268759 0.428409 0.156481 0.987949 0.177368 10
0 0.378369 -0.457368 0.065840 0.912987 0.177368 10
0 0.378369 -0.457368 0.065840 0.909923 0.553929 10
0 -0.268759 0.428409 0.156481 0.993502 0.537103 10
0 0.648273 0.016406 -0.385603 0.910795 0.516964 10
0 -0.268759 0.428409 0.156481 0.988061 0.177402 10
0 0.871614 0.373828 0.123026 0.912959 0.177402 10
0 0.648273 0.016406 -0.385603 0.912959 0.241707 10
0 1.477245 -1.035953 -0.011688 0.915087 0.691736 10
0 0.378369 -0.457368 0.065840 0.933604 0.553929 10
0 1.783836 -0.542392 -0.489575 0.857927 0.691140 10
0 1.696353 -0.677537 0.498057 0.927445 0.424143 10
0 0.378369 -0.457368 0.065840 0.863140 0.344730 10
0 1.477245 -1.035953 -0.011688 0.863140 0.424143 10
0 2.012599 -0.188069 0.018792 0.857915 0.416751 10
0 0.601710 -0.099946 0.574470 0.933604 0.279544 10
0 1.696353 -0.677537 0.498057 0.915087 0.417351 10
0 1.783836 -0.542392 -0.489575 0.863145 0.416186 10
0 0.871614 0.373828 0.123026 0.927445 0.277492 10
0 2.012599 -0.188069 0.018792 0.927476 0.416180 10
0 0.871614 0.373828 0.123026 0.875184 0.277492 10
0 0.648273 0.016406 -0.385603 0.875395 0.551877 10
0 0.601710 -0.099946 0.574470 0.909923 0.358890 10
0 0.871614 0.373828 0.123026 0.910585 0.321925 10
0 -0.268759 0.428409 0.156481 0.993502 0.342064 10
0 1.143644 -0.640537 -0.511698 0.881479 0.659501 11
0 -0.079550 -0.003739 -0.527137 0.880894 0.659490 13
0 -0.218871 -0.229533 -0.301959 0.880894 0.669550 13
0 0.860133 -1.092560 -0.061737 0.039891 0.042266 11
0 -0.361912 -0.453990 -0.078561 0.039306 0.042266 13
0 -0.247665 -0.259414 0.198384 0.039306 0.052326 13
0 0.132174 0.406425 0.014411 0.039501 0.082503 13
0 0.010195 0.163371 0.239036 0.039306 0.072446 13
0 0.155931 0.392144 0.014084 0.039306 0.082505 13
0 -0.079550 -0.003739 -0.527137 0.039306 0.102625 13
0 1.143644 -0.640537 -0.511698 0.039892 0.102625 11
0 1.862061 -0.578197 -0.500638 0.901919 0.660480 10
0 1.477245 -1.035953 -0.011688 0.903035 0.679699 10
0 1.783836 -0.542392 -0.489575 0.903120 0.660794 10
0 2.012599 -0.188069 0.018792 0.061390 0.081885 10
0 1.862061 -0.578197 -0.500638 0.060358 0.102677 10
0 1.783836 -0.542392 -0.489575 0.061567 0.102694 10
0 1.100872 -0.932767 -0.388208 0.478518 0.422294 13
0 0.416435 -1.009187 -0.395269 0.505024 0.388037 13
0 1.226368 0.001809 -0.393098 0.424863 0.397940 13
0 1.085484 -0.922692 0.658996 0.574555 0.421757 13
0 0.416435 -1.009187 -0.395269 0.509472 0.387828 13
0 1.100872 -0.932767 -0.388208 0.509331 0.421757 13
0 1.085484 -0.922692 0.658996 0.640058 0.421371 13
0 1.210954 0.011905 0.656198 0.587634 0.397940 13
0 0.401019 -0.999093 0.654026 0.667794 0.388037 13
0 1.226368 0.001809 -0.393098 0.509276 0.480695 13
0 1.085484 -0.922692 0.658996 0.574986 0.427040 13
0 1.100872 -0.932767 -0.388208 0.509134 0.427040 13
0 -0.133167 -0.068889 0.461028 0.631211 0.328072 13
0 -0.247665 -0.259414 0.198384 0.653152 0.328072 13
0 -0.361912 -0.453990 -0.078561 0.538356 0.328435 13
0 -0.218871 -0.229533 -0.301959 0.516277 0.328435 13
0 0.295161 0.369448 0.048965 0.057905 0.082328 11
0 1.378670 -0.245745 0.028648 0.039891 0.082500 11
0 1.261913 -0.444162 -0.244987 0.039888 0.092581 11
0 -0.079550 -0.003739 -0.527137 0.468441 0.328072 13
0 0.038941 0.193177 -0.259992 0.446500 0.328072 13
0 1.090745 -0.709318 0.476890 0.039891 0.062385 11
0 1.232447 -0.475225 0.254320 0.039897 0.072439 11
0 0.155931 0.392144 0.014084 0.734443 0.257925 13
0 0.010195 0.163371 0.239036 0.756734 0.257925 13
0 1.210954 0.011905 0.656198 0.771264 0.327794 13
0 0.974236 -0.898355 0.214790 0.039895 0.052366 11
0 1.003746 -0.867218 -0.285828 0.881473 0.669560 11
0 0.132174 0.406425 0.014411 0.039696 0.082502 13
0 1.090745 -0.709318 0.476890 0.039823 0.062385 11
0 -0.133167 -0.068889 0.461028 0.039306 0.062386 13
0 0.038941 0.193177 -0.259992 0.039306 0.092565 13
0 -0.080212 0.014160 -0.454628 0.057940 0.102644 27
0 -0.301211 0.375357 0.058788 0.057936 0.082718 27
0 -0.001984 0.049965 -0.443565 0.059149 0.102661 27
0 0.018885 -0.130604 0.551508 0.057908 0.062372 27
0 -2.012600 -0.188066 0.018793 0.061390 0.081885 26
0 -0.301211 0.375357 0.058788 0.057935 0.082328 27
0 -1.477245 -1.035950 -0.011687 0.061450 0.042204 26
0 -1.696356 -0.677534 0.498057 0.061449 0.062336 26
0 0.238740 -0.492392 0.037964 0.899495 0.679634 27
0 -0.080212 0.014160 -0.454628 0.899518 0.659852 27
0 -0.001984 0.049965 -0.443565 0.900719 0.660166 27
0 -0.601713 -0.099945 0.574470 0.912987 0.241652 26
0 -0.378372 -0.457365 0.065840 0.912987 0.177368 26
0 0.268756 0.428410 0.156481 0.987949 0.177368 26
0 -0.378372 -0.457365 0.065840 0.909923 0.553929 26
0 -0.648277 0.016409 -0.385603 0.910795 0.516964 26
0 0.268756 0.428410 0.156481 0.993502 0.537103 26
0 0.268756 0.428410 0.156481 0.988061 0.177402 26
0 -0.648277 0.016409 -0.385603 0.912959 0.241707 26
0 -0.871618 0.373831 0.123027 0.912959 0.177402 26
0 -1.477245 -1.035950 -0.011687 0.915087 0.691736 26
0 -1.783839 -0.542389 -0.489573 0.857927 0.691140 26
0 -0.378372 -0.457365 0.065840 0.933604 0.553929 26
0 -1.696356 -0.677534 0.498057 0.927445 0.424143 26
0 -0.378372 -0.457365 0.065840 0.863140 0.344730 26
0 -0.601713 -0.099945 0.574470 0.927445 0.344730 26
0 -2.012600 -0.188066 0.018793 0.857915 0.416751 26
0 -1.696356 -0.677534 0.498057 0.915087 0.417351 26
0 -0.601713 -0.099945 0.574470 0.933604 0.279544 26
0 -1.783839 -0.542389 -0.489573 0.863145 0.416186 26
0 -0.871618 0.373831 0.123027 0.927445 0.277492 26
0 -0.648277 0.016409 -0.385603 0.862902 0.277492 26
0 -0.871618 0.373831 0.123027 0.875184 0.277492 26
0 -0.648277 0.016409 -0.385603 0.875395 0.551877 26
0 -0.601713 -0.099945 0.574470 0.909923 0.358890 26
0 0.268756 0.428410 0.156481 0.993502 0.342064 26
0 -0.871618 0.373831 0.123027 0.910585 0.321925 26
0 0.218869 -0.229532 -0.301960 0.880894 0.669550 29
0 -1.143646 -0.640532 -0.511698 0.881479 0.659501 27
0 -1.003748 -0.867212 -0.285828 0.881473 0.669560 27
0 -0.860133 -1.092554 -0.061738 0.039891 0.042266 27
0 -0.974237 -0.898352 0.214790 0.039895 0.052366 27
0 0.247663 -0.259413 0.198384 0.039306 0.052326 29
0 -0.010197 0.163370 0.239036 0.039306 0.072446 29
0 -0.132176 0.406424 0.014411 0.039501 0.082503 29
0 -0.155933 0.392143 0.014085 0.039306 0.082505 29
0 0.079548 -0.003738 -0.527137 0.039306 0.102625 29
0 -0.132176 0.406424 0.014411 0.039696 0.082502 29
0 -1.143646 -0.640532 -0.511698 0.039892 0.102625 27
0 -1.862066 -0.578194 -0.500636 0.901919 0.660480 26
0 -1.783839 -0.542389 -0.489573 0.903120 0.660794 26
0 -1.477245 -1.035950 -0.011687 0.903035 0.679699 26
0 -2.012600 -0.188066 0.018793 0.061549 0.081864 26
0 -1.783839 -0.542389 -0.489573 0.061567 0.102694 26
0 -1.862066 -0.578194 -0.500636 0.060358 0.102677 26
0 -1.100872 -0.932768 -0.388208 0.478518 0.422294 29
0 -1.226372 0.001810 -0.393096 0.424863 0.397940 29
0 -0.416436 -1.009188 -0.395270 0.505024 0.388037 29
0 -1.085486 -0.922695 0.658996 0.574555 0.421757 29
0 -0.416436 -1.009188 -0.395270 0.509472 0.387828 29
0 -0.401021 -0.999096 0.654025 0.574826 0.387828 29
0 -1.085486 -0.922695 0.658996 0.640058 0.421371 29
0 -0.401021 -0.999096 0.654025 0.667794 0.388037 29
0 -1.210956 0.011902 0.656199 0.587634 0.397940 29
0 -1.085486 -0.922695 0.658996 0.574986 0.427040 29
0 -1.226372 0.001810 -0.393096 0.509276 0.480695 29
0 -1.100872 -0.932768 -0.388208 0.509134 0.427040 29
0 0.247663 -0.259413 0.198384 0.653152 0.328072 29
0 0.133166 -0.068890 0.461027 0.631211 0.328072 29
0 0.218869 -0.229532 -0.301960 0.516277 0.328435 29
0 0.361910 -0.453991 -0.078562 0.538356 0.328435 29
0 -1.261913 -0.444157 -0.244987 0.039888 0.092581 27
0 -0.038943 0.193178 -0.259992 0.446500 0.328072 29
0 0.079548 -0.003738 -0.527137 0.468441 0.328072 29
0 -1.232447 -0.475220 0.254321 0.039897 0.072439 27
0 -0.301211 0.375357 0.058788 0.057905 0.082328 27
0 -1.210956 0.011902 0.656199 0.771264 0.327794 29
0 -0.010197 0.163370 0.239036 0.756734 0.257925 29
0 -0.155933 0.392143 0.014085 0.734443 0.257925 29
0 0.238740 -0.492392 0.037964 0.057908 0.042249 27
0 -1.090746 -0.709312 0.476890 0.039823 0.062385 27
0 0.133166 -0.068890 0.461027 0.039306 0.062386 29
0 -0.038943 0.193178 -0.259992 0.039306 0.092565 29
0 0.001659 -2.668679 0.655101 0.020030 0.180498 41
0 -0.474426 -1.880780 0.600200 0.033653 0.137189 41
0 -0.428232 -2.672102 0.502698 0.031465 0.180498 41
0 -0.621388 -1.883065 0.057989 0.040126 0.137189 41
0 -0.423161 -2.674125 -0.402659 0.073701 0.180498 41
0 -0.575690 -2.674189 0.049182 0.040719 0.180498 41
0 -0.468362 -1.883200 -0.482548 0.074345 0.137189 41
0 0.008410 -2.671374 -0.550252 0.062660 0.180498 41
0 -0.423161 -2.674125 -0.402659 0.072158 0.180498 41
0 -0.428232 -2.672102 0.502698 0.007737 0.180498 41
0 0.433230 -2.665928 0.507509 0.008595 0.180498 41
0 0.003534 -3.492754 0.561521 0.034216 0.172784 41
0 0.393792 -3.490299 0.413698 0.026312 0.171598 41
0 0.476117 -1.873968 0.605509 0.005907 0.137189 41
0 0.393792 -3.490299 0.413698 0.009946 0.216504 41
0 0.585759 -2.665864 0.055668 0.040719 0.180498 41
0 0.433230 -2.665928 0.507509 0.007737 0.180498 41
0 0.537887 -0.744414 -0.343853 0.196740 0.395842 43
0 0.653842 -2.947284 -0.122444 0.212089 0.347073 42
0 0.502019 -2.953146 0.177043 0.227380 0.347073 42
0 -0.381132 -2.971447 -0.109972 0.212089 0.347062 42
0 -0.484409 -0.810155 -0.258257 0.196740 0.395842 43
0 -0.225702 -2.970353 0.185810 0.227380 0.347073 42
0 0.132719 -2.955880 -0.563828 0.202818 0.347062 42
0 0.505771 -2.948514 -0.418317 0.196830 0.347073 42
0 0.537887 -0.744414 -0.343853 0.197207 0.395842 43
0 0.139992 -2.962851 0.331412 0.027507 0.264392 42
0 -0.344423 -0.052883 1.995212 0.050836 0.328049 43
0 0.677873 0.012858 1.909616 0.004178 0.328049 43
0 0.677873 0.012858 1.909616 0.057065 0.365120 43
0 -0.293256 -0.652286 2.145958 0.103723 0.392760 43
0 0.729040 -0.586545 2.060362 0.057065 0.392760 43
0 0.537887 -0.744414 -0.343853 0.059059 0.344935 43
0 0.677873 0.012858 1.909616 0.158750 0.318087 43
0 0.729040 -0.586545 2.060362 0.163841 0.344487 43
0 -0.484409 -0.810155 -0.258257 0.058444 0.344935 43
0 -0.344423 -0.052883 1.995212 0.158135 0.318087 43
0 -0.225702 -2.970353 0.185810 0.097330 0.283040 42
0 0.537887 -0.744414 -0.343853 0.002120 0.381260 43
0 -0.293256 -0.652286 2.145958 0.037415 0.396271 43
0 -0.484409 -0.810155 -0.258257 0.002120 0.396271 43
0 0.634197 -1.504849 -0.076732 0.213280 0.297788 42
0 0.485536 -1.510890 0.255891 0.229705 0.297788 42
0 0.482964 -1.505901 -0.405742 0.196856 0.297788 42
0 0.102486 -1.513597 -0.551164 0.202691 0.297782 42
0 0.482964 -1.505901 -0.405742 0.196449 0.297788 42
0 -0.236668 -2.965449 -0.409367 0.208807 0.347052 42
0 -0.274326 -1.523497 -0.396616 0.196856 0.297777 42
0 -0.236668 -2.965449 -0.409367 0.196798 0.347052 42
0 -0.419307 -1.529605 -0.064038 0.213280 0.297782 42
0 0.139992 -2.962851 0.331412 0.297669 0.295206 42
0 -0.264395 -1.528622 0.264926 0.271032 0.221149 42
0 -0.225702 -2.970353 0.185810 0.271317 0.295206 42
0 0.485536 -1.510890 0.255891 0.324877 0.221149 42
0 0.502019 -2.953146 0.177043 0.324022 0.295206 42
0 0.099684 -0.850893 0.449765 0.298090 0.186735 42
0 -0.385045 -3.495881 0.409349 0.270679 0.148743 41
0 -0.283927 -0.858818 0.304379 0.270864 0.186734 42
0 0.393792 -3.490299 0.413698 0.325803 0.148742 41
0 0.479628 -0.840764 0.295180 0.325317 0.186733 42
0 -0.385045 -3.495881 0.409349 0.009903 0.215323 41
0 -0.533035 -3.497771 0.038895 0.039731 0.215720 41
0 0.479628 -0.840764 0.295180 0.230867 0.274886 42
0 0.546055 -3.490049 0.044921 0.214414 0.249609 41
0 0.393792 -3.490299 0.413698 0.232150 0.249606 41
0 0.626848 -0.834616 -0.055871 0.213819 0.274888 42
0 0.398331 -3.491948 -0.325532 0.196373 0.249610 41
0 0.474174 -0.835561 -0.403310 0.196520 0.274888 42
0 0.088507 -0.843449 -0.548670 0.202631 0.274886 42
0 0.080791 -0.473565 -0.547293 0.202597 0.262248 42
0 0.438300 -2.667952 -0.397848 0.053163 0.180498 41
0 0.007574 -2.891202 -0.514415 0.059253 0.201638 41
0 -0.293495 -0.853539 -0.394060 0.208994 0.274883 42
0 -0.438658 -0.859724 -0.043034 0.213819 0.274885 42
0 -0.381038 -3.497511 -0.329884 0.196670 0.249610 41
0 -0.293495 -0.853539 -0.394060 0.196768 0.274883 42
0 -0.381038 -3.497511 -0.329884 0.057896 0.222777 41
0 -0.533035 -3.497771 0.038895 0.067696 0.222776 41
0 -0.283927 -0.858818 0.304379 0.230870 0.274887 42
0 -0.533035 -3.497771 0.038895 0.214413 0.249609 41
0 0.629143 -1.874102 0.064972 0.040126 0.137189 41
0 0.007750 -1.880129 -0.629892 0.062410 0.137189 41
0 0.438300 -2.667952 -0.397848 0.073701 0.180498 41
0 0.482181 -1.876388 -0.477240 0.077962 0.137189 41
0 -0.381038 -3.497511 -0.329884 0.062343 0.222777 41
0 0.009487 -3.495065 -0.477706 0.055846 0.222777 41
0 -0.385045 -3.495881 0.409349 0.035815 0.173569 41
0 0.398331 -3.491948 -0.325532 0.057599 0.222777 41
0 -0.264395 -1.528622 0.264926 0.229705 0.297788 42
0 0.112404 -1.520857 0.410394 0.297954 0.221149 42
0 -0.381038 -3.497511 -0.329884 0.209061 0.249610 41
0 0.009487 -3.495065 -0.477706 0.202564 0.249610 41
0 -0.027724 -2.670147 0.648507 0.020030 0.180498 44
0 0.456266 -1.887001 0.594733 0.033653 0.137189 44
0 -0.017842 -1.878810 0.748211 0.019780 0.137189 44
0 0.395221 -2.677283 -0.409994 0.073701 0.180498 44
0 0.602276 -1.889432 0.052265 0.040126 0.137189 44
0 0.548509 -2.680025 0.041582 0.040719 0.180498 44
0 -0.036550 -2.669771 -0.556834 0.062660 0.180498 44
0 0.448338 -1.886663 -0.488006 0.074345 0.137189 44
0 0.395221 -2.677283 -0.409994 0.072158 0.180498 44
0 0.401850 -2.677566 0.495355 0.007737 0.180498 44
0 0.456266 -1.887001 0.594733 0.002291 0.137189 44
0 -0.038151 -3.493925 0.552896 0.034216 0.172784 44
0 -0.459494 -2.662635 0.501667 0.008595 0.180498 44
0 -0.428614 -3.487128 0.405752 0.026312 0.171598 44
0 -0.494148 -1.870526 0.601697 0.005907 0.137189 44
0 -0.428614 -3.487128 0.405752 0.009946 0.216504 44
0 -0.612783 -2.659893 0.050092 0.040719 0.180498 44
0 -0.581493 -3.484410 0.037240 0.039674 0.215812 44
0 -0.533930 -0.740251 -0.342995 0.196740 0.395842 46
0 -0.677196 -2.940958 -0.116429 0.212089 0.347073 45
0 -0.528879 -2.944320 -0.412162 0.196798 0.347073 45
0 0.488269 -0.812915 -0.261962 0.196740 0.395842 46
0 0.357478 -2.975296 -0.102947 0.212089 0.347062 45
0 0.201799 -2.971997 0.192688 0.227380 0.347073 45
0 -0.533930 -0.740251 -0.342995 0.197207 0.395842 46
0 -0.528879 -2.944320 -0.412162 0.196830 0.347073 45
0 -0.155786 -2.955694 -0.557311 0.202818 0.347062 45
0 0.363393 -0.055617 1.992384 0.050836 0.328049 46
0 0.201799 -2.971997 0.192688 0.050836 0.264392 45
0 -0.163933 -2.960559 0.337935 0.027507 0.264392 45
0 -0.713343 -0.582058 2.062102 0.057065 0.392760 46
0 0.363393 -0.055617 1.992384 0.103723 0.365120 46
0 -0.658805 0.017047 1.911352 0.057065 0.365120 46
0 -0.533930 -0.740251 -0.342995 0.059059 0.344935 46
0 -0.658805 0.017047 1.911352 0.158750 0.318087 46
0 -0.525708 -2.947636 0.183210 0.097945 0.283040 45
0 0.363393 -0.055617 1.992384 0.158135 0.318087 46
0 0.488269 -0.812915 -0.261962 0.058444 0.344935 46
0 0.201799 -2.971997 0.192688 0.097330 0.283040 45
0 0.488269 -0.812915 -0.261962 0.002120 0.396271 46
0 -0.713343 -0.582058 2.062102 0.037415 0.381260 46
0 -0.533930 -0.740251 -0.342995 0.002120 0.381260 46
0 -0.525708 -2.947636 0.183210 0.227380 0.347073 45
0 -0.643368 -1.498688 -0.073967 0.213280 0.297788 45
0 -0.491856 -1.501977 -0.402834 0.196856 0.297788 45
0 -0.111342 -1.513755 -0.547888 0.202691 0.297782 45
0 0.213349 -2.968555 -0.402488 0.208807 0.347052 45
0 0.265215 -1.527020 -0.392969 0.196856 0.297777 45
0 0.213349 -2.968555 -0.402488 0.196798 0.347052 45
0 0.409830 -1.533800 -0.060245 0.213280 0.297782 45
0 -0.163933 -2.960559 0.337935 0.297669 0.295206 45
0 0.254638 -1.530542 0.268573 0.271032 0.221149 45
0 -0.122196 -1.518732 0.413675 0.297954 0.221149 45
0 -0.495072 -1.505437 0.258805 0.324877 0.221149 45
0 -0.525708 -2.947636 0.183210 0.324022 0.295206 45
0 -0.102905 -0.848838 0.451539 0.298090 0.186735 45
0 0.350117 -3.500627 0.400046 0.270679 0.148743 44
0 -0.038151 -3.493925 0.552896 0.298241 0.148746 44
0 -0.428614 -3.487128 0.405752 0.325803 0.148742 44
0 -0.482591 -0.835315 0.296581 0.325317 0.186733 45
0 0.350117 -3.500627 0.400046 0.009903 0.215323 44
0 -0.482591 -0.835315 0.296581 0.230867 0.274886 45
0 -0.581493 -3.484410 0.037240 0.214414 0.249609 44
0 -0.629427 -0.828514 -0.054619 0.213819 0.274888 45
0 -0.434425 -3.486890 -0.333470 0.196373 0.249610 44
0 -0.476457 -0.831754 -0.401913 0.196520 0.274888 45
0 -0.079394 -0.473982 -0.546354 0.202597 0.262248 45
0 -0.090756 -0.843774 -0.546899 0.202631 0.274886 45
0 -0.037893 -2.889685 -0.521542 0.059253 0.201638 44
0 -0.466124 -2.662352 -0.403682 0.053163 0.180498 44
0 0.290988 -0.857280 -0.391914 0.208994 0.274883 45
0 0.344837 -3.500377 -0.339180 0.196670 0.249610 44
0 0.435767 -0.864097 -0.040741 0.213819 0.274885 45
0 0.290988 -0.857280 -0.391914 0.196768 0.274883 45
0 0.344837 -3.500377 -0.339180 0.057896 0.222777 44
0 0.497451 -3.503101 0.029334 0.067696 0.222776 44
0 0.497451 -3.503101 0.029334 0.214413 0.249609 44
0 0.280740 -0.860876 0.306526 0.230870 0.274887 45
0 -0.648086 -1.867757 0.061427 0.040126 0.137189 44
0 -0.459494 -2.662635 0.501667 0.007737 0.180498 44
0 -0.494148 -1.870526 0.601697 0.002291 0.137189 44
0 -0.027967 -1.878379 -0.634520 0.062410 0.137189 44
0 -0.466124 -2.662352 -0.403682 0.073701 0.180498 44
0 -0.502077 -1.870188 -0.481041 0.077962 0.137189 44
0 0.344837 -3.500377 -0.339180 0.062343 0.222777 44
0 0.401850 -2.677566 0.495355 0.031465 0.180498 44
0 -0.434425 -3.486890 -0.333470 0.057599 0.222777 44
0 -0.581493 -3.484410 0.037240 0.067697 0.222776 44
0 0.254638 -1.530542 0.268573 0.229705 0.297788 45
0 0.265215 -1.527020 -0.392969 0.208934 0.297777 45
0 -0.491856 -1.501977 -0.402834 0.196449 0.297788 45
0 -0.495072 -1.505437 0.258805 0.229705 0.297788 45
0 0.280740 -0.860876 0.306526 0.270864 0.186734 45
0 0.344837 -3.500377 -0.339180 0.209061 0.249610 44
0 -0.045892 -3.493586 -0.486321 0.202564 0.249610 44
0 1.543164 0.506940 1.398033 0.425919 0.055762 40
0 0.476117 -1.873968 0.605509 0.435249 0.129600 41
0 0.629143 -1.874102 0.064972 0.463136 0.129986 41
0 0.000001 -0.185194 1.320367 0.359465 0.088863 40
0 -0.553557 -1.881347 0.599758 0.357160 0.129302 41
0 0.002922 -1.877017 0.752869 0.325537 0.129765 41
0 -1.576627 0.529218 -0.490294 0.289777 0.056313 40
0 -0.000001 -0.283923 -0.350326 0.359465 0.088863 40
0 -0.028533 -1.878369 -0.634516 0.325537 0.129765 44
0 1.543164 0.506940 1.398033 0.289777 0.055702 40
0 -0.000008 -0.061848 1.199597 0.359574 0.057924 40
0 1.576625 0.529219 -0.490296 0.289777 0.056313 40
0 -0.000000 0.560061 -0.490295 0.359545 0.056264 40
0 0.629143 -1.874102 0.064972 0.726562 0.054688 41
0 0.002922 -1.877017 0.752869 0.726562 0.054688 41
0 -0.700519 -1.883632 0.057547 0.726562 0.054688 41
0 -0.648086 -1.867757 0.061427 0.463136 0.129986 44
0 -1.543163 0.506940 1.398034 0.425919 0.055762 40
0 -1.576627 0.529218 -0.490294 0.502108 0.055762 40
0 -0.018407 -1.878801 0.748215 0.325537 0.129765 44
0 -1.543163 0.506940 1.398034 0.289777 0.055702 40
0 0.535387 -1.888372 0.594152 0.726562 0.054688 44
0 0.681396 -1.890804 0.051684 0.726562 0.054688 44
0 -0.553557 -1.881347 0.599758 0.362924 0.129565 41
0 0.535387 -1.888372 0.594152 0.355867 0.129664 44
0 -0.547494 -1.883767 -0.482990 0.355867 0.129664 41
0 0.527458 -1.888035 -0.488586 0.362924 0.129565 44
0 -0.018407 -1.878801 0.748215 0.726562 0.054688 44
0 -0.648086 -1.867757 0.061427 0.726562 0.054688 44
0 1.188509 0.446276 -0.382127 0.486720 0.010279 4
0 1.222034 0.081932 1.058817 0.427951 0.021893 4
0 1.222033 0.081934 -0.518094 0.490452 0.021945 4
0 0.407344 0.081932 1.058819 0.339824 0.021862 4
0 1.151561 0.446276 0.999752 0.303690 0.011984 4
0 0.383854 0.446276 0.999752 0.339871 0.012308 4
0 -1.222033 0.081932 1.058819 0.427951 0.021893 4
0 -1.188510 0.446276 -0.382126 0.486720 0.010279 4
0 -1.222034 0.081934 -0.518093 0.490452 0.021945 4
0 -0.396170 0.446276 -0.382127 0.301846 0.095652 4
0 -1.151560 0.446276 0.999753 0.301846 0.071824 4
0 -0.383853 0.446276 0.999752 0.301846 0.071824 4
0 0.407381 0.083675 -0.518094 0.339824 0.021862 4
0 1.188509 0.446276 -0.382127 0.303690 0.011984 4
0 1.222033 0.081934 -0.518094 0.303330 0.021579 4
0 0.396169 0.446276 -0.382127 0.301846 0.095652 4
0 1.151561 0.446276 0.999752 0.301846 0.071824 4
0 1.188509 0.446276 -0.382127 0.301846 0.095652 4
0 -0.407418 0.081932 1.058820 0.339824 0.021862 4
0 -1.151560 0.446276 0.999753 0.303690 0.011984 4
0 -1.222033 0.081932 1.058819 0.303330 0.021579 4
0 1.275416 1.663198 -0.501249 0.655122 0.768815 5
0 0.675842 2.903801 0.511008 0.526286 0.610916 5
0 1.275418 1.663198 1.157617 0.443989 0.768815 5
0 -0.000000 1.663198 -0.501248 0.837826 0.767264 5
0 0.675841 2.904320 -0.440097 0.751808 0.609299 5
0 1.275416 1.663198 -0.501249 0.675496 0.767264 5
0 0.675842 2.903801 0.511008 0.360046 0.608691 5
0 -0.000000 2.903429 -0.440097 0.274028 0.487638 5
0 -0.000000 2.904692 0.511008 0.274028 0.608691 5
0 1.139686 0.446274 -0.395221 0.661252 0.989617 4
0 1.201022 0.605194 1.089885 0.472234 0.969391 4
0 1.102738 0.446274 0.998785 0.483829 0.989617 4
0 1.102738 0.446274 0.998785 0.420780 0.989617 4
0 0.000000 0.605194 1.089885 0.273996 0.969391 4
0 0.000000 0.446274 0.998785 0.273996 0.989617 4
0 1.201021 0.605194 -0.483464 0.678532 0.967841 4
0 -0.000000 0.605194 -0.483464 0.837826 0.967841 4
0 1.201021 0.605194 -0.483464 0.672484 0.969391 4
0 1.201022 0.605194 1.089885 0.433290 0.969391 4
0 0.000000 1.663198 1.157618 0.273996 0.768815 5
0 1.102738 0.446274 0.998785 0.115919 0.445217 4
0 -0.000000 0.446274 -0.395220 0.262703 0.622641 4
0 1.139686 0.446274 -0.395221 0.111216 0.622641 4
0 0.675842 2.903801 0.511008 0.360014 0.610916 5
0 1.275418 1.663198 1.157617 0.436325 0.768815 5
0 1.139686 0.446274 -0.395221 0.686339 0.988067 4
0 -0.000000 0.446274 -0.395220 0.837826 0.988067 4
0 -1.275418 1.663198 -0.501248 0.655122 0.768815 5
0 -0.675842 2.903801 0.511008 0.526286 0.610916 5
0 -0.675842 2.904320 -0.440097 0.647339 0.610850 5
0 -0.675842 2.904320 -0.440097 0.751808 0.609299 5
0 -0.000000 2.903429 -0.440097 0.837826 0.609413 5
0 -0.675842 2.903801 0.511008 0.360046 0.608691 5
0 -1.139686 0.446274 -0.395221 0.661252 0.989617 4
0 -1.201022 0.605194 1.089885 0.472234 0.969391 4
0 -1.201021 0.605194 -0.483464 0.672484 0.969391 4
0 -1.102737 0.446274 0.998785 0.420780 0.989617 4
0 -1.201022 0.605194 1.089885 0.433290 0.969391 4
0 -1.201021 0.605194 -0.483464 0.678532 0.967841 4
0 -1.275418 1.663198 1.157617 0.436325 0.768815 5
0 -1.102737 0.446274 0.998785 0.115919 0.445217 4
0 0.000000 0.446274 0.998785 0.262703 0.445217 4
0 -0.675842 2.903801 0.511008 0.360014 0.610916 5
0 -1.139686 0.446274 -0.395221 0.686339 0.988067 4
0 -0.000000 2.832720 -0.401294 0.190303 0.202279 5
0 0.333596 0.437656 0.366857 0.204676 0.187906 6
0 0.333596 2.832720 0.265897 0.190303 0.187906 5
0 -0.333596 2.832720 0.265897 0.190303 0.173533 5
0 -0.333596 0.437656 0.366857 0.204676 0.173533 6
0 -0.000000 2.832720 -0.401294 0.190303 0.159159 5
0 0.333596 2.832720 0.265897 0.175929 0.173533 5
0 -0.000000 2.832720 -0.401294 0.175929 0.159159 5
0 0.333596 0.437656 0.366857 0.219049 0.173533 6
0 -0.000000 0.629539 -0.300334 0.204676 0.159159 6
0 1.431914 1.128036 0.406802 0.895164 0.087151 7
0 0.834367 2.014780 1.223108 0.905668 0.085173 7
0 1.205505 0.997347 1.093491 0.903064 0.085173 7
0 -0.167061 2.356083 0.770224 0.916172 0.063175 7
0 0.834367 2.014780 1.223108 0.926676 0.064164 7
0 1.047005 2.000725 0.660793 0.926677 0.062186 7
0 -0.000002 1.115658 -2.069376 0.895164 0.032651 7
0 -0.000001 2.327805 -1.644256 0.905668 0.032651 7
0 1.270394 1.001997 -1.733260 0.895164 0.022147 7
0 -1.010944 -0.384224 -1.069384 0.879407 0.051682 7
0 -0.000001 -0.326092 -1.694190 0.874155 0.043156 7
0 -0.000001 -0.583556 -1.099120 0.874155 0.051682 7
0 -0.144462 2.915569 -0.267013 0.916377 0.051682 7
0 1.192324 2.234367 -1.333114 0.926676 0.043156 7
0 -0.000001 2.327805 -1.644256 0.916172 0.043156 7
0 -0.167061 2.356083 0.770224 0.940780 0.935764 7
0 1.114415 2.211580 0.407282 0.951284 0.933786 7
0 -0.168056 2.566936 0.516713 0.940780 0.933786 7
0 -1.045016 2.000725 0.660794 0.930276 0.935764 7
0 -1.513067 1.237198 0.189696 0.919772 0.933786 7
0 -1.423469 1.214855 0.406803 0.919772 0.935764 7
0 1.439009 0.707815 -0.551970 0.895164 0.097655 7
0 1.696780 1.421116 -0.535520 0.900416 0.097655 7
0 1.524496 1.150379 0.189694 0.895164 0.089129 7
0 -1.499765 0.713409 -0.548524 0.895164 0.051681 7
0 -1.644915 1.450190 -0.474549 0.900416 0.051682 7
0 -1.312600 1.033354 -1.769397 0.895164 0.043156 7
0 -0.168056 2.566936 0.516713 0.916172 0.060208 7
0 1.331787 2.490856 -0.309860 0.926677 0.051682 7
0 -0.144462 2.915569 -0.267013 0.916172 0.052182 7
0 0.726483 -0.066662 -0.312393 0.874155 0.060208 7
0 -0.557349 -0.128748 -0.300053 0.882018 0.060208 7
0 -0.008657 -0.287102 -0.368903 0.875977 0.057250 7
0 -1.513067 1.237198 0.189696 0.895164 0.060208 7
0 -0.345776 2.116751 1.156425 0.916172 0.064164 7
0 1.524496 1.150379 0.189694 0.919772 0.962707 7
0 1.047005 2.000725 0.660793 0.930276 0.960729 7
0 1.431914 1.128036 0.406802 0.919772 0.960729 7
0 1.097700 0.043753 -0.412234 0.938797 0.950403 7
0 1.524496 1.150379 0.189694 0.949301 0.950403 7
0 1.431914 1.128036 0.406802 0.949301 0.948425 7
0 -0.972216 -0.001673 -0.412233 0.884659 0.060208 7
0 -2.068894 0.452675 -0.471779 0.884660 0.051682 7
0 1.962060 0.461388 -0.506981 0.884660 0.097655 7
0 1.097700 0.043753 -0.412234 0.884659 0.089129 7
0 -0.972216 -0.001673 -0.412233 0.938797 0.923460 7
0 -1.423469 1.214855 0.406803 0.949301 0.923460 7
0 -1.513067 1.237198 0.189696 0.949301 0.921482 7
0 -0.000001 -0.326092 -1.694190 0.884659 0.032651 7
0 -0.451916 1.669228 1.200240 0.890762 0.071883 7
0 0.154268 0.999985 0.060142 0.872485 0.062186 7
0 -0.017563 1.234606 1.587974 0.883658 0.070615 7
0 0.803647 0.904322 1.179102 0.876944 0.067786 7
0 0.726483 -0.066662 -0.312393 0.868655 0.062186 7
0 0.993012 -0.211847 0.729557 0.874357 0.067786 7
0 -1.014935 1.930647 1.163903 0.905761 0.064147 7
0 -0.167061 2.356083 0.770224 0.916172 0.062186 7
0 -1.045016 2.000725 0.660794 0.905668 0.062186 7
0 -1.114415 2.211580 0.407283 0.905668 0.060208 7
0 -1.281325 2.498974 -0.256160 0.905668 0.051682 7
0 -0.963010 -0.238415 0.701425 0.884659 0.062186 7
0 -0.972216 -0.001673 -0.412233 0.884659 0.062186 7
0 -0.557349 -0.128748 -0.300053 0.880205 0.062186 7
0 -1.114415 2.211580 0.407283 0.930276 0.933786 7
0 -0.144462 2.915569 -0.267013 0.916172 0.051682 7
0 -1.029554 2.234367 -1.333114 0.905668 0.043156 7
0 1.962060 0.461388 -0.506981 0.863651 0.051682 7
0 0.957526 -0.379870 -1.086985 0.868903 0.051682 7
0 1.258976 -0.134802 -1.575953 0.863651 0.043156 7
0 -0.451916 1.669228 1.200240 0.892145 0.074668 7
0 0.371949 1.735535 1.697676 0.898010 0.080432 7
0 -0.345776 2.116751 1.156425 0.895164 0.074668 7
0 -1.014935 1.930647 1.163903 0.905796 0.064164 7
0 1.114415 2.211580 0.407282 0.926677 0.060208 7
0 -1.423469 1.214855 0.406803 0.895164 0.062186 7
0 -1.014935 1.930647 1.163903 0.905668 0.064164 7
0 0.803647 0.904322 1.179102 0.895164 0.078670 7
0 -0.017563 1.234606 1.587974 0.893657 0.076672 7
0 -0.345776 2.116751 1.156425 0.905668 0.074668 7
0 1.047005 2.000725 0.660793 0.905668 0.087151 7
0 -0.574790 1.034903 0.009430 0.877537 0.062186 7
0 -0.465902 1.631340 0.060142 0.875801 0.062186 7
0 0.933090 0.012354 1.581483 0.881709 0.071632 7
0 1.407198 0.131235 0.850464 0.884659 0.085173 7
0 1.097700 0.043753 -0.412234 0.884659 0.087151 7
0 -0.949652 0.594975 1.106298 0.895164 0.064164 7
0 -1.625857 0.395088 0.766338 0.889904 0.063173 7
0 -1.027975 0.027432 1.598871 0.895164 0.064164 7
0 0.993012 -0.211847 0.729557 0.874509 0.068072 7
0 -1.625857 0.395088 0.766338 0.895258 0.063033 7
0 -0.949652 0.594975 1.106298 0.895164 0.064303 7
0 -1.521238 1.271692 1.073256 0.895164 0.069600 7
0 -1.521238 1.271692 1.073256 0.900734 0.064164 7
0 -1.027975 0.027432 1.598871 0.894565 0.064051 7
0 -0.963010 -0.238415 0.701425 0.889272 0.063055 7
0 -1.625857 0.395088 0.766338 0.895164 0.063033 7
0 -0.949652 0.594975 1.106298 0.889683 0.069711 7
0 -1.027975 0.027432 1.598871 0.884659 0.062186 7
0 -0.738091 1.093050 1.361084 0.890462 0.071279 7
0 1.258976 -0.134802 -1.575953 0.884659 0.022147 7
0 1.270394 1.001997 -1.733260 0.895164 0.106181 7
0 1.258976 -0.134802 -1.575953 0.884659 0.106181 7
0 -1.283222 -0.110270 -1.554225 0.884723 0.043156 7
0 -1.283222 -0.110270 -1.554225 0.884659 0.043156 7
0 1.192324 2.234367 -1.333114 0.905668 0.022147 7
0 -1.283222 -0.110270 -1.554225 0.884471 0.043156 7
0 1.097700 0.043753 -0.412234 0.863651 0.060208 7
0 -0.008657 -0.287102 -0.368903 0.874155 0.055945 7
0 1.097700 0.043753 -0.412234 0.863651 0.062186 7
0 -0.008657 -0.287102 -0.368903 0.880203 0.057664 7
0 -0.000001 -0.583556 -1.099120 0.877798 0.054293 7
0 1.097700 0.043753 -0.412234 0.871529 0.055945 7
0 -1.014935 1.930647 1.163903 0.905540 0.064292 7
0 -0.949652 0.594975 1.106298 0.890220 0.070791 7
0 1.407198 0.131235 0.850464 0.895164 0.085173 7
0 1.192324 2.234367 -1.333114 0.905668 0.106181 7
0 1.331787 2.490856 -0.309860 0.905668 0.097655 7
0 1.114415 2.211580 0.407282 0.905668 0.089129 7
0 3.236487 3.233754 -1.208306 0.148437 0.074475 5
0 3.376398 2.473631 -1.514514 0.148437 0.121094 5
0 2.374599 1.330849 -1.432105 0.195056 0.121094 5
0 1.364465 1.324667 -0.977337 0.241674 0.121094 5
0 1.177277 3.171279 -0.338970 0.195056 0.027857 5
0 1.864377 3.658132 -0.499197 0.171747 0.027857 5
0 3.086834 1.741024 -1.597062 0.171747 0.121094 5
0 0.872054 1.728880 -0.631423 0.241674 0.074475 5
0 0.746449 2.390461 -0.385915 0.241674 0.027857 5
0 2.625614 3.709731 -0.793746 0.148437 0.027857 5
0 -0.000002 0.086287 -0.518094 0.325674 0.095652 4
0 0.407344 0.081932 1.058819 0.313760 0.071824 4
0 1.222034 0.081932 1.058817 0.301846 0.071824 4
0 1.222034 0.081932 1.058817 0.303330 0.021579 4
0 -0.407418 0.081932 1.058820 0.313760 0.071824 4
0 -0.000018 0.081932 1.058821 0.325674 0.071824 4
0 -1.222034 0.081934 -0.518093 0.303330 0.021579 4
0 -3.282702 3.210189 -1.176895 0.148437 0.074475 5
0 -2.402171 1.318106 -1.418887 0.195056 0.121094 5
0 -3.417823 2.450039 -1.484884 0.148437 0.121094 5
0 -1.212095 3.166469 -0.331154 0.195056 0.027857 5
0 -1.386399 1.320992 -0.975592 0.241674 0.121094 5
0 -1.906619 3.646396 -0.481436 0.171747 0.027857 5
0 -3.121063 1.721119 -1.573967 0.171747 0.121094 5
0 -0.894286 1.728994 -0.633465 0.241674 0.074475 5
0 -0.773080 2.390738 -0.386442 0.241674 0.027857 5
0 -2.672081 3.690938 -0.767144 0.148437 0.027857 5
0 1.696353 -0.677537 0.498057 0.061449 0.062336 10
0 0.601710 -0.099946 0.574470 0.927445 0.344730 10
0 0.648273 0.016406 -0.385603 0.862902 0.277492 10
0 -0.361912 -0.453990 -0.078561 0.880894 0.679609 13
0 0.860133 -1.092560 -0.061737 0.881479 0.679610 11
0 0.401019 -0.999093 0.654026 0.574826 0.387828 13
0 1.210954 0.011905 0.656198 0.575259 0.480695 13
0 0.010195 0.163371 0.239036 0.609271 0.328072 13
0 -0.247665 -0.259414 0.198384 0.560434 0.328435 13
0 -0.218871 -0.229533 -0.301959 0.490381 0.328072 13
0 1.226368 0.001809 -0.393098 0.705281 0.327794 13
0 0.038941 0.193177 -0.259992 0.712152 0.257925 13
0 -1.477245 -1.035950 -0.011687 0.863140 0.424143 26
0 -2.012600 -0.188066 0.018793 0.927476 0.416180 26
0 -0.860133 -1.092554 -0.061738 0.881479 0.679610 27
0 0.361910 -0.453991 -0.078562 0.880894 0.679609 29
0 0.079548 -0.003738 -0.527137 0.880894 0.659490 29
0 -1.090746 -0.709312 0.476890 0.039891 0.062385 27
0 0.361910 -0.453991 -0.078562 0.039306 0.042266 29
0 -1.100872 -0.932768 -0.388208 0.509331 0.421757 29
0 -1.210956 0.011902 0.656199 0.575259 0.480695 29
0 -0.010197 0.163370 0.239036 0.609271 0.328072 29
0 0.247663 -0.259413 0.198384 0.560434 0.328435 29
0 -1.378671 -0.245741 0.028649 0.039891 0.082500 27
0 0.218869 -0.229532 -0.301960 0.490381 0.328072 29
0 -0.038943 0.193178 -0.259992 0.712152 0.257925 29
0 -1.226372 0.001810 -0.393096 0.705281 0.327794 29
0 0.000006 -1.877038 0.752852 0.019780 0.137189 41
0 -0.468362 -1.883200 -0.482548 0.077962 0.137189 41
0 -0.474426 -1.880780 0.600200 0.002291 0.137189 41
0 0.546055 -3.490049 0.044921 0.039674 0.215812 41
0 0.505771 -2.948514 -0.418317 0.196798 0.347073 42
0 -0.484409 -0.810155 -0.258257 0.208681 0.395842 43
0 0.502019 -2.953146 0.177043 0.004178 0.264392 42
0 -0.225702 -2.970353 0.185810 0.050836 0.264392 42
0 -0.344423 -0.052883 1.995212 0.103723 0.365120 43
0 0.502019 -2.953146 0.177043 0.097945 0.283040 42
0 -0.293256 -0.652286 2.145958 0.163226 0.344487 43
0 0.729040 -0.586545 2.060362 0.037415 0.381260 43
0 -0.274326 -1.523497 -0.396616 0.208934 0.297777 42
0 0.003534 -3.492754 0.561521 0.298241 0.148746 41
0 -0.385045 -3.495881 0.409349 0.232157 0.249607 41
0 0.476117 -1.873968 0.605509 0.002291 0.137189 41
0 0.482181 -1.876388 -0.477240 0.050476 0.137189 41
0 0.546055 -3.490049 0.044921 0.067697 0.222776 41
0 0.448338 -1.886663 -0.488006 0.077962 0.137189 44
0 0.488269 -0.812915 -0.261962 0.208681 0.395842 46
0 -0.525708 -2.947636 0.183210 0.004178 0.264392 45
0 -0.658805 0.017047 1.911352 0.004178 0.328049 46
0 0.308855 -0.654722 2.143134 0.103723 0.392760 46
0 -0.713343 -0.582058 2.062102 0.163841 0.344487 46
0 0.308855 -0.654722 2.143134 0.163226 0.344487 46
0 0.308855 -0.654722 2.143134 0.037415 0.396271 46
0 0.201799 -2.971997 0.192688 0.271317 0.295206 45
0 0.497451 -3.503101 0.029334 0.039731 0.215720 44
0 -0.428614 -3.487128 0.405752 0.232150 0.249606 44
0 0.350117 -3.500627 0.400046 0.232157 0.249607 44
0 -0.502077 -1.870188 -0.481041 0.050476 0.137189 44
0 -0.045892 -3.493586 -0.486321 0.055846 0.222777 44
0 0.350117 -3.500627 0.400046 0.035815 0.173569 44
0 0.482181 -1.876388 -0.477240 0.491022 0.130371 41
0 1.576625 0.529219 -0.490296 0.502108 0.055762 40
0 0.476117 -1.873968 0.605509 0.303439 0.129665 41
0 0.008015 -1.880127 -0.629890 0.325537 0.129765 41
0 -0.502077 -1.870188 -0.481041 0.303608 0.129820 44
0 0.008015 -1.880127 -0.629890 0.726562 0.054688 41
0 0.482181 -1.876388 -0.477240 0.726562 0.054688 41
0 0.476117 -1.873968 0.605509 0.726562 0.054688 41
0 -0.553557 -1.881347 0.599758 0.726562 0.054688 41
0 -0.547494 -1.883767 -0.482990 0.726562 0.054688 41
0 -0.502077 -1.870188 -0.481041 0.491022 0.130371 44
0 -0.494148 -1.870526 0.601697 0.435249 0.129600 44
0 -0.494148 -1.870526 0.601697 0.303608 0.129820 44
0 0.535387 -1.888372 0.594152 0.357160 0.129302 44
0 0.527458 -1.888035 -0.488586 0.355867 0.129664 44
0 0.527458 -1.888035 -0.488586 0.726562 0.054688 44
0 -0.494148 -1.870526 0.601697 0.726562 0.054688 44
0 -0.502077 -1.870188 -0.481041 0.726562 0.054688 44
0 -0.028533 -1.878369 -0.634516 0.726562 0.054688 44
0 1.151561 0.446276 0.999752 0.431550 0.010236 4
0 -1.151560 0.446276 0.999753 0.431550 0.010236 4
0 -1.188510 0.446276 -0.382126 0.301846 0.095652 4
0 -0.407388 0.083675 -0.518093 0.339824 0.021862 4
0 -1.188510 0.446276 -0.382126 0.303690 0.011984 4
0 0.396169 0.446276 -0.382127 0.339871 0.012308 4
0 -0.000002 0.086287 -0.518094 0.359459 0.021860 4
0 -0.000000 0.446276 -0.382127 0.359545 0.012478 4
0 0.383854 0.446276 0.999752 0.301846 0.071824 4
0 0.000000 0.446276 0.999752 0.301846 0.071824 4
0 -0.383853 0.446276 0.999752 0.339871 0.012308 4
0 0.675841 2.904320 -0.440097 0.647339 0.610850 5
0 0.675841 2.904320 -0.440097 0.360046 0.487638 5
0 -0.000000 2.904692 0.511008 0.273996 0.610802 5
0 -1.275418 1.663198 1.157617 0.443989 0.768815 5
0 -1.275418 1.663198 -0.501248 0.675496 0.767264 5
0 -0.675842 2.904320 -0.440097 0.360046 0.487638 5
0 -1.102737 0.446274 0.998785 0.483829 0.989617 4
0 -1.139686 0.446274 -0.395221 0.111216 0.622641 4
0 -0.000000 0.629539 -0.300334 0.204676 0.202279 6
0 1.047005 2.000725 0.660793 0.951284 0.935764 7
0 1.114415 2.211580 0.407282 0.930276 0.962707 7
0 0.407381 0.083675 -0.518094 0.313760 0.095652 4
0 -0.407388 0.083675 -0.518093 0.313760 0.095652 4
0 -1.222033 0.081932 1.058819 0.301846 0.071824 4
0 1.222033 0.081934 -0.518094 0.301846 0.095652 4
0 -1.222034 0.081934 -0.518093 0.301846 0.095652 4
0 -0.000018 0.081932 1.058821 0.359459 0.021860 4
0 -0.396170 0.446276 -0.382127 0.339871 0.012308 4
0 -0.000000 0.446276 -0.382127 0.301846 0.095652 4
0 -0.000018 0.081932 1.058821 0.359701 0.021860 4
0 0.000000 0.446276 0.999752 0.359707 0.012478 4
0 0.000000 0.446276 0.999752 0.359545 0.012478 4
0 0.482181 -1.876388 -0.477240 0.303608 0.129820 41
332
-0.018463 0.147780 -0.988848
-0.570760 0.772099 -0.279457
0.644334 -0.760782 -0.077744
0.995721 -0.002954 -0.092365
0.365629 0.907973 0.204696
-0.628359 0.777093 -0.035938
-0.998287 0.000894 0.058509
-0.175280 -0.011346 0.984453
-0.880379 0.471001 0.055598
-0.643355 -0.761107 -0.082524
-0.191533 0.205784 -0.959671
0.275843 0.955324 0.106144
-0.053812 0.132014 -0.989786
-0.089353 -0.987232 0.131868
-0.948143 -0.100813 0.301431
-0.719872 0.467717 -0.512860
-0.803121 0.589189 0.088613
-0.334795 0.581785 -0.741241
-0.968378 0.173162 -0.179610
-0.746331 0.648865 -0.148203
0.619468 -0.779347 0.094227
0.038428 0.680674 0.731578
0.262597 0.963824 0.045683
-0.945535 -0.100538 0.309605
0.571322 -0.581264 -0.579416
-0.205390 -0.758176 -0.618857
0.693862 0.429509 -0.577994
0.557299 -0.572641 0.601249
0.619034 0.466205 0.632020
-0.294598 -0.681141 0.670268
-0.808238 0.511347 0.292020
0.975985 -0.071657 -0.205714
0.921431 -0.362192 0.140649
0.169432 0.757176 -0.630854
0.764127 -0.517171 0.385544
0.892761 -0.449626 -0.028546
0.869730 -0.490704 -0.052717
-0.842399 0.537923 -0.031650
0.018502 0.147917 -0.988827
-0.639113 -0.763848 -0.089834
0.570538 0.772275 -0.279422
-0.343637 0.911835 0.224657
-0.995781 -0.001168 -0.091758
0.628356 0.777096 -0.035934
0.089357 -0.987232 0.131865
0.998286 0.000896 0.058510
0.175281 -0.011348 0.984453
0.643355 -0.761107 -0.082526
0.880379 0.471001 0.055598
0.191532 0.205784 -0.959671
-0.275842 0.955324 0.106146
0.053812 0.132014 -0.989786
0.803122 0.589188 0.088614
0.948143 -0.100830 0.301426
0.842402 0.537920 -0.031651
0.334818 0.581810 -0.741211
-0.869731 -0.490701 -0.052722
0.746330 0.648866 -0.148204
-0.038421 0.680675 0.731577
-0.619490 -0.779325 0.094253
-0.262593 0.963825 0.045686
0.719865 0.467723 -0.512864
0.945578 -0.101595 0.309128
-0.571320 -0.581264 -0.579418
-0.693863 0.429510 -0.577992
0.205391 -0.758175 -0.618858
-0.557298 -0.572642 0.601248
0.294598 -0.681142 0.670267
-0.619033 0.466204 0.632022
0.808237 0.511349 0.292019
0.968378 0.173160 -0.179610
-0.921777 -0.360567 0.142545
-0.169412 0.757185 -0.630849
-0.867541 -0.497209 0.012468
-0.764126 -0.517176 0.385538
-0.004734 -0.124159 0.992251
-0.709892 -0.120368 0.693949
-0.717731 -0.111575 0.687323
-0.996953 -0.077942 -0.003025
-0.706029 -0.102738 -0.700691
-0.997776 -0.066444 -0.005319
-0.707555 -0.104512 -0.698888
0.009578 -0.132944 -0.991077
0.710839 -0.109374 0.694798
0.053531 -0.980249 0.190382
0.350894 -0.932375 -0.086897
0.568939 -0.590730 0.572142
0.997979 -0.063271 0.005878
-0.539650 -0.599780 0.590797
0.256457 -0.769261 -0.585207
-0.510825 0.660666 0.550072
0.087189 0.463494 -0.881800
0.681244 -0.536467 0.498107
0.444476 0.775210 0.448877
0.125018 -0.976396 -0.176131
0.661363 0.277449 0.696865
-0.031401 0.997826 0.057949
-0.580347 0.797759 0.163639
0.486851 0.869115 0.087263
-0.478687 -0.517986 0.708907
0.651414 -0.445335 0.614277
0.999967 0.007855 -0.002066
0.699324 -0.030303 0.714163
0.682219 0.016639 -0.730959
-0.011769 0.004659 -0.999920
-0.545326 0.511047 0.664418
-0.698253 -0.012530 -0.715741
-0.999314 -0.032648 0.017471
-0.681542 -0.057716 0.729500
-0.093672 -0.968362 -0.231302
-0.249289 -0.967010 0.052414
0.205914 -0.968831 -0.137718
-0.485415 -0.855224 0.181558
-0.224164 -0.965979 -0.128978
0.169337 -0.821560 -0.544393
0.214447 0.853376 0.475144
0.304040 -0.937446 0.169573
0.486237 0.872563 -0.046991
-0.011717 0.002983 -0.999927
-0.217318 0.969702 -0.111582
0.712686 -0.097399 -0.694689
0.005334 -0.116509 -0.993175
-0.446080 -0.686563 0.574146
0.244679 -0.938399 0.244006
-0.077333 -0.981565 -0.174782
0.815745 -0.578406 -0.002625
0.012082 -0.105990 -0.994294
0.589174 -0.511098 -0.625821
0.164958 -0.969464 -0.181460
0.013356 -0.057776 0.998240
0.005156 -0.126669 0.991932
0.709807 -0.129314 0.692424
0.004052 -0.125054 0.992142
0.703754 -0.108176 -0.702160
0.996101 -0.088079 -0.004938
0.997037 -0.076585 -0.007204
-0.012616 -0.130374 -0.991385
0.705264 -0.109970 -0.700363
0.717725 -0.120586 0.685806
-0.061382 -0.980359 0.187427
-0.710734 -0.103861 0.695751
-0.356604 -0.930459 -0.084137
-0.572857 -0.587251 0.571815
-0.998560 -0.053123 0.007443
-0.185113 -0.847933 -0.496733
0.535200 -0.604312 0.590227
-0.268467 -0.780970 -0.563925
-0.713468 0.121932 0.689997
-0.684703 -0.529097 0.501237
-0.094767 0.515310 -0.851748
-0.433446 0.783813 0.444704
-0.095698 -0.980993 -0.168805
0.585499 0.794373 0.161750
0.042153 0.997540 0.056004
-0.651679 -0.441157 0.617005
-0.481017 0.872339 0.087448
0.520555 0.650430 0.553139
-0.999839 0.017710 -0.003006
-0.681363 0.021702 -0.731624
0.012715 0.002268 -0.999917
0.493559 0.596343 0.633067
0.698740 -0.021042 -0.715066
0.998928 -0.042460 0.018467
0.680282 -0.062774 0.730257
-0.014824 -0.055371 0.998356
-0.700231 -0.021782 0.713584
0.083538 -0.969158 -0.231852
0.240812 -0.969457 0.046511
0.475223 -0.861194 0.180299
-0.203953 0.856359 0.474398
-0.298312 -0.943994 0.141012
-0.461328 0.885188 -0.060156
0.271346 0.956162 -0.110120
0.012647 0.000592 -0.999920
-0.008208 -0.113978 -0.993449
-0.714820 -0.088410 -0.693697
0.209075 -0.852708 0.478724
0.069110 -0.982296 -0.174124
-0.256114 -0.937880 0.234065
0.213246 -0.968165 -0.131086
-0.215009 -0.966541 -0.139889
-0.820527 -0.571602 -0.002609
-0.014850 -0.103387 -0.994530
-0.594612 -0.505005 -0.625624
-0.159439 -0.969839 -0.184370
0.531214 0.656275 0.535831
-0.000397 0.091773 0.995780
-0.843735 -0.413797 -0.341881
-0.008433 -0.775610 0.631157
-0.294213 0.739845 -0.605036
0.000281 0.063385 -0.997989
0.036628 -0.620973 -0.782976
0.000008 0.772202 0.635377
0.292800 0.737897 -0.608093
0.000000 -0.998653 0.051881
0.999650 -0.001939 0.026390
-0.528004 0.656835 0.538313
0.002744 -0.777164 0.629292
0.841563 -0.419430 -0.340368
-0.999856 0.008450 -0.014736
-0.883765 -0.450598 0.126182
0.878337 -0.461981 0.122871
0.566327 0.686565 -0.455963
-0.132853 0.991130 0.003214
0.005021 0.963378 0.268099
0.000002 0.737207 0.675667
0.511217 0.669451 0.538975
0.000001 0.761568 0.648085
0.132854 0.991130 0.003214
-0.566327 0.686565 -0.455963
-0.005021 0.963378 0.268099
-0.000361 0.822076 -0.569378
-0.511216 0.669451 0.538975
-0.000000 0.761577 0.648075
0.004592 0.998902 0.046614
0.000361 0.822083 -0.569368
-0.000001 0.737207 0.675667
0.736686 0.147377 -0.659980
0.431282 0.799883 0.417353
0.687552 0.226181 0.690010
-0.000000 0.016215 -0.999869
0.422647 0.690728 -0.586740
-0.000000 0.723976 -0.689825
0.000000 0.855427 0.517924
0.466078 -0.787351 -0.403546
0.663143 -0.342284 0.665645
0.380259 -0.828544 0.410997
0.000000 -0.288080 0.957606
0.000000 -0.865253 0.501335
0.660781 -0.288606 -0.692874
-0.000000 -0.258860 -0.965915
0.000000 0.206713 0.978402
-0.000000 -0.861821 -0.507212
-0.736687 0.147377 -0.659979
-0.431281 0.799883 0.417353
-0.422648 0.690728 -0.586740
-0.466079 -0.787351 -0.403545
-0.663142 -0.342285 0.665645
-0.660781 -0.288607 -0.692875
-0.380258 -0.828544 0.410997
-0.687552 0.226181 0.690010
0.000000 -0.535216 0.844715
-0.677203 0.615266 -0.403540
-0.710526 -0.564593 -0.419986
0.710536 -0.564600 -0.419958
0.677192 0.615254 -0.403577
0.000000 0.436867 0.899526
0.960040 0.051706 0.275045
0.562268 0.628483 0.537460
0.660648 0.044057 0.749402
-0.048873 0.843821 0.534394
0.700780 0.557079 0.445613
0.016965 0.052406 -0.998482
-0.000487 0.667830 -0.744313
0.624700 0.073655 -0.777384
-0.360866 -0.931330 0.048986
0.000942 -0.649160 -0.760651
0.007578 -0.999851 -0.015507
-0.034012 0.998951 0.030647
0.574769 0.590220 -0.566816
0.615239 0.601967 0.509035
-0.040005 0.847383 0.529472
-0.711970 0.593384 0.375492
-0.944627 -0.088377 0.316020
-0.988810 0.141527 0.047165
0.921825 0.074337 0.380412
0.998956 0.032117 -0.032489
0.945421 -0.112094 0.305964
-0.858428 0.136634 0.494402
-0.992223 0.120221 -0.032267
-0.631869 0.115430 -0.766432
0.684245 0.722920 0.095892
-0.023638 -0.996131 0.084643
0.049789 -0.995163 0.084690
0.012506 -0.726515 0.687037
-0.194143 0.669932 0.716589
0.561655 -0.775403 0.288608
-0.509195 -0.810971 0.288176
-0.873256 0.050698 0.484617
0.877922 0.066806 0.474120
-0.175213 -0.228645 0.957613
-0.682114 -0.701747 0.205603
-0.436807 -0.537526 0.721295
-0.111808 -0.467615 0.876833
-0.238381 -0.962600 0.128745
-0.495870 0.588776 0.638322
-0.656176 0.567334 0.497559
-0.709495 0.701558 0.066577
0.204528 -0.952730 0.224665
-0.551325 0.619428 -0.558883
0.357306 -0.932094 0.059440
0.541221 -0.558115 -0.628957
0.155764 0.267601 0.950856
0.965037 -0.203351 0.165382
0.351572 -0.935778 0.026785
-0.177710 -0.361978 0.915091
0.908480 -0.340613 0.242173
0.506214 -0.138558 0.851204
-0.955574 -0.249278 0.157287
0.139052 -0.312086 0.939823
-0.837239 0.226534 0.497707
0.398844 -0.309190 0.863322
-0.530537 -0.556902 -0.639054
-0.385022 0.277894 -0.880076
-0.385764 0.274658 -0.880767
-0.383303 0.266415 -0.884365
-0.398359 0.263352 -0.878610
-0.392812 0.264575 -0.880738
-0.378306 0.271775 -0.884886
-0.347934 0.239648 -0.906372
-0.396353 0.262263 -0.879842
-0.373436 0.259594 -0.890594
-0.370606 0.276999 -0.886523
0.000000 0.998830 0.048368
0.000000 0.737196 0.675679
0.371793 0.285979 -0.883168
0.370151 0.274501 -0.887489
0.372558 0.282752 -0.883885
0.379714 0.272748 -0.883983
0.385297 0.271576 -0.881925
0.365095 0.279804 -0.887928
0.334848 0.247439 -0.909203
0.383286 0.270471 -0.883140
0.360293 0.267594 -0.893634
0.357324 0.284950 -0.889451
-0.970117 -0.072125 -0.231668
-0.003613 -0.122556 0.992455
0.478314 -0.521505 0.706575
-0.043863 -0.622278 -0.781567
-0.004592 0.998902 0.046614
-0.000000 0.822598 -0.568623
0.000000 0.761589 0.648061
613
0 0 1 2 0 1 2 0
0 3 4 5 3 4 2 0
0 4 6 7 4 5 6 0
0 8 9 10 6 1 0 0
0 11 12 13 7 8 9 0
0 14 15 16 9 8 10 0
0 17 18 19 8 11 10 0
0 20 21 22 5 9 12 0
0 23 24 25 13 9 5 0
0 26 27 28 3 7 13 0
0 29 30 31 12 11 3 0
0 27 26 32 7 3 11 0
0 22 21 33 12 9 10 0
0 34 35 36 7 11 8 0
0 37 38 39 14 15 16 0
0 40 41 42 17 18 19 0
0 43 44 45 20 21 22 0
0 46 47 43 15 14 20 0
0 48 49 50 23 5 12 0
0 51 52 53 3 23 12 0
0 8 48 9 6 23 1 0
0 2 52 51 2 23 3 0
0 54 55 56 24 25 26 0
0 57 58 59 27 25 24 0
0 60 61 62 27 28 29 0
0 63 64 65 26 27 24 0
0 66 67 62 30 19 29 0
0 68 69 58 18 16 25 0
0 70 71 72 2 31 32 0
0 73 74 56 15 33 26 0
0 4 75 76 4 34 35 0
0 77 78 79 22 21 28 0
0 7 40 80 6 17 36 0
0 10 37 81 0 14 37 0
0 82 76 83 20 35 34 0
0 82 72 71 20 32 31 0
0 84 82 83 30 20 34 0
0 43 85 46 20 33 15 0
0 86 87 88 38 39 40 0
0 89 90 91 41 42 39 0
0 89 92 93 41 43 44 0
0 94 95 96 45 38 40 0
0 97 98 99 46 47 48 0
0 100 101 102 47 49 48 0
0 103 104 105 48 49 50 0
0 106 107 108 43 51 47 0
0 109 110 111 44 47 46 0
0 112 113 114 42 44 46 0
0 115 116 117 51 50 49 0
0 114 118 112 46 50 42 0
0 107 119 108 51 49 47 0
0 120 121 122 46 48 50 0
0 123 124 125 52 53 54 0
0 126 127 128 55 56 57 0
0 129 130 131 58 59 60 0
0 132 133 134 61 59 53 0
0 135 136 137 62 51 43 0
0 138 139 140 42 51 62 0
0 135 94 96 62 45 40 0
0 91 140 88 39 62 40 0
0 141 142 143 63 64 65 0
0 144 145 146 66 65 67 0
0 147 148 149 66 67 68 0
0 150 151 152 66 64 63 0
0 148 153 154 67 57 69 0
0 145 155 156 65 52 70 0
0 157 87 86 71 39 38 0
0 142 158 159 64 72 61 0
0 160 89 161 73 41 39 0
0 162 163 164 68 58 60 0
0 127 165 89 56 45 41 0
0 125 95 94 54 38 45 0
0 160 133 166 73 59 74 0
0 133 157 134 59 71 53 0
0 167 166 130 69 74 59 0
0 130 168 131 59 72 60 0
0 169 170 171 75 76 77 0
0 172 173 174 78 79 80 0
0 175 176 177 81 82 79 0
0 178 172 174 77 78 80 0
0 179 180 181 83 84 85 0
0 182 169 179 86 75 83 0
0 183 184 185 85 87 83 0
0 186 187 188 88 89 90 0
0 189 190 191 91 92 93 0
0 192 193 194 94 95 88 0
0 195 196 197 96 97 98 0
0 198 199 200 98 99 100 0
0 201 202 203 88 98 100 0
0 204 205 206 92 97 93 0
0 207 208 209 88 99 92 0
0 188 210 211 90 101 102 0
0 187 212 210 89 103 101 0
0 193 213 214 95 104 103 0
0 215 213 192 105 104 94 0
0 189 216 217 91 106 105 0
0 191 218 189 93 107 91 0
0 219 220 221 96 108 93 0
0 222 219 223 102 96 90 0
0 224 225 226 109 110 111 0
0 227 224 228 85 109 112 0
0 229 174 230 110 80 113 0
0 231 232 233 112 114 85 0
0 234 235 232 115 116 114 0
0 236 237 238 117 118 119 0
0 176 239 240 82 120 121 0
0 237 241 238 118 122 119 0
0 242 243 244 123 124 122 0
0 174 245 246 80 124 113 0
0 247 248 242 111 113 123 0
0 249 185 184 125 83 87 0
0 250 239 176 126 120 82 0
0 249 251 252 125 120 127 0
0 253 240 254 124 121 128 0
0 180 171 255 84 77 110 0
0 184 256 251 87 116 120 0
0 257 242 218 108 123 107 0
0 218 244 216 107 122 106 0
0 213 241 237 104 122 118 0
0 214 237 236 103 118 117 0
0 210 236 234 101 117 115 0
0 211 234 231 102 115 112 0
0 228 258 222 112 129 102 0
0 258 226 220 129 111 108 0
0 240 177 176 121 79 82 0
0 240 256 254 121 116 128 0
0 238 259 260 119 124 128 0
0 238 235 236 119 116 117 0
0 261 262 263 130 131 132 0
0 264 265 266 133 134 135 0
0 267 268 269 136 137 133 0
0 270 265 271 138 134 131 0
0 272 273 274 139 140 141 0
0 261 275 273 130 142 140 0
0 276 277 278 141 143 144 0
0 279 280 281 145 146 147 0
0 282 283 284 148 149 150 0
0 285 286 287 145 147 151 0
0 288 289 290 152 150 153 0
0 291 292 293 154 152 155 0
0 294 295 296 145 155 156 0
0 297 298 299 152 148 150 0
0 300 301 302 148 154 145 0
0 303 304 280 156 157 146 0
0 280 305 281 146 158 147 0
0 286 306 287 147 159 151 0
0 306 307 287 159 160 151 0
0 308 283 309 161 149 160 0
0 310 284 283 162 150 149 0
0 311 312 313 153 163 164 0
0 311 314 315 153 165 156 0
0 316 317 318 166 167 139 0
0 316 319 320 166 141 168 0
0 321 266 270 167 135 138 0
0 322 323 324 168 144 169 0
0 324 325 326 169 170 171 0
0 326 327 328 171 172 173 0
0 267 329 330 136 174 175 0
0 328 327 331 173 172 176 0
0 332 333 334 177 178 176 0
0 335 266 336 177 135 179 0
0 337 338 333 179 180 178 0
0 339 340 341 181 140 142 0
0 330 342 267 175 182 136 0
0 343 339 344 175 181 183 0
0 345 329 269 177 174 133 0
0 272 346 261 139 138 130 0
0 277 347 348 143 170 144 0
0 333 349 310 178 163 162 0
0 334 310 308 176 162 161 0
0 306 331 350 159 176 161 0
0 351 328 306 158 173 159 0
0 304 326 305 157 171 158 0
0 352 324 304 165 169 157 0
0 313 320 314 164 168 165 0
0 313 353 316 164 180 166 0
0 329 267 269 174 136 133 0
0 329 347 330 174 170 175 0
0 327 354 331 172 177 176 0
0 327 325 355 172 170 184 0
0 356 357 358 185 86 125 0
0 359 360 361 186 187 188 0
0 362 363 364 189 190 191 0
0 359 365 366 186 185 192 0
0 367 363 368 193 190 194 0
0 369 370 371 125 188 195 0
0 372 373 374 181 196 189 0
0 375 359 376 197 186 196 0
0 359 366 376 186 192 196 0
0 362 368 363 189 194 190 0
0 371 377 378 195 198 199 0
0 379 359 380 187 186 198 0
0 381 382 363 200 201 190 0
0 378 383 384 199 197 181 0
0 385 386 387 202 203 204 0
0 388 389 390 205 206 207 0
0 391 392 393 208 209 210 0
0 394 395 396 211 212 213 0
0 397 398 399 214 202 204 0
0 400 401 402 215 206 202 0
0 403 404 405 216 212 208 0
0 406 407 408 217 218 219 0
0 409 410 411 220 221 217 0
0 412 413 414 218 222 223 0
0 415 416 417 224 225 226 0
0 418 419 420 226 227 228 0
0 409 421 422 220 229 230 0
0 406 416 423 217 225 229 0
0 424 425 419 225 231 227 0
0 426 427 428 226 232 224 0
0 429 425 430 218 231 219 0
0 422 431 432 230 224 232 0
0 433 434 435 233 234 235 0
0 409 436 437 220 235 222 0
0 413 438 414 222 234 223 0
0 439 440 441 236 237 238 0
0 442 419 443 239 227 237 0
0 444 409 422 238 220 230 0
0 440 433 441 237 233 238 0
0 443 425 445 237 231 240 0
0 446 427 447 239 232 228 0
0 425 448 445 231 234 240 0
0 422 449 444 230 236 238 0
0 450 451 452 241 242 243 0
0 451 453 452 242 244 243 0
0 454 455 453 245 241 244 0
0 456 453 457 243 244 241 0
0 454 458 459 245 242 246 0
0 460 461 462 247 248 249 0
0 463 464 465 250 248 251 0
0 466 467 468 252 253 254 0
0 469 470 471 255 256 257 0
0 472 473 474 258 259 253 0
0 475 476 477 250 260 261 0
0 478 479 480 262 263 264 0
0 481 482 483 265 266 267 0
0 484 485 486 268 269 270 0
0 487 488 489 261 271 258 0
0 490 491 492 272 273 274 0
0 493 485 484 263 269 268 0
0 494 464 463 275 248 250 0
0 495 496 497 267 251 247 0
0 498 499 500 276 267 247 0
0 501 493 484 277 263 268 0
0 484 486 502 268 270 278 0
0 503 481 504 279 265 276 0
0 505 506 507 277 264 263 0
0 508 466 468 256 252 254 0
0 509 510 511 280 281 282 0
0 512 513 514 283 272 284 0
0 510 512 511 281 283 282 0
0 515 516 517 285 250 262 0
0 518 487 519 286 261 287 0
0 520 521 522 288 277 273 0
0 475 523 478 250 286 262 0
0 519 524 525 287 258 289 0
0 526 527 528 279 290 291 0
0 486 525 467 270 289 253 0
0 529 530 531 280 292 275 0
0 463 532 494 250 285 275 0
0 488 487 533 271 261 260 0
0 519 487 524 287 261 258 0
0 534 535 517 264 285 262 0
0 536 530 537 283 292 282 0
0 530 461 538 292 248 275 0
0 461 460 539 248 247 251 0
0 509 540 541 280 293 294 0
0 537 530 529 282 292 280 0
0 536 542 543 283 295 296 0
0 542 512 514 295 283 284 0
0 543 542 514 296 295 284 0
0 460 543 544 247 296 276 0
0 545 546 547 297 298 299 0
0 544 543 548 276 296 284 0
0 549 550 551 298 297 300 0
0 534 552 535 264 300 285 0
0 553 546 554 299 298 288 0
0 555 534 521 298 264 277 0
0 549 552 534 298 300 264 0
0 554 546 521 288 298 277 0
0 520 556 557 288 297 299 0
0 509 535 558 280 285 301 0
0 468 559 508 254 291 256 0
0 484 502 501 268 278 277 0
0 560 503 561 254 279 291 0
0 562 486 508 302 270 256 0
0 502 486 563 278 270 302 0
0 504 481 483 276 265 267 0
0 508 486 466 256 270 252 0
0 467 466 486 253 252 270 0
0 468 467 564 254 253 259 0
0 527 470 528 290 256 291 0
0 565 469 502 302 255 278 0
0 527 526 566 290 279 276 0
0 469 501 502 255 277 278 0
0 527 567 471 290 274 257 0
0 486 485 525 270 269 289 0
0 560 482 481 254 266 265 0
0 525 524 474 289 258 253 0
0 473 472 488 259 258 271 0
0 481 503 560 265 279 254 0
0 514 513 568 284 272 276 0
0 569 469 570 274 255 257 0
0 567 571 490 274 276 272 0
0 501 569 491 277 274 273 0
0 522 556 520 273 297 288 0
0 531 572 509 275 285 280 0
0 540 573 522 293 297 273 0
0 558 551 573 301 300 297 0
0 558 535 551 301 285 300 0
0 536 461 530 283 248 292 0
0 462 574 460 249 296 247 0
0 462 536 574 249 283 296 0
0 482 575 576 266 259 271 0
0 482 577 483 266 260 267 0
0 485 518 519 269 286 287 0
0 485 519 525 269 287 289 0
0 575 482 560 259 266 254 0
0 578 579 580 303 304 305 0
0 580 581 582 305 306 307 0
0 582 583 580 307 308 305 0
0 579 584 580 304 309 305 0
0 585 586 582 310 311 307 0
0 587 578 580 312 303 305 0
0 583 587 580 308 312 305 0
0 581 585 582 306 310 307 0
0 356 387 386 185 204 203 0
0 588 589 590 313 205 203 0
0 368 399 367 194 204 193 0
0 365 591 366 185 203 192 0
0 373 393 374 196 210 189 0
0 588 592 593 313 216 314 0
0 594 368 362 210 194 189 0
0 595 596 597 315 316 317 0
0 596 598 599 316 318 319 0
0 598 596 600 318 316 320 0
0 597 596 601 317 316 321 0
0 602 598 603 322 318 323 0
0 604 596 595 324 316 315 0
0 600 596 604 320 316 324 0
0 599 598 602 319 318 322 0
0 3 605 4 3 13 4 0
0 4 605 6 4 13 5 0
0 23 606 24 13 7 9 0
0 29 607 30 12 10 11 0
0 39 608 81 16 18 37 0
0 608 609 81 18 17 37 0
0 81 37 39 37 14 16 0
0 42 84 80 19 30 36 0
0 84 75 80 30 34 36 0
0 80 40 42 36 17 19 0
0 43 84 44 20 30 21 0
0 8 49 48 6 5 23 0
0 2 1 52 2 1 23 0
0 57 610 58 27 29 25 0
0 63 611 64 26 28 27 0
0 62 61 66 29 28 30 0
0 61 612 66 28 21 30 0
0 58 610 68 25 29 18 0
0 610 613 68 29 19 18 0
0 72 47 0 32 14 0 0
0 0 70 72 0 2 32 0
0 56 55 73 26 25 15 0
0 55 614 73 25 16 15 0
0 76 71 5 35 31 2 0
0 5 4 76 2 4 35 0
0 79 615 77 28 26 22 0
0 615 616 77 26 33 22 0
0 80 75 4 36 34 4 0
0 4 7 80 4 6 36 0
0 81 609 8 37 17 6 0
0 8 10 81 6 0 37 0
0 82 71 76 20 31 35 0
0 82 47 72 20 14 32 0
0 43 45 85 20 22 33 0
0 89 93 90 41 44 42 0
0 89 165 92 41 45 43 0
0 109 617 110 44 43 47 0
0 115 618 116 51 42 50 0
0 619 620 125 55 70 54 0
0 620 123 125 70 52 54 0
0 123 621 124 52 61 53 0
0 622 167 127 74 69 56 0
0 167 128 127 69 57 56 0
0 128 623 126 57 70 55 0
0 129 167 130 58 69 59 0
0 135 137 94 62 43 45 0
0 91 90 140 39 42 62 0
0 144 624 145 66 63 65 0
0 150 625 151 66 68 64 0
0 626 149 154 58 68 69 0
0 149 148 154 68 67 69 0
0 627 146 156 57 67 70 0
0 146 145 156 67 65 70 0
0 86 134 157 38 53 71 0
0 157 628 87 71 325 39 0
0 629 143 159 52 65 61 0
0 143 142 159 65 64 61 0
0 161 628 160 39 325 73 0
0 160 622 89 73 74 41 0
0 630 631 164 72 64 60 0
0 631 162 164 64 68 60 0
0 89 622 127 41 74 56 0
0 127 126 165 56 55 45 0
0 94 619 125 45 55 54 0
0 125 124 95 54 53 38 0
0 160 628 133 73 325 59 0
0 133 628 157 59 325 71 0
0 130 132 168 59 61 72 0
0 169 632 170 75 326 76 0
0 172 633 173 78 81 79 0
0 175 250 176 81 126 82 0
0 178 634 172 77 76 78 0
0 179 169 180 83 75 84 0
0 182 632 169 86 326 75 0
0 183 635 184 85 114 87 0
0 186 636 187 88 95 89 0
0 189 217 190 91 105 92 0
0 194 637 192 88 92 94 0
0 637 215 192 92 105 94 0
0 197 638 195 98 90 96 0
0 195 639 196 96 93 97 0
0 198 640 199 98 97 99 0
0 201 641 202 88 90 98 0
0 204 642 205 92 99 97 0
0 207 643 208 88 100 99 0
0 188 187 210 90 89 101 0
0 187 636 212 89 95 103 0
0 193 192 213 95 94 104 0
0 215 644 213 105 106 104 0
0 189 218 216 91 107 106 0
0 191 257 218 93 108 107 0
0 219 258 220 96 129 108 0
0 222 258 219 102 129 96 0
0 224 645 225 109 84 110 0
0 227 645 224 85 84 109 0
0 229 178 174 110 77 80 0
0 231 234 232 112 115 114 0
0 234 236 235 115 117 116 0
0 242 248 243 123 113 124 0
0 174 173 245 80 79 124 0
0 247 646 248 111 110 113 0
0 249 647 185 125 86 83 0
0 250 648 239 126 127 120 0
0 249 184 251 125 87 120 0
0 253 177 240 124 79 121 0
0 180 169 171 84 75 77 0
0 184 649 256 87 114 116 0
0 257 247 242 108 111 123 0
0 218 242 244 107 123 122 0
0 213 644 241 104 106 122 0
0 214 213 237 103 104 118 0
0 210 212 236 101 103 117 0
0 211 210 234 102 101 115 0
0 228 224 258 112 109 129 0
0 258 224 226 129 109 111 0
0 240 239 256 121 120 116 0
0 238 241 259 119 122 124 0
0 238 260 235 119 128 116 0
0 261 346 262 130 138 131 0
0 264 650 265 133 137 134 0
0 267 342 268 136 182 137 0
0 270 266 265 138 135 134 0
0 272 261 273 139 130 140 0
0 261 263 275 130 132 142 0
0 276 340 277 141 140 143 0
0 279 303 280 145 156 146 0
0 282 309 283 148 160 149 0
0 307 651 287 160 148 151 0
0 651 285 287 148 145 151 0
0 290 652 653 153 156 155 0
0 653 288 290 155 152 153 0
0 291 654 292 154 327 152 0
0 294 655 295 145 154 155 0
0 297 656 298 152 327 148 0
0 300 657 301 148 327 154 0
0 303 352 304 156 165 157 0
0 280 304 305 146 157 158 0
0 286 351 306 147 158 159 0
0 306 350 307 159 161 160 0
0 308 310 283 161 162 149 0
0 310 349 284 162 163 150 0
0 311 658 312 153 150 163 0
0 311 313 314 153 164 165 0
0 316 353 317 166 180 167 0
0 316 318 319 166 139 141 0
0 321 659 266 167 179 135 0
0 322 660 323 168 141 144 0
0 324 323 325 169 144 170 0
0 332 337 333 177 179 178 0
0 335 264 266 177 133 135 0
0 337 661 338 179 167 180 0
0 339 277 340 181 143 140 0
0 330 662 342 175 183 182 0
0 343 277 339 175 143 181 0
0 345 663 329 177 184 174 0
0 272 664 346 139 167 138 0
0 277 343 347 143 175 170 0
0 333 338 349 178 180 163 0
0 334 333 310 176 178 162 0
0 306 328 331 159 173 176 0
0 351 326 328 158 171 173 0
0 304 324 326 157 169 171 0
0 352 322 324 165 168 169 0
0 313 316 320 164 166 168 0
0 313 312 353 164 163 180 0
0 329 663 347 174 184 170 0
0 327 355 354 172 184 177 0
0 327 326 325 172 171 170 0
0 358 665 666 125 127 193 0
0 666 356 358 193 185 125 0
0 361 667 365 188 86 185 0
0 365 359 361 185 186 188 0
0 668 381 363 328 200 190 0
0 669 362 364 183 189 191 0
0 670 671 369 328 127 125 0
0 369 672 370 125 86 188 0
0 370 673 371 188 187 195 0
0 371 674 670 195 200 328 0
0 670 369 371 328 125 195 0
0 374 675 372 189 183 181 0
0 372 676 373 181 142 196 0
0 376 677 375 196 142 197 0
0 375 678 359 197 198 186 0
0 363 679 364 190 201 191 0
0 680 674 378 201 200 199 0
0 674 371 378 200 195 199 0
0 371 673 377 195 187 198 0
0 681 384 383 142 181 197 0
0 384 682 683 181 183 191 0
0 378 683 680 199 191 201 0
0 384 683 378 181 191 199 0
0 378 377 383 199 198 197 0
0 385 684 386 202 206 203 0
0 388 591 389 205 203 206 0
0 391 685 392 208 212 209 0
0 394 686 395 211 209 212 0
0 687 594 688 329 210 209 0
0 397 689 398 214 215 202 0
0 690 691 689 313 330 215 0
0 400 692 401 215 207 206 0
0 394 693 692 211 331 207 0
0 403 694 404 216 213 212 0
0 406 695 407 217 221 218 0
0 409 437 410 220 222 221 0
0 412 696 413 218 221 222 0
0 415 423 416 224 229 225 0
0 418 424 419 226 225 227 0
0 409 411 421 220 217 229 0
0 406 408 416 217 219 225 0
0 424 430 425 225 219 231 0
0 426 447 427 226 228 232 0
0 429 697 425 218 223 231 0
0 422 421 431 230 229 224 0
0 433 698 434 233 240 234 0
0 409 699 436 220 233 235 0
0 413 700 438 222 235 234 0
0 439 701 440 236 239 237 0
0 442 420 419 239 228 227 0
0 444 699 409 238 233 220 0
0 440 698 433 237 240 233 0
0 443 419 425 237 227 231 0
0 446 702 427 239 236 232 0
0 425 697 448 231 223 234 0
0 422 432 449 230 232 236 0
0 450 703 451 241 246 242 0
0 451 454 453 242 245 244 0
0 454 459 455 245 246 241 0
0 469 565 470 255 302 256 0
0 475 704 476 250 251 260 0
0 478 523 479 262 286 263 0
0 495 705 496 267 260 251 0
0 509 541 510 280 294 281 0
0 510 513 512 281 272 283 0
0 475 477 523 250 261 286 0
0 509 558 540 280 301 293 0
0 527 471 470 290 257 256 0
0 527 571 567 290 276 274 0
0 569 501 469 274 277 255 0
0 540 558 573 293 301 297 0
0 536 462 461 283 249 248 0
0 482 576 577 266 271 260 0
0 485 493 518 269 263 286 0
0 356 666 387 185 193 204 0
0 590 706 588 203 214 313 0
0 368 397 399 194 214 204 0
0 373 391 393 196 208 210 0
0 707 708 588 329 208 313 0
0 687 368 594 329 194 210 0
0 689 397 690 215 214 313 0
0 590 709 706 203 204 214 0
0 368 690 397 194 313 214 0
0 707 710 708 329 210 208 0
0 687 690 368 329 313 194 0
0 694 403 711 213 216 314 0
0 588 593 589 313 314 205 0
0 588 708 592 313 208 216 0
0 687 712 690 329 211 313 0
0 690 712 691 313 211 330 0
0 687 688 712 329 209 211 0
0 394 692 713 211 207 330 0
0 692 400 713 207 215 330 0
0 390 714 388 207 314 205 0
0 390 715 714 207 331 314 0
0 711 716 694 314 331 213 0
0 394 396 693 211 213 331 0
0 367 717 668 193 127 328 0
0 363 367 668 190 193 328 0
0 366 714 403 192 314 216 0
0 366 403 405 192 216 208 0
0 366 405 376 192 208 196 0
0 366 388 714 192 205 314 0
0 591 388 366 203 205 192 0
"MaterialGroup.1" 0 1
54
0 0.753168 -0.064285 -0.627494 0.042268 0.350717 7
0 1.003502 0.109329 0.922295 0.046263 0.336343 7
0 0.617507 -0.366835 0.920806 0.042268 0.336343 7
0 -0.000001 0.919058 -1.727036 0.056642 0.300410 7
0 1.038306 0.182461 -0.627495 0.045683 0.293223 7
0 0.753168 -0.064285 -0.627494 0.042268 0.293223 7
0 0.000001 1.314814 1.519572 0.262245 0.516186 7
0 0.932049 1.919191 0.674105 0.496797 0.381001 7
0 0.000000 1.965603 1.224033 0.262245 0.357858 7
0 0.617507 -0.366835 0.920806 0.027895 0.321970 7
0 -0.000001 -0.274008 -0.613915 0.035082 0.307597 7
0 0.753168 -0.064285 -0.627494 0.027895 0.307597 7
0 0.000000 -0.486779 1.154097 0.262245 0.959305 7
0 0.617507 -0.366835 0.920806 0.383266 0.938577 7
0 0.000001 0.168655 1.530308 0.262245 0.812636 7
0 1.038306 0.182461 -0.627495 0.045683 0.350717 7
0 1.218576 1.159672 0.872774 0.056642 0.336343 7
0 1.017105 2.023424 -1.049584 0.056642 0.293223 7
0 -0.000001 2.014423 -1.537928 0.056642 0.300410 7
0 -0.000000 2.433542 0.013269 0.056642 0.293223 7
0 1.218575 1.119242 -1.178793 0.056642 0.350717 7
0 0.932049 1.919191 0.674105 0.056642 0.336343 7
0 -0.000000 2.433542 0.013269 0.056642 0.350717 7
0 0.000000 1.965603 1.224033 0.056642 0.336343 7
0 1.218575 1.119242 -1.178793 0.056642 0.293223 7
0 1.218576 1.159672 0.872774 0.521000 0.563927 7
0 -1.003502 0.109329 0.922296 0.054777 0.824621 7
0 0.000001 0.168655 1.530308 0.262780 0.812636 7
0 0.000001 0.286255 1.426246 0.262780 0.786349 7
0 -0.753169 -0.064285 -0.627493 0.042268 0.350717 7
0 -1.003502 0.109329 0.922296 0.046263 0.336343 7
0 -1.038308 0.182461 -0.627493 0.045683 0.350717 7
0 -1.038308 0.182461 -0.627493 0.045683 0.293223 7
0 -1.218577 1.119242 -1.178792 0.056642 0.293223 7
0 0.000001 1.314814 1.519572 0.262780 0.516186 7
0 0.000000 1.965603 1.224033 0.262780 0.357858 7
0 -0.932049 1.919191 0.674105 0.028228 0.381001 7
0 0.000001 0.286255 1.426246 0.262245 0.786349 7
0 1.003502 0.109329 0.922295 0.470248 0.824621 7
0 -0.617506 -0.366835 0.920807 0.027895 0.321970 7
0 0.000000 -0.486779 1.154097 0.035082 0.321970 7
0 -0.617506 -0.366835 0.920807 0.141759 0.938577 7
0 0.000000 -0.486779 1.154097 0.262780 0.959305 7
0 -1.218576 1.159672 0.872776 0.056642 0.336343 7
0 -1.017107 2.023424 -1.049584 0.056642 0.293223 7
0 -0.932049 1.919191 0.674105 0.056642 0.336343 7
0 -1.218577 1.119242 -1.178792 0.056642 0.350717 7
0 -1.017107 2.023424 -1.049584 0.056642 0.350717 7
0 -1.218576 1.159672 0.872776 0.004025 0.563927 7
0 -0.000001 -0.274008 -0.613915 0.042268 0.300410 7
0 1.017105 2.023424 -1.049584 0.056642 0.350717 7
0 -0.617506 -0.366835 0.920807 0.042268 0.336343 7
0 -0.753169 -0.064285 -0.627493 0.042268 0.293223 7
0 -0.753169 -0.064285 -0.627493 0.027895 0.307597 7
25
0.450650 -0.781765 -0.430997
0.804992 -0.356676 0.474099
0.511614 -0.795138 0.325588
-0.000001 -0.251942 -0.967742
0.783302 -0.524092 -0.334313
0.000001 0.176396 0.984319
0.664771 0.642225 0.381612
0.000000 0.675151 0.737679
-0.000000 -0.895556 -0.444948
0.000000 -0.860301 0.509787
0.000001 0.113693 0.993516
0.862413 0.117725 0.492326
0.671797 0.626410 -0.395347
-0.000000 0.615420 -0.788200
0.000000 0.996774 0.080257
0.828467 -0.073203 -0.555233
-0.804991 -0.356677 0.474100
0.000001 0.318000 0.948091
-0.450650 -0.781765 -0.430997
-0.783303 -0.524092 -0.334312
-0.828467 -0.073203 -0.555232
-0.664770 0.642225 0.381612
-0.511613 -0.795138 0.325588
-0.862412 0.117725 0.492327
-0.671798 0.626409 -0.395347
42
0 0 1 2 0 1 2 0
0 3 4 5 3 4 0 0
0 6 7 8 5 6 7 0
0 9 10 11 2 8 0 0
0 12 13 14 9 2 10 0
0 15 16 1 4 11 1 0
0 17 18 19 12 13 14 0
0 20 21 16 15 6 11 0
0 21 22 23 6 14 7 0
0 24 18 17 15 13 12 0
0 6 25 7 5 11 6 0
0 26 27 28 16 10 17 0
0 29 30 31 18 16 19 0
0 32 33 3 19 20 3 0
0 34 35 36 5 7 21 0
0 37 14 38 17 10 1 0
0 39 10 40 22 8 9 0
0 14 13 38 10 2 1 0
0 41 42 27 22 9 10 0
0 43 31 30 23 19 16 0
0 44 19 18 24 14 13 0
0 45 46 43 21 20 23 0
0 45 22 47 21 14 24 0
0 33 18 3 20 13 3 0
0 34 36 48 5 21 23 0
0 27 26 41 10 16 22 0
0 0 15 1 0 4 1 0
0 5 49 3 0 8 3 0
0 3 24 4 3 15 4 0
0 9 40 10 2 9 8 0
0 15 20 16 4 15 11 0
0 20 50 21 15 12 6 0
0 21 50 22 6 12 14 0
0 24 3 18 15 3 13 0
0 29 51 30 18 22 16 0
0 3 49 52 3 8 18 0
0 52 32 3 18 19 3 0
0 39 53 10 22 18 8 0
0 43 46 31 23 20 19 0
0 45 47 46 21 24 20 0
0 45 23 22 21 7 14 0
0 33 44 18 20 24 13 0
"MaterialGroup.2" 0 2
8
0 1.218576 1.159672 0.872774 0.521000 0.563927 7
0 0.000001 0.286255 1.426246 0.262245 0.786349 7
0 1.003502 0.109329 0.922295 0.470248 0.824621 7
0 0.000001 0.286255 1.426246 0.262780 0.786349 7
0 -1.218576 1.159672 0.872776 0.004025 0.563927 7
0 -1.003502 0.109329 0.922296 0.054777 0.824621 7
0 0.000001 1.314814 1.519572 0.262245 0.516186 7
0 0.000001 1.314814 1.519572 0.262780 0.516186 7
6
0.862413 0.117725 0.492326
0.000001 0.318000 0.948091
0.804992 -0.356676 0.474099
-0.862412 0.117725 0.492327
-0.804991 -0.356677 0.474100
0.000001 0.176396 0.984319
4
0 0 1 2 0 1 2 0
0 3 4 5 1 3 4 0
0 0 6 1 0 5 1 0
0 3 7 4 1 5 3 0

Materials: 3
"Sprite"
0.200000 0.200000 0.200000 1.000000
0.800000 0.800000 0.800000 1.000000
0.000000 0.000000 0.000000 1.000000
1.000000 1.000000 1.000000 1.000000
0.000000
1.000000
"textures\edgebug.png"
""
"eggbugface"
0.200000 0.200000 0.200000 1.000000
0.800000 0.800000 0.800000 1.000000
0.000000 0.000000 0.000000 1.000000
1.000000 1.000000 1.000000 1.000000
0.000000
1.000000
"textures\face.ini"
""
"Eyelids"
0.200000 0.200000 0.200000 1.000000
0.800000 0.800000 0.800000 1.000000
0.000000 0.000000 0.000000 1.000000
1.000000 1.000000 1.000000 1.000000
0.000000
1.000000
"textures\face.ini"
""

Bones: 47
"ParentNode"
""
0 0.000000 0.000000 0.000000 0.000000 0.000000 0.000000
1
0.000000 0.000000 0.000000 -0.000000
1
0.000000 0.000000 -0.000000 0.000000
"Center"
"ParentNode"
0 0.000000 0.000000 0.000000 0.000000 0.000000 0.000000
1
0.000000 0.000000 0.000000 -0.000000
1
0.000000 0.000000 -0.000000 0.000000
"Groove"
"Center"
0 0.000000 0.000000 0.000000 0.000000 0.000000 0.000000
1
0.000000 0.000000 0.000000 -0.000000
1
0.000000 0.000000 -0.000000 0.000000
"Waist"
"Groove"
0 0.000000 0.000000 0.000000 0.000000 0.000000 0.000000
1
0.000000 0.000000 0.000000 -0.000000
1
0.000000 0.000000 -0.000000 0.000000
"UpperBody"
"Waist"
0 0.000000 0.000000 0.000000 0.000000 0.000000 0.000000
1
0.000000 0.000000 0.000000 -0.000000
1
0.000000 0.000000 -0.000000 0.000000
"UpperBody2"
"UpperBody"
0 0.000000 0.000000 0.000000 0.000000 0.000000 0.000000
1
0.000000 0.000000 0.000000 -0.000000
1
0.000000 0.000000 -0.000000 0.000000
"Neck"
"UpperBody2"
0 0.000000 0.000000 0.000000 0.000000 0.000000 0.000000
1
0.000000 0.000000 0.000000 -0.000000
1
0.000000 0.000000 -0.000000 0.000000
"Head"
"Neck"
0 0.000000 0.000000 0.000000 0.000000 0.000000 0.000000
1
0.000000 0.000000 0.000000 -0.000000
1
0.000000 0.000000 -0.000000 0.000000
"Shoulder_L"
"UpperBody2"
0 0.000000 0.000000 0.000000 0.000000 0.000000 0.000000
1
0.000000 0.000000 0.000000 -0.000000
1
0.000000 0.000000 -0.000000 0.000000
"Arm_L"
"Shoulder_L"
0 0.000000 0.000000 0.000000 0.000000 0.000000 0.000000
1
0.000000 0.000000 0.000000 -0.000000
1
0.000000 0.000000 -0.000000 0.000000
"ArmTwist_L"
"Arm_L"
0 0.000000 0.000000 0.000000 0.000000 0.000000 0.000000
1
0.000000 0.000000 0.000000 -0.000000
1
0.000000 0.000000 -0.000000 0.000000
"Elbow_L"
"ArmTwist_L"
0 0.000000 0.000000 0.000000 0.000000 0.000000 0.000000
1
0.000000 0.000000 0.000000 -0.000000
1
0.000000 0.000000 -0.000000 0.000000
"HandTwist_L"
"Elbow_L"
0 0.000000 0.000000 0.000000 0.000000 0.000000 0.000000
1
0.000000 0.000000 0.000000 -0.000000
1
0.000000 0.000000 -0.000000 0.000000
"Wrist_L"
"HandTwist_L"
0 0.000000 0.000000 0.000000 0.000000 0.000000 0.000000
1
0.000000 0.000000 0.000000 -0.000000
1
0.000000 0.000000 -0.000000 0.000000
"Thumb0_L"
"Wrist_L"
0 0.000000 0.000000 0.000000 0.000000 0.000000 0.000000
1
0.000000 0.000000 0.000000 -0.000000
1
0.000000 0.000000 -0.000000 0.000000
"Thumb1_L"
"Thumb0_L"
0 0.000000 0.000000 0.000000 0.000000 0.000000 0.000000
1
0.000000 0.000000 0.000000 -0.000000
1
0.000000 0.000000 -0.000000 0.000000
"IndexFinger1_L"
"Wrist_L"
0 0.000000 0.000000 0.000000 0.000000 0.000000 0.000000
1
0.000000 0.000000 0.000000 -0.000000
1
0.000000 0.000000 -0.000000 0.000000
"IndexFinger2_L"
"IndexFinger1_L"
0 0.000000 0.000000 0.000000 0.000000 0.000000 0.000000
1
0.000000 0.000000 0.000000 -0.000000
1
0.000000 0.000000 -0.000000 0.000000
"MiddleFinger1_L"
"Wrist_L"
0 0.000000 0.000000 0.000000 0.000000 0.000000 0.000000
1
0.000000 0.000000 0.000000 -0.000000
1
0.000000 0.000000 -0.000000 0.000000
"MiddleFinger2_L"
"MiddleFinger1_L"
0 0.000000 0.000000 0.000000 0.000000 0.000000 0.000000
1
0.000000 0.000000 0.000000 -0.000000
1
0.000000 0.000000 -0.000000 0.000000
"RingFinger1_L"
"Wrist_L"
0 0.000000 0.000000 0.000000 0.000000 0.000000 0.000000
1
0.000000 0.000000 0.000000 -0.000000
1
0.000000 0.000000 -0.000000 0.000000
"RingFinger2_L"
"RingFinger1_L"
0 0.000000 0.000000 0.000000 0.000000 0.000000 0.000000
1
0.000000 0.000000 0.000000 -0.000000
1
0.000000 0.000000 -0.000000 0.000000
"LittleFinger1_L"
"Wrist_L"
0 0.000000 0.000000 0.000000 0.000000 0.000000 0.000000
1
0.000000 0.000000 0.000000 -0.000000
1
0.000000 0.000000 -0.000000 0.000000
"LittleFinger2_L"
"LittleFinger1_L"
0 0.000000 0.000000 0.000000 0.000000 0.000000 0.000000
1
0.000000 0.000000 0.000000 -0.000000
1
0.000000 0.000000 -0.000000 0.000000
"Shoulder_R"
"UpperBody2"
0 0.000000 0.000000 0.000000 0.000000 0.000000 0.000000
1
0.000000 0.000000 0.000000 -0.000000
1
0.000000 0.000000 -0.000000 0.000000
"Arm_R"
"Shoulder_R"
0 0.000000 0.000000 0.000000 0.000000 0.000000 0.000000
1
0.000000 0.000000 0.000000 -0.000000
1
0.000000 0.000000 -0.000000 0.000000
"ArmTwist_R"
"Arm_R"
0 0.000000 0.000000 0.000000 0.000000 0.000000 0.000000
1
0.000000 0.000000 0.000000 -0.000000
1
0.000000 0.000000 -0.000000 0.000000
"Elbow_R"
"ArmTwist_R"
0 0.000000 0.000000 0.000000 0.000000 0.000000 0.000000
1
0.000000 0.000000 0.000000 -0.000000
1
0.000000 0.000000 -0.000000 0.000000
"HandTwist_R"
"Elbow_R"
0 0.000000 0.000000 0.000000 0.000000 0.000000 0.000000
1
0.000000 0.000000 0.000000 -0.000000
1
0.000000 0.000000 -0.000000 0.000000
"Wrist_R"
"HandTwist_R"
0 0.000000 0.000000 0.000000 0.000000 0.000000 0.000000
1
0.000000 0.000000 0.000000 -0.000000
1
0.000000 0.000000 -0.000000 0.000000
"Thumb0_R"
"Wrist_R"
0 0.000000 0.000000 0.000000 0.000000 0.000000 0.000000
1
0.000000 0.000000 0.000000 -0.000000
1
0.000000 0.000000 -0.000000 0.000000
"Thumb1_R"
"Thumb0_R"
0 0.000000 0.000000 0.000000 0.000000 0.000000 0.000000
1
0.000000 0.000000 0.000000 -0.000000
1
0.000000 0.000000 -0.000000 0.000000
"IndexFinger1_R"
"Wrist_R"
0 0.000000 0.000000 0.000000 0.000000 0.000000 0.000000
1
0.000000 0.000000 0.000000 -0.000000
1
0.000000 0.000000 -0.000000 0.000000
"IndexFinger2_R"
"IndexFinger1_R"
0 0.000000 0.000000 0.000000 0.000000 0.000000 0.000000
1
0.000000 0.000000 0.000000 -0.000000
1
0.000000 0.000000 -0.000000 0.000000
"MiddleFinger1_R"
"Wrist_R"
0 0.000000 0.000000 0.000000 0.000000 0.000000 0.000000
1
0.000000 0.000000 0.000000 -0.000000
1
0.000000 0.000000 -0.000000 0.000000
"MiddleFinger2_R"
"MiddleFinger1_R"
0 0.000000 0.000000 0.000000 0.000000 0.000000 0.000000
1
0.000000 0.000000 0.000000 -0.000000
1
0.000000 0.000000 -0.000000 0.000000
"RingFinger1_R"
"Wrist_R"
0 0.000000 0.000000 0.000000 0.000000 0.000000 0.000000
1
0.000000 0.000000 0.000000 -0.000000
1
0.000000 0.000000 -0.000000 0.000000
"RingFinger2_R"
"RingFinger1_R"
0 0.000000 0.000000 0.000000 0.000000 0.000000 0.000000
1
0.000000 0.000000 0.000000 -0.000000
1
0.000000 0.000000 -0.000000 0.000000
"LittleFinger1_R"
"Wrist_R"
0 0.000000 0.000000 0.000000 0.000000 0.000000 0.000000
1
0.000000 0.000000 0.000000 -0.000000
1
0.000000 0.000000 -0.000000 0.000000
"LittleFinger2_R"
"LittleFinger1_R"
0 0.000000 0.000000 0.000000 0.000000 0.000000 0.000000
1
0.000000 0.000000 0.000000 -0.000000
1
0.000000 0.000000 -0.000000 0.000000
"LowerBody"
"Waist"
0 0.000000 0.000000 0.000000 0.000000 0.000000 0.000000
1
0.000000 0.000000 0.000000 -0.000000
1
0.000000 0.000000 -0.000000 0.000000
"Leg_L"
"LowerBody"
0 0.000000 0.000000 0.000000 0.000000 0.000000 0.000000
1
0.000000 0.000000 0.000000 -0.000000
1
0.000000 0.000000 -0.000000 0.000000
"Knee_L"
"Leg_L"
0 0.000000 0.000000 0.000000 0.000000 0.000000 0.000000
1
0.000000 0.000000 0.000000 -0.000000
1
0.000000 0.000000 -0.000000 0.000000
"Ankle_L"
"Knee_L"
0 0.000000 0.000000 0.000000 0.000000 0.000000 0.000000
1
0.000000 0.000000 0.000000 -0.000000
1
0.000000 0.000000 -0.000000 0.000000
"Leg_R"
"LowerBody"
0 0.000000 0.000000 0.000000 0.000000 0.000000 0.000000
1
0.000000 0.000000 0.000000 -0.000000
1
0.000000 0.000000 -0.000000 0.000000
"Knee_R"
"Leg_R"
0 0.000000 0.000000 0.000000 0.000000 0.000000 0.000000
1
0.000000 0.000000 0.000000 -0.000000
1
0.000000 0.000000 -0.000000 0.000000
"Ankle_R"
"Knee_R"
0 0.000000 0.000000 0.000000 0.000000 0.000000 0.000000
1
0.000000 0.000000 0.000000 -0.000000
1
0.000000 0.000000 -0.000000 0.000000
