Bones: 47
"ParentNode"
""
0 0.000000 0.000000 0.000000 0.000000 0.000000 0.000000
2
0.0 0.000000 0.000000 -0.000000
59.0 0.000000 0.000000 -0.000000
2
0.0 3.141593 0.000000 3.141593
59.0 3.141593 0.000000 3.141593
"Center"
"ParentNode"
0 0.000000 0.000000 0.000000 0.000000 0.000000 0.000000
2
0.0 0.000000 0.639350 1.860000
59.0 0.000000 0.639350 1.860000
2
0.0 0.000000 -0.000000 0.000000
59.0 0.000000 -0.000000 0.000000
"Groove"
"Center"
0 0.000000 0.000000 0.000000 0.000000 0.000000 0.000000
2
0.0 0.000000 0.112319 0.000000
59.0 0.000000 0.112319 0.000000
2
0.0 -0.000000 0.000000 0.000000
59.0 -0.000000 0.000000 0.000000
"Waist"
"Groove"
0 0.000000 0.000000 0.000000 0.000000 0.000000 0.000000
2
0.0 0.000000 0.450062 0.012458
59.0 0.000000 0.450062 0.012458
60
0.0 0.122836 0.129898 -0.373762
1.0000149999999906 0.128247 0.103365 -0.341852
2.0 0.142915 0.036042 -0.259409
3.0 0.164485 -0.053657 -0.146363
4.0 0.190609 -0.147315 -0.022642
5.0 0.218934 -0.226518 0.091823
5.9999850000000094 0.247110 -0.272851 0.177106
7.0 0.272784 -0.275208 0.213275
7.9999850000000094 0.293605 -0.256268 0.198648
9.0 0.307224 -0.222329 0.153170
9.99998500000001 0.311305 -0.176541 0.085013
11.0 0.308601 -0.122050 0.002313
12.0 0.302678 -0.062005 -0.086796
13.0 0.293944 0.000446 -0.174179
14.0 0.282805 0.062153 -0.251704
15.0 0.269669 0.119970 -0.311235
16.0 0.254943 0.170746 -0.344638
17.0 0.239038 0.211336 -0.345842
18.0 0.222359 0.238589 -0.319298
19.0 0.205314 0.249359 -0.269818
20.0 0.188311 0.239023 -0.201934
21.0 0.171758 0.208233 -0.120175
22.0 0.156064 0.162432 -0.029070
23.0 0.141635 0.107065 0.066849
24.0 0.128879 0.047580 0.163054
25.0 0.118205 -0.010578 0.255015
26.0 0.110018 -0.061962 0.338200
27.0 0.104728 -0.101126 0.408082
28.0 0.102744 -0.122623 0.460128
29.0 0.105547 -0.122311 0.489810
30.0 0.114008 -0.104545 0.485865
31.0 0.127185 -0.074210 0.424975
32.0 0.144127 -0.035826 0.321063
33.0 0.163888 0.006088 0.191779
34.0 0.185518 0.047009 0.054772
35.0 0.208070 0.082418 -0.072307
36.0 0.230597 0.107795 -0.171809
37.0 0.252149 0.118619 -0.226084
38.0 0.271780 0.101587 -0.228685
39.0 0.288539 0.046081 -0.196954
40.0 0.301480 -0.035896 -0.140074
41.0 0.309655 -0.131971 -0.066948
42.0 0.312558 -0.229766 0.013522
43.0 0.311611 -0.316909 0.092433
44.0 0.307370 -0.381021 0.160883
45.0 0.300242 -0.409726 0.209971
46.0 0.290633 -0.406384 0.230794
47.0 0.278949 -0.389496 0.221245
48.0 0.265594 -0.361219 0.195519
49.0 0.250977 -0.323578 0.156934
50.0 0.235501 -0.278596 0.108089
51.0 0.219573 -0.228296 0.051577
52.0 0.203598 -0.174700 -0.010006
53.0 0.187984 -0.119833 -0.074065
54.0 0.173135 -0.065717 -0.138004
55.0 0.159456 -0.014375 -0.199226
56.0 0.147355 0.032168 -0.255138
57.0 0.137237 0.071890 -0.303142
58.0 0.129507 0.102768 -0.340644
59.0 0.124571 0.122778 -0.365049
"UpperBody"
"Waist"
0 0.000000 0.000000 0.000000 0.000000 0.000000 0.000000
2
0.0 0.000000 0.000001 0.000000
59.0 0.000000 0.000001 0.000000
60
0.0 -0.062114 -0.457824 0.329253
1.0000149999999906 -0.035548 -0.432592 0.303087
2.0 0.022433 -0.368618 0.246716
3.0 0.087925 -0.282978 0.174392
4.0 0.143131 -0.194402 0.097050
5.0 0.178628 -0.121726 0.024245
5.9999850000000094 0.192102 -0.081609 -0.032682
7.0 0.184007 -0.080234 -0.060759
7.9999850000000094 0.157857 -0.091019 -0.059546
9.0 0.121465 -0.109547 -0.041361
9.99998500000001 0.081918 -0.133151 -0.009213
11.0 0.041015 -0.160069 0.034238
12.0 -0.000043 -0.188355 0.086616
13.0 -0.036249 -0.215753 0.145139
14.0 -0.061651 -0.239801 0.206904
15.0 -0.068331 -0.254737 0.267772
16.0 -0.049108 -0.247011 0.315778
17.0 -0.010149 -0.221707 0.340484
18.0 0.040102 -0.182847 0.343473
19.0 0.092360 -0.133858 0.327552
20.0 0.136789 -0.076245 0.295391
21.0 0.160761 -0.014507 0.250166
22.0 0.157545 0.055198 0.191930
23.0 0.130934 0.131036 0.120986
24.0 0.085085 0.207913 0.036023
25.0 0.024836 0.280291 -0.059943
26.0 -0.042081 0.342213 -0.157300
27.0 -0.103619 0.387707 -0.244630
28.0 -0.144325 0.412091 -0.308343
29.0 -0.150465 0.412664 -0.336489
30.0 -0.123412 0.394319 -0.322013
31.0 -0.072280 0.345325 -0.245536
32.0 -0.011809 0.267512 -0.128528
33.0 0.045661 0.178225 0.002742
34.0 0.093129 0.094899 0.126150
35.0 0.127264 0.035631 0.235019
36.0 0.146549 0.015448 0.321268
37.0 0.149485 0.032331 0.374847
38.0 0.131567 0.078827 0.378323
39.0 0.100292 0.154598 0.344130
40.0 0.061051 0.239962 0.284231
41.0 0.020444 0.313390 0.210008
42.0 -0.011412 0.352404 0.132842
43.0 -0.024338 0.355977 0.058887
44.0 -0.020395 0.325215 -0.004078
45.0 -0.002124 0.261936 -0.046747
46.0 0.033911 0.185461 -0.059874
47.0 0.082949 0.125855 -0.051568
48.0 0.134254 0.074993 -0.034516
49.0 0.180640 0.020788 -0.008425
50.0 0.214440 -0.036115 0.024244
51.0 0.228491 -0.094831 0.061437
52.0 0.222114 -0.154190 0.101424
53.0 0.198634 -0.212750 0.142705
54.0 0.161727 -0.268856 0.183864
55.0 0.115677 -0.320742 0.223431
56.0 0.065411 -0.366618 0.259738
57.0 0.016461 -0.404784 0.290826
58.0 -0.025186 -0.433663 0.314428
59.0 -0.053352 -0.451807 0.328069
"UpperBody2"
"UpperBody"
0 0.000000 0.000000 0.000000 0.000000 0.000000 0.000000
2
0.0 0.000000 1.901394 -0.004821
59.0 0.000000 1.901394 -0.004821
2
0.0 -0.000000 -0.000000 0.000000
59.0 -0.000000 -0.000000 0.000000
"Neck"
"UpperBody2"
0 0.000000 0.000000 0.000000 0.000000 0.000000 0.000000
2
0.0 0.000000 1.244583 -0.310138
59.0 0.000000 1.244583 -0.310138
60
0.0 0.005805 0.143233 0.008709
1.0000149999999906 0.010160 0.136424 0.009336
2.0 0.006141 0.127579 -0.009710
3.0 -0.002343 0.114565 -0.039080
4.0 -0.011382 0.096958 -0.069727
5.0 -0.017492 0.077697 -0.093725
5.9999850000000094 -0.017935 0.062656 -0.104919
7.0 -0.010635 0.058296 -0.098914
7.9999850000000094 -0.003750 0.061796 -0.083078
9.0 0.005837 0.066799 -0.065923
9.99998500000001 0.017991 0.071320 -0.048939
11.0 0.029890 0.074284 -0.033379
12.0 0.038721 0.075289 -0.020722
13.0 0.041752 0.075014 -0.012676
14.0 0.036258 0.081060 -0.012430
15.0 0.019297 0.091132 -0.020686
16.0 -0.007857 0.090930 -0.031343
17.0 -0.035211 0.083990 -0.040366
18.0 -0.056184 0.075899 -0.047445
19.0 -0.064672 0.072581 -0.053000
20.0 -0.054902 0.079964 -0.058341
21.0 -0.021236 0.102608 -0.063742
22.0 0.034757 0.132384 -0.063296
23.0 0.100429 0.164675 -0.053865
24.0 0.162133 0.196272 -0.033668
25.0 0.204318 0.222757 -0.007412
26.0 0.224276 0.241109 0.015915
27.0 0.220864 0.250875 0.030281
28.0 0.193159 0.252276 0.028681
29.0 0.160009 0.243541 0.006316
30.0 0.135943 0.196399 -0.030115
31.0 0.115112 0.130091 -0.068339
32.0 0.090629 0.062276 -0.096465
33.0 0.058161 -0.000364 -0.101838
34.0 0.017505 -0.047236 -0.077475
35.0 -0.027577 -0.072223 -0.038216
36.0 -0.076220 -0.074638 -0.006495
37.0 -0.117647 -0.062513 0.001520
38.0 -0.134826 -0.048548 -0.001883
39.0 -0.130326 -0.045630 -0.006538
40.0 -0.114795 -0.063913 -0.007569
41.0 -0.098576 -0.073612 -0.015212
42.0 -0.092906 -0.053547 -0.031335
43.0 -0.108594 -0.012135 -0.050279
44.0 -0.138009 0.038937 -0.070608
45.0 -0.166587 0.087057 -0.096010
46.0 -0.180938 0.119074 -0.129006
47.0 -0.180987 0.125536 -0.160091
48.0 -0.169404 0.116026 -0.184225
49.0 -0.150883 0.107379 -0.201353
50.0 -0.128465 0.103850 -0.207146
51.0 -0.105861 0.108167 -0.199305
52.0 -0.089059 0.116524 -0.184316
53.0 -0.074234 0.126497 -0.163984
54.0 -0.060710 0.136164 -0.139419
55.0 -0.048092 0.143951 -0.112002
56.0 -0.036184 0.148854 -0.083374
57.0 -0.024914 0.150573 -0.055318
58.0 -0.014240 0.149512 -0.029589
59.0 -0.004068 0.146637 -0.007785
"Head"
"Neck"
0 0.000000 0.000000 0.000000 0.000000 0.000000 0.000000
2
0.0 0.000000 0.868605 0.125738
59.0 0.000000 0.868605 0.125738
60
0.0 0.154010 0.095144 -0.025650
1.0000149999999906 0.146554 0.087981 -0.040283
2.0 0.125559 0.079906 -0.055056
3.0 0.096361 0.070987 -0.067833
4.0 0.064189 0.062281 -0.076914
5.0 0.034157 0.055625 -0.081151
5.9999850000000094 0.011295 0.053154 -0.079829
7.0 0.000631 0.056693 -0.072236
7.9999850000000094 0.006031 0.066923 -0.056970
9.0 0.018436 0.080920 -0.035450
9.99998500000001 0.031628 0.092790 -0.016662
11.0 0.042462 0.100460 -0.005523
12.0 0.049283 0.105194 -0.001596
13.0 0.050576 0.107764 -0.004260
14.0 0.045003 0.102337 -0.011096
15.0 0.031348 0.093135 -0.022884
16.0 0.008940 0.082507 -0.038794
17.0 -0.018533 0.072023 -0.050780
18.0 -0.045557 0.063509 -0.051886
19.0 -0.063412 0.057252 -0.044237
20.0 -0.056148 0.053352 -0.031115
21.0 -0.029001 0.051524 -0.015864
22.0 0.011548 0.050915 -0.001637
23.0 0.059896 0.050209 0.008833
24.0 0.111811 0.048010 0.013260
25.0 0.166779 0.043403 0.009715
26.0 0.204458 0.039950 0.004416
27.0 0.202528 0.040409 0.003775
28.0 0.184502 0.043994 0.006449
29.0 0.159615 0.051540 0.010087
30.0 0.132725 0.058303 0.013654
31.0 0.084718 0.032386 0.021721
32.0 0.022741 -0.008966 0.031945
33.0 -0.044403 -0.048357 0.040187
34.0 -0.108291 -0.069530 0.039009
35.0 -0.159866 -0.057308 0.018888
36.0 -0.189853 -0.051512 -0.006970
37.0 -0.200431 -0.079811 -0.025211
38.0 -0.197161 -0.117416 -0.041687
39.0 -0.183802 -0.139009 -0.060993
40.0 -0.166408 -0.123102 -0.082634
41.0 -0.148577 -0.088869 -0.097260
42.0 -0.132939 -0.046537 -0.101553
43.0 -0.122061 0.000279 -0.094929
44.0 -0.118304 0.048400 -0.077762
45.0 -0.120073 0.095855 -0.047712
46.0 -0.110769 0.141286 -0.010071
47.0 -0.092575 0.183863 0.026911
48.0 -0.071062 0.220677 0.057446
49.0 -0.052361 0.246694 0.077952
50.0 -0.043097 0.260427 0.086288
51.0 -0.041815 0.260749 0.084503
52.0 -0.027296 0.250657 0.081610
53.0 -0.004720 0.233149 0.076849
54.0 0.022866 0.210837 0.069226
55.0 0.052746 0.186327 0.058117
56.0 0.082441 0.161984 0.043565
57.0 0.109629 0.139703 0.026346
58.0 0.132077 0.120761 0.007856
59.0 0.147594 0.105823 -0.010110
"Shoulder_L"
"UpperBody2"
0 0.000000 0.000000 0.000000 0.000000 0.000000 0.000000
2
0.0 0.140001 0.951396 -0.256113
59.0 0.140001 0.951396 -0.256113
2
0.0 -0.000000 -0.000000 -0.000000
59.0 -0.000000 0.000000 0.000000
"Arm_L"
"Shoulder_L"
0 0.000000 0.000000 0.000000 0.000000 0.000000 0.000000
2
0.0 0.997845 0.000000 0.000002
59.0 0.997845 0.000000 0.000002
60
0.0 -0.272697 0.207520 -0.711908
1.0000149999999906 -0.168262 0.238296 -0.729885
2.0 -0.027013 0.321066 -0.762078
3.0 0.121005 0.386585 -0.795304
4.0 0.261566 0.372635 -0.818653
5.0 0.363628 0.290051 -0.851784
5.9999850000000094 0.414768 0.187657 -0.898920
7.0 0.434598 0.097822 -0.941406
7.9999850000000094 0.440389 0.033175 -0.965270
9.0 0.420403 -0.015524 -0.955803
9.99998500000001 0.374145 -0.052835 -0.915065
11.0 0.308289 -0.101822 -0.852767
12.0 0.229351 -0.192902 -0.770631
13.0 0.110503 -0.281997 -0.650393
14.0 -0.040923 -0.320182 -0.487309
15.0 -0.187009 -0.279153 -0.313351
16.0 -0.297283 -0.183168 -0.169181
17.0 -0.312612 -0.058751 -0.044767
18.0 -0.210950 0.077393 0.044280
19.0 -0.050290 0.208122 0.075457
20.0 0.138406 0.310848 0.052876
21.0 0.314183 0.369842 -0.014583
22.0 0.437795 0.384257 -0.119898
23.0 0.502495 0.367171 -0.251461
24.0 0.479813 0.331694 -0.400521
25.0 0.404280 0.317064 -0.503226
26.0 0.302958 0.328277 -0.558320
27.0 0.198029 0.364668 -0.579715
28.0 0.105095 0.412266 -0.587653
29.0 0.032181 0.440619 -0.597652
30.0 0.010145 0.435626 -0.607073
31.0 0.072534 0.413526 -0.599154
32.0 0.220084 0.434372 -0.533432
33.0 0.415407 0.462130 -0.401614
34.0 0.629517 0.481897 -0.223338
35.0 0.830363 0.478831 -0.049131
36.0 0.949403 0.464266 0.063420
37.0 0.938496 0.454588 0.073777
38.0 0.871247 0.461612 0.026571
39.0 0.808533 0.499957 -0.069819
40.0 0.751124 0.556686 -0.194544
41.0 0.689717 0.610803 -0.333213
42.0 0.619556 0.635477 -0.487811
43.0 0.566744 0.586550 -0.649552
44.0 0.567685 0.457602 -0.782239
45.0 0.619556 0.266344 -0.861376
46.0 0.673617 0.051110 -0.889718
47.0 0.685958 -0.146966 -0.874875
48.0 0.614358 -0.299582 -0.823775
49.0 0.439038 -0.381921 -0.749076
50.0 0.227714 -0.423457 -0.676269
51.0 0.045226 -0.417907 -0.620456
52.0 -0.051005 -0.309670 -0.597494
53.0 -0.090626 -0.143463 -0.605342
54.0 -0.127515 0.008795 -0.621742
55.0 -0.165687 0.130315 -0.640371
56.0 -0.210851 0.212410 -0.660180
57.0 -0.260802 0.249923 -0.679503
58.0 -0.302296 0.246550 -0.694081
59.0 -0.314656 0.221307 -0.702754
"ArmTwist_L"
"Arm_L"
0 0.000000 0.000000 0.000000 0.000000 0.000000 0.000000
2
0.0 0.894570 -0.436192 0.040163
59.0 0.894570 -0.436192 0.040163
2
0.0 0.000000 -0.000000 -0.000000
59.0 0.000000 -0.000000 -0.000000
"Elbow_L"
"ArmTwist_L"
0 0.000000 0.000000 0.000000 0.000000 0.000000 0.000000
2
0.0 1.122059 -0.504177 -0.040151
59.0 1.122059 -0.504177 -0.040151
60
0.0 -2.722744 -0.705920 2.093065
1.0000149999999906 -2.747449 -0.677778 2.108817
2.0 -2.722101 -0.706632 2.092649
3.0 -2.631246 -0.797011 2.030557
4.0 -2.459020 -0.922893 1.899714
5.0 -2.184393 -1.042101 1.670488
5.9999850000000094 -1.811337 -1.113665 1.340859
7.0 -1.437037 -1.121563 1.003656
7.9999850000000094 -1.185016 -1.094620 0.777923
9.0 -1.132123 -1.085123 0.731038
9.99998500000001 -1.276070 -1.107656 0.859115
11.0 -1.565648 -1.125081 1.119612
12.0 -1.847608 -1.109861 1.373371
13.0 -2.041834 -1.078742 1.546057
14.0 -2.181001 -1.043138 1.667559
15.0 -2.317080 -0.994135 1.783465
16.0 -2.442138 -0.932676 1.886209
17.0 -2.536167 -0.872834 1.960046
18.0 -2.589891 -0.832115 2.000486
19.0 -2.598749 -0.824884 2.007010
20.0 -2.537835 -0.871645 1.961323
21.0 -2.365939 -0.972268 1.824120
22.0 -2.003993 -1.086347 1.512645
23.0 -1.353371 -1.115714 0.928403
24.0 -0.734479 -0.951297 0.390700
25.0 -0.429498 -0.716593 0.162614
26.0 -0.279294 -0.523025 0.074937
27.0 -0.212730 -0.415807 0.044824
28.0 -0.198132 -0.390515 0.039108
29.0 -0.204163 -0.401041 0.041428
30.0 -0.228337 -0.442151 0.051303
31.0 -0.279168 -0.522832 0.074875
32.0 -0.437963 -0.725660 0.168198
33.0 -0.695175 -0.929718 0.358959
34.0 -1.046911 -1.066493 0.656058
35.0 -1.385866 -1.118329 0.957605
36.0 -1.605253 -1.124862 1.155340
37.0 -1.689126 -1.122372 1.230958
38.0 -1.724227 -1.120502 1.262570
39.0 -1.634255 -1.124313 1.181497
40.0 -1.392995 -1.118844 0.964016
41.0 -1.051075 -1.067507 0.659704
42.0 -0.729562 -0.948704 0.386703
43.0 -0.515907 -0.801147 0.222103
44.0 -0.412271 -0.697577 0.151432
45.0 -0.345841 -0.616772 0.110847
46.0 -0.285852 -0.532857 0.078236
47.0 -0.237000 -0.456456 0.055061
48.0 -0.198582 -0.391305 0.039278
49.0 -0.175034 -0.349252 0.030774
50.0 -0.143636 -0.290852 0.020918
51.0 -0.132410 -0.269378 0.017822
52.0 -0.225523 -0.437455 0.050108
53.0 -0.421092 -0.707411 0.157126
54.0 -0.721693 -0.944497 0.380321
55.0 -1.203082 -1.097530 0.793988
56.0 -1.797197 -1.114993 1.328169
57.0 -2.240564 -1.023654 1.718718
58.0 -2.496567 -0.899674 1.929378
59.0 -2.642595 -0.786758 2.038629
"HandTwist_L"
"Elbow_L"
0 0.000000 0.000000 0.000000 0.000000 0.000000 0.000000
2
0.0 0.584859 -0.280921 0.003999
59.0 0.584859 -0.280921 0.003999
2
0.0 0.000000 -0.000000 -0.000000
59.0 -0.000000 -0.000000 -0.000000
"Wrist_L"
"HandTwist_L"
0 0.000000 0.000000 0.000000 0.000000 0.000000 0.000000
2
0.0 1.370023 -0.630658 -0.004000
59.0 1.370023 -0.630658 -0.004000
60
0.0 -0.333734 -0.370715 0.789414
1.0000149999999906 -0.315512 -0.392683 0.807230
2.0 -0.358410 -0.383249 0.810504
3.0 -0.400276 -0.363146 0.788242
4.0 -0.382115 -0.318779 0.764093
5.0 -0.311742 -0.240742 0.730117
5.9999850000000094 -0.225084 -0.171909 0.653291
7.0 -0.169464 -0.163482 0.574729
7.9999850000000094 -0.191909 -0.232236 0.550627
9.0 -0.244714 -0.302904 0.543135
9.99998500000001 -0.298613 -0.349099 0.551776
11.0 -0.334335 -0.365175 0.599239
12.0 -0.335133 -0.372791 0.701884
13.0 -0.312602 -0.402647 0.806106
14.0 -0.285233 -0.446043 0.882002
15.0 -0.261697 -0.484028 0.924126
16.0 -0.254459 -0.503955 0.942120
17.0 -0.287956 -0.508056 1.004966
18.0 -0.333576 -0.472936 1.075512
19.0 -0.326366 -0.550266 1.003036
20.0 -0.152904 -0.718240 0.814223
21.0 -0.028285 -0.638250 0.718665
22.0 0.045808 -0.545312 0.628613
23.0 0.054323 -0.524491 0.583405
24.0 -0.001874 -0.475643 0.600023
25.0 -0.056487 -0.392416 0.593650
26.0 -0.080806 -0.293048 0.584649
27.0 -0.087707 -0.182090 0.586734
28.0 -0.091125 -0.072417 0.575051
29.0 -0.117018 0.015843 0.556751
30.0 -0.167251 0.087101 0.553785
31.0 -0.234895 0.157990 0.588795
32.0 -0.207358 0.241767 0.644396
33.0 -0.104065 0.254588 0.676050
34.0 -0.042386 0.179217 0.658294
35.0 -0.047069 0.042650 0.660649
36.0 -0.082548 -0.100275 0.711758
37.0 -0.124500 -0.214856 0.772355
38.0 -0.140361 -0.296079 0.815634
39.0 -0.168732 -0.349201 0.853325
40.0 -0.185771 -0.311532 0.836304
41.0 -0.159530 -0.217639 0.712687
42.0 -0.062585 -0.126127 0.480828
43.0 0.089599 -0.052894 0.274597
44.0 0.221127 0.002410 0.151761
45.0 0.231990 -0.018946 0.099852
46.0 0.173414 -0.055095 0.099387
47.0 0.104165 -0.100889 0.068647
48.0 0.055023 -0.127500 0.017529
49.0 0.084362 -0.112203 -0.016331
50.0 0.098550 -0.183357 -0.046189
51.0 0.056995 -0.317880 -0.068173
52.0 -0.016840 -0.395648 -0.074405
53.0 -0.132712 -0.426679 -0.053378
54.0 -0.290145 -0.423551 0.011141
55.0 -0.450877 -0.370740 0.131534
56.0 -0.571355 -0.308193 0.305713
57.0 -0.595899 -0.261512 0.496109
58.0 -0.526771 -0.265008 0.655516
59.0 -0.416968 -0.314730 0.750795
"Thumb0_L"
"Wrist_L"
0 0.000000 0.000000 0.000000 0.000000 0.000000 0.000000
2
0.0 0.088274 -0.125142 0.198234
59.0 0.088274 -0.125142 0.198234
2
0.0 -0.000000 -0.000000 0.000000
59.0 0.000000 -0.000000 -0.000000
"Thumb1_L"
"Thumb0_L"
0 0.000000 0.000000 0.000000 0.000000 0.000000 0.000000
2
0.0 0.265144 -0.318678 0.189764
59.0 0.265144 -0.318678 0.189764
2
0.0 0.000000 -0.000000 0.000000
59.0 0.000000 -0.000000 -0.000000
"IndexFinger1_L"
"Wrist_L"
0 0.000000 0.000000 0.000000 0.000000 0.000000 0.000000
2
0.0 0.634424 -0.237563 0.233771
59.0 0.634424 -0.237563 0.233771
2
0.0 -0.000000 0.000000 0.000000
59.0 -0.000000 -0.000000 -0.000000
"IndexFinger2_L"
"IndexFinger1_L"
0 0.000000 0.000000 0.000000 0.000000 0.000000 0.000000
2
0.0 0.280143 -0.134318 0.010840
59.0 0.280143 -0.134318 0.010840
2
0.0 0.000000 -0.000000 0.000000
59.0 -0.000000 -0.000000 -0.000000
"MiddleFinger1_L"
"Wrist_L"
0 0.000000 0.000000 0.000000 0.000000 0.000000 0.000000
2
0.0 0.663805 -0.242180 0.068939
59.0 0.663805 -0.242180 0.068939
2
0.0 -0.000000 -0.000000 0.000000
59.0 0.000000 -0.000000 -0.000000
"MiddleFinger2_L"
"MiddleFinger1_L"
0 0.000000 0.000000 0.000000 0.000000 0.000000 0.000000
2
0.0 0.286719 -0.139440 0.007819
59.0 0.286719 -0.139440 0.007819
2
0.0 -0.000000 -0.000000 0.000000
59.0 -0.000000 -0.000000 -0.000000
"RingFinger1_L"
"Wrist_L"
0 0.000000 0.000000 0.000000 0.000000 0.000000 0.000000
2
0.0 0.661056 -0.249124 -0.113599
59.0 0.661056 -0.249124 -0.113599
2
0.0 -0.000000 -0.000000 0.000000
59.0 -0.000000 -0.000000 -0.000000
"RingFinger2_L"
"RingFinger1_L"
0 0.000000 0.000000 0.000000 0.000000 0.000000 0.000000
2
0.0 0.262598 -0.129563 0.006318
59.0 0.262598 -0.129563 0.006318
2
0.0 -0.000000 0.000000 0.000000
59.0 0.000000 0.000000 -0.000000
"LittleFinger1_L"
"Wrist_L"
0 0.000000 0.000000 0.000000 0.000000 0.000000 0.000000
2
0.0 0.635864 -0.262313 -0.256277
59.0 0.635864 -0.262313 -0.256277
2
0.0 -0.000000 0.000000 0.000000
59.0 0.000000 -0.000000 -0.000000
"LittleFinger2_L"
"LittleFinger1_L"
0 0.000000 0.000000 0.000000 0.000000 0.000000 0.000000
2
0.0 0.240592 -0.118189 0.002914
59.0 0.240592 -0.118189 0.002914
2
0.0 -0.000000 0.000000 -0.000000
59.0 0.000000 -0.000000 -0.000000
"Shoulder_R"
"UpperBody2"
0 0.000000 0.000000 0.000000 0.000000 0.000000 0.000000
2
0.0 -0.139990 0.951396 -0.256113
59.0 -0.139990 0.951396 -0.256113
2
0.0 -0.000000 -0.000000 0.000000
59.0 -0.000000 -0.000000 0.000000
"Arm_R"
"Shoulder_R"
0 0.000000 0.000000 0.000000 0.000000 0.000000 0.000000
2
0.0 -0.997848 -0.000001 -0.000001
59.0 -0.997848 -0.000001 -0.000001
60
0.0 -0.648648 -0.335853 0.621599
1.0000149999999906 -0.584357 -0.288847 0.624652
2.0 -0.430719 -0.300897 0.634186
3.0 -0.203024 -0.315971 0.601028
4.0 0.042293 -0.318786 0.543536
5.0 0.233055 -0.323940 0.507388
5.9999850000000094 0.359638 -0.337249 0.507435
7.0 0.455638 -0.342363 0.531113
7.9999850000000094 0.553676 -0.331462 0.556312
9.0 0.657822 -0.312629 0.570876
9.99998500000001 0.758890 -0.295686 0.566717
11.0 0.837513 -0.285028 0.533152
12.0 0.878186 -0.281187 0.483563
13.0 0.889445 -0.322154 0.377381
14.0 0.791497 -0.427113 0.216561
15.0 0.419789 -0.627398 0.077336
16.0 -0.104352 -0.808936 0.075937
17.0 -0.268476 -0.781114 0.127185
18.0 -0.002291 -0.679734 0.288279
19.0 0.217495 -0.545665 0.484426
20.0 0.119340 -0.415004 0.675372
21.0 0.008450 -0.246368 0.804464
22.0 0.040816 -0.102712 0.848511
23.0 0.122952 0.003135 0.842743
24.0 0.216966 0.068307 0.797480
25.0 0.281782 0.104481 0.714269
26.0 0.267363 0.160591 0.614704
27.0 0.171199 0.215207 0.502233
28.0 0.035373 0.238358 0.386752
29.0 -0.077896 0.206888 0.297494
30.0 -0.124267 0.116040 0.263104
31.0 -0.133083 0.024901 0.262167
32.0 -0.125983 -0.036562 0.280588
33.0 -0.111816 -0.069244 0.313244
34.0 -0.099452 -0.074622 0.358953
35.0 -0.104022 -0.053771 0.407960
36.0 -0.135969 -0.030910 0.454200
37.0 -0.168161 -0.022198 0.492555
38.0 -0.172889 -0.029749 0.533280
39.0 -0.183721 -0.053996 0.569122
40.0 -0.215892 -0.056119 0.578493
41.0 -0.269791 -0.015693 0.541334
42.0 -0.340854 0.066268 0.432360
43.0 -0.404697 0.148959 0.240384
44.0 -0.400754 0.170430 -0.009783
45.0 -0.272941 0.055883 -0.227918
46.0 -0.115119 -0.113755 -0.355871
47.0 -0.000289 -0.247462 -0.387723
48.0 0.070099 -0.338808 -0.342068
49.0 0.160727 -0.494309 -0.231869
50.0 0.229544 -0.606677 -0.085037
51.0 0.253425 -0.656303 0.060871
52.0 0.267424 -0.725619 0.142608
53.0 0.199020 -0.751894 0.194833
54.0 0.065177 -0.776360 0.265102
55.0 -0.134058 -0.778145 0.372708
56.0 -0.348107 -0.736037 0.495063
57.0 -0.511790 -0.651635 0.586907
58.0 -0.606360 -0.545692 0.630855
59.0 -0.647402 -0.436373 0.636510
"ArmTwist_R"
"Arm_R"
0 0.000000 0.000000 0.000000 0.000000 0.000000 0.000000
2
0.0 -1.100515 -0.504429 0.040152
59.0 -1.100515 -0.504429 0.040152
2
0.0 -0.000000 -0.000000 -0.000000
59.0 -0.000000 0.000000 0.000000
"Elbow_R"
"ArmTwist_R"
0 0.000000 0.000000 0.000000 0.000000 0.000000 0.000000
2
0.0 -0.916435 -0.436092 -0.038419
59.0 -0.916435 -0.436092 -0.038419
60
0.0 -0.166404 0.335000 -0.028421
1.0000149999999906 -0.164555 0.331577 -0.027813
2.0 -0.279140 0.524839 -0.075761
3.0 -0.446714 0.737037 -0.175440
4.0 -0.651378 0.905175 -0.326107
5.0 -0.862557 1.010875 -0.499391
5.9999850000000094 -1.015883 1.060166 -0.631422
7.0 -1.059056 1.070954 -0.669213
7.9999850000000094 -1.018745 1.060919 -0.633919
9.0 -0.942573 1.038903 -0.567816
9.99998500000001 -0.856106 1.008371 -0.493928
11.0 -0.738960 0.955511 -0.396405
12.0 -0.581320 0.856611 -0.272016
13.0 -0.484251 0.774334 -0.201210
14.0 -0.406356 0.693071 -0.148947
15.0 -0.297238 0.551709 -0.085055
16.0 -0.163881 0.330331 -0.027593
17.0 -0.034485 0.072348 -0.001332
18.0 -0.109315 0.225413 -0.012548
19.0 -0.248547 0.477126 -0.061038
20.0 -0.318963 0.582635 -0.096745
21.0 -0.342972 0.615165 -0.110299
22.0 -0.452134 0.742630 -0.179097
23.0 -0.662952 0.912444 -0.335241
24.0 -1.014542 1.059811 -0.630249
25.0 -1.577745 1.126309 -1.133564
26.0 -2.062543 1.075321 -1.567766
27.0 -2.320885 0.993487 -1.790405
28.0 -2.431193 0.939670 -1.881283
29.0 -2.469444 0.917459 -1.911930
30.0 -2.460343 0.922927 -1.904686
31.0 -2.409096 0.951609 -1.863357
32.0 -2.292652 1.005140 -1.766649
33.0 -2.080640 1.071159 -1.583674
34.0 -1.716255 1.122155 -1.258557
35.0 -1.233505 1.103464 -0.823803
36.0 -0.829886 0.997787 -0.471812
37.0 -0.618502 0.883397 -0.300456
38.0 -0.558654 0.839075 -0.255007
39.0 -0.617305 0.882570 -0.299531
40.0 -0.751303 0.961800 -0.406510
41.0 -0.889263 1.020840 -0.522098
42.0 -0.943320 1.039140 -0.568462
43.0 -0.904433 1.026218 -0.535057
44.0 -0.864419 1.011591 -0.500969
45.0 -0.938488 1.037600 -0.564298
46.0 -0.893245 1.022271 -0.525496
47.0 -0.664567 0.913441 -0.336519
48.0 -0.499241 0.788323 -0.211775
49.0 -0.450422 0.740872 -0.177939
50.0 -0.342005 0.613887 -0.109741
51.0 -0.251030 0.481103 -0.062185
52.0 -0.316851 0.579691 -0.095584
53.0 -0.370019 0.649791 -0.126309
54.0 -0.437660 0.727534 -0.169381
55.0 -0.490541 0.780266 -0.205626
56.0 -0.499529 0.788584 -0.211980
57.0 -0.453114 0.743635 -0.179760
58.0 -0.365351 0.643966 -0.123494
59.0 -0.261902 0.498311 -0.067309
"HandTwist_R"
"Elbow_R"
0 0.000000 0.000000 0.000000 0.000000 0.000000 0.000000
2
0.0 -0.584860 -0.280921 0.004000
59.0 -0.584860 -0.280921 0.004000
2
0.0 0.000000 0.000000 -0.000000
59.0 0.000000 0.000000 0.000000
"Wrist_R"
"HandTwist_R"
0 0.000000 0.000000 0.000000 0.000000 0.000000 0.000000
2
0.0 -1.370014 -0.630657 -0.002308
59.0 -1.370014 -0.630657 -0.002308
60
0.0 -0.069035 -0.424673 -0.531080
1.0000149999999906 -0.024243 -0.477280 -0.542170
2.0 0.112322 -0.586846 -0.595316
3.0 0.211815 -0.686118 -0.628157
4.0 0.214749 -0.717470 -0.588216
5.0 0.146064 -0.626824 -0.465375
5.9999850000000094 0.072595 -0.429194 -0.304922
7.0 0.030026 -0.199822 -0.149721
7.9999850000000094 -0.014651 -0.060845 -0.043681
9.0 -0.110319 -0.043293 -0.016876
9.99998500000001 -0.247619 -0.139387 -0.067834
11.0 -0.433363 -0.323878 -0.181369
12.0 -0.685549 -0.525527 -0.256452
13.0 -0.820223 -0.693498 -0.317947
14.0 -0.752306 -0.793077 -0.402283
15.0 -0.418738 -0.673557 -0.558815
16.0 -0.136212 -0.374012 -0.728532
17.0 -0.126505 -0.321264 -0.907050
18.0 0.045066 -0.596770 -1.079890
19.0 0.124776 -0.719842 -1.083114
20.0 -0.112731 -0.594075 -0.727708
21.0 -0.308128 -0.473784 -0.410892
22.0 -0.339281 -0.410373 -0.241093
23.0 -0.364013 -0.291553 -0.130424
24.0 -0.396371 -0.114769 -0.085170
25.0 -0.518525 0.023464 -0.044358
26.0 -0.700351 0.042827 -0.108375
27.0 -0.814531 -0.071747 -0.284317
28.0 -0.811604 -0.210048 -0.451469
29.0 -0.731938 -0.304313 -0.560883
30.0 -0.652594 -0.334257 -0.596031
31.0 -0.591605 -0.343914 -0.587970
32.0 -0.557367 -0.352630 -0.556158
33.0 -0.561935 -0.363835 -0.501612
34.0 -0.610280 -0.362389 -0.403924
35.0 -0.656390 -0.329390 -0.257663
36.0 -0.641699 -0.291148 -0.114091
37.0 -0.552589 -0.309564 -0.024418
38.0 -0.431631 -0.320660 -0.069041
39.0 -0.289421 -0.227790 -0.209574
40.0 -0.143697 -0.032862 -0.310231
41.0 -0.027751 0.224317 -0.272925
42.0 0.030414 0.465071 -0.110256
43.0 -0.017868 0.650138 0.030043
44.0 -0.194640 0.757155 -0.002661
45.0 -0.382159 0.753815 -0.156259
46.0 -0.254711 0.482957 -0.160541
47.0 -0.007362 0.002963 -0.218716
48.0 0.129550 -0.306796 -0.422273
49.0 0.063530 -0.322409 -0.653770
50.0 -0.138612 -0.390771 -0.846488
51.0 -0.350555 -0.531594 -0.930908
52.0 -0.341704 -0.674849 -1.005497
53.0 -0.318116 -0.733738 -0.996114
54.0 -0.262638 -0.721068 -0.953115
55.0 -0.187603 -0.658715 -0.876440
56.0 -0.110096 -0.580562 -0.781845
57.0 -0.051796 -0.513624 -0.691756
58.0 -0.027608 -0.466013 -0.618586
59.0 -0.038210 -0.435656 -0.564572
"Thumb0_R"
"Wrist_R"
0 0.000000 0.000000 0.000000 0.000000 0.000000 0.000000
2
0.0 -0.087803 -0.125418 0.198273
59.0 -0.087803 -0.125418 0.198273
2
0.0 -0.000000 -0.000000 0.000000
59.0 0.000000 0.000000 0.000000
"Thumb1_R"
"Thumb0_R"
0 0.000000 0.000000 0.000000 0.000000 0.000000 0.000000
2
0.0 -0.264688 -0.318941 0.189960
59.0 -0.264688 -0.318941 0.189960
2
0.0 0.000000 -0.000000 -0.000000
59.0 -0.000000 -0.000000 -0.000000
"IndexFinger1_R"
"Wrist_R"
0 0.000000 0.000000 0.000000 0.000000 0.000000 0.000000
2
0.0 -0.633867 -0.237894 0.234963
59.0 -0.633867 -0.237894 0.234963
2
0.0 -0.000000 -0.000000 0.000000
59.0 -0.000000 -0.000000 0.000000
"IndexFinger2_R"
"IndexFinger1_R"
0 0.000000 0.000000 0.000000 0.000000 0.000000 0.000000
2
0.0 -0.280116 -0.134334 0.011326
59.0 -0.280116 -0.134334 0.011326
2
0.0 0.000000 -0.000000 0.000000
59.0 -0.000000 -0.000000 -0.000000
"MiddleFinger1_R"
"Wrist_R"
0 0.000000 0.000000 0.000000 0.000000 0.000000 0.000000
2
0.0 -0.663640 -0.242280 0.070196
59.0 -0.663640 -0.242280 0.070196
2
0.0 -0.000000 0.000000 0.000000
59.0 -0.000000 -0.000000 -0.000000
"MiddleFinger2_R"
"MiddleFinger1_R"
0 0.000000 0.000000 0.000000 0.000000 0.000000 0.000000
2
0.0 -0.286704 -0.139453 0.008313
59.0 -0.286704 -0.139453 0.008313
2
0.0 0.000000 0.000000 -0.000000
59.0 -0.000000 -0.000000 -0.000000
"RingFinger1_R"
"Wrist_R"
0 0.000000 0.000000 0.000000 0.000000 0.000000 0.000000
2
0.0 -0.661331 -0.248975 -0.112358
59.0 -0.661331 -0.248975 -0.112358
2
0.0 -0.000000 -0.000000 0.000000
59.0 -0.000000 -0.000000 -0.000000
"RingFinger2_R"
"RingFinger1_R"
0 0.000000 0.000000 0.000000 0.000000 0.000000 0.000000
2
0.0 -0.262617 -0.129504 0.006769
59.0 -0.262617 -0.129504 0.006769
2
0.0 -0.000000 0.000000 0.000000
59.0 -0.000000 0.000000 0.000000
"LittleFinger1_R"
"Wrist_R"
0 0.000000 0.000000 0.000000 0.000000 0.000000 0.000000
2
0.0 -0.636482 -0.261967 -0.255114
59.0 -0.636482 -0.261967 -0.255114
2
0.0 -0.000000 0.000000 0.000000
59.0 -0.000000 -0.000000 -0.000000
"LittleFinger2_R"
"LittleFinger1_R"
0 0.000000 0.000000 0.000000 0.000000 0.000000 0.000000
2
0.0 -0.240612 -0.118124 0.003327
59.0 -0.240612 -0.118124 0.003327
2
0.0 0.000000 -0.000000 -0.000000
59.0 0.000000 -0.000000 0.000000
"LowerBody"
"Waist"
0 0.000000 0.000000 0.000000 0.000000 0.000000 0.000000
2
0.0 0.000000 -0.589320 -0.012458
59.0 0.000000 -0.589320 -0.012458
2
0.0 0.000000 -0.000000 -0.000000
59.0 0.000000 -0.000000 0.000000
"Leg_L"
"LowerBody"
0 0.000000 0.000000 0.000000 0.000000 0.000000 0.000000
2
0.0 0.707828 -0.739915 0.000961
59.0 0.707828 -0.739915 0.000961
60
0.0 -0.234831 -0.134324 0.409731
1.0000149999999906 -0.246153 -0.080397 0.368373
2.0 -0.275362 -0.000592 0.260295
3.0 -0.321837 0.091815 0.110909
4.0 -0.389548 0.177564 -0.056561
5.0 -0.474029 0.237260 -0.215796
5.9999850000000094 -0.559374 0.260563 -0.334264
7.0 -0.628691 0.253861 -0.379845
7.9999850000000094 -0.677927 0.245417 -0.356414
9.0 -0.705224 0.233848 -0.286343
9.99998500000001 -0.718500 0.216336 -0.178362
11.0 -0.722382 0.185264 -0.036734
12.0 -0.721902 0.129316 0.128414
13.0 -0.719524 0.044583 0.300078
14.0 -0.718518 -0.053937 0.456265
15.0 -0.735117 -0.144261 0.551878
16.0 -0.780069 -0.225994 0.579001
17.0 -0.826117 -0.301308 0.536766
18.0 -0.847809 -0.372895 0.445527
19.0 -0.834702 -0.433072 0.324125
20.0 -0.790728 -0.464243 0.200124
21.0 -0.727940 -0.458056 0.108642
22.0 -0.657888 -0.422148 0.053597
23.0 -0.576407 -0.372046 0.017667
24.0 -0.478597 -0.320031 -0.015615
25.0 -0.364366 -0.270374 -0.056208
26.0 -0.238606 -0.194139 -0.104687
27.0 -0.101903 -0.090921 -0.157171
28.0 0.116502 -0.012765 -0.200142
29.0 0.107529 -0.004348 -0.228228
30.0 0.100370 -0.057373 -0.226549
31.0 -0.021800 -0.132409 -0.167000
32.0 -0.183937 -0.217871 -0.063722
33.0 -0.310390 -0.303715 0.071126
34.0 -0.423196 -0.379217 0.224156
35.0 -0.523014 -0.435652 0.378157
36.0 -0.607176 -0.467639 0.505352
37.0 -0.674264 -0.474316 0.569218
38.0 -0.716777 -0.449187 0.545391
39.0 -0.730255 -0.385995 0.449005
40.0 -0.729311 -0.290554 0.306040
41.0 -0.729974 -0.171728 0.140511
42.0 -0.738399 -0.043504 -0.029592
43.0 -0.755013 0.077605 -0.190188
44.0 -0.773257 0.176888 -0.327225
45.0 -0.782442 0.244723 -0.423151
46.0 -0.776122 0.288045 -0.464648
47.0 -0.758339 0.322104 -0.458832
48.0 -0.731144 0.337745 -0.423977
49.0 -0.696077 0.325757 -0.364406
50.0 -0.655547 0.261581 -0.284370
51.0 -0.612946 0.152052 -0.194079
52.0 -0.566925 0.012710 -0.101051
53.0 -0.519165 -0.134962 -0.009444
54.0 -0.470802 -0.266070 0.079216
55.0 -0.422853 -0.356338 0.164178
56.0 -0.375914 -0.380643 0.243237
57.0 -0.329888 -0.342724 0.311675
58.0 -0.285979 -0.269566 0.364224
59.0 -0.250123 -0.190677 0.397420
"Knee_L"
"Leg_L"
0 0.000000 0.000000 0.000000 0.000000 0.000000 0.000000
2
0.0 0.017744 -3.569022 -0.099560
59.0 0.017744 -3.569022 -0.099560
60
0.0 0.399564 0.000000 -0.000000
1.0000149999999906 0.442297 0.000000 -0.000000
2.0 0.532791 0.000000 -0.000000
3.0 0.624785 0.000000 -0.000000
4.0 0.701511 0.000000 -0.000000
5.0 0.766561 0.000000 0.000000
5.9999850000000094 0.832733 0.000000 -0.000000
7.0 0.911823 -0.000000 0.000001
7.9999850000000094 0.993852 0.000000 -0.000000
9.0 1.062005 0.000000 -0.000000
9.99998500000001 1.128319 0.000000 -0.000000
11.0 1.186159 0.000000 -0.000000
12.0 1.225677 0.000000 -0.000000
13.0 1.240864 0.000000 0.000000
14.0 1.233913 -0.000001 -0.000000
15.0 1.245149 -0.000001 -0.000000
16.0 1.320775 0.000000 -0.000000
17.0 1.426361 -0.000000 -0.000000
18.0 1.524041 0.000000 -0.000000
19.0 1.591708 0.000000 -0.000000
20.0 1.616393 0.000000 -0.000000
21.0 1.582491 -0.000001 -0.000001
22.0 1.502871 -0.000000 0.000000
23.0 1.375490 0.000000 0.000000
24.0 1.197621 0.000000 0.000000
25.0 0.972441 0.000000 0.000000
26.0 0.709459 -0.000000 0.000000
27.0 0.413878 0.000000 0.000000
28.0 -0.047763 0.000000 0.000000
29.0 -0.047763 -0.000000 0.000000
30.0 -0.047763 0.000000 -0.000000
31.0 0.188117 -0.000000 -0.000000
32.0 0.495686 -0.000000 -0.000000
33.0 0.711559 0.000000 -0.000000
34.0 0.876704 -0.000000 0.000001
35.0 0.999496 0.000000 -0.000000
36.0 1.091172 0.000000 -0.000000
37.0 1.166580 0.000000 -0.000000
38.0 1.232294 -0.000000 0.000000
39.0 1.282709 -0.000000 -0.000000
40.0 1.307939 -0.000001 -0.000000
41.0 1.311302 -0.000001 0.000000
42.0 1.293187 0.000000 0.000000
43.0 1.258105 0.000000 0.000000
44.0 1.215379 0.000000 -0.000000
45.0 1.176577 0.000000 0.000000
46.0 1.151289 -0.000001 -0.000000
47.0 1.139607 0.000000 -0.000000
48.0 1.132159 0.000000 -0.000000
49.0 1.125736 0.000000 -0.000000
50.0 1.117195 0.000000 -0.000000
51.0 1.100644 0.000000 -0.000000
52.0 1.064032 -0.000000 -0.000000
53.0 1.007738 0.000000 0.000000
54.0 0.933488 0.000000 0.000000
55.0 0.843454 0.000000 0.000000
56.0 0.740842 -0.000000 -0.000000
57.0 0.630944 0.000000 -0.000000
58.0 0.523344 0.000000 -0.000000
59.0 0.436219 0.000000 -0.000000
"Ankle_L"
"Knee_L"
0 0.000000 0.000000 0.000000 0.000000 0.000000 0.000000
2
0.0 0.017912 -3.597382 -0.293056
59.0 0.017912 -3.597382 -0.293056
60
0.0 -0.222721 0.228387 0.088743
1.0000149999999906 -0.249946 0.191227 0.097682
2.0 -0.303983 0.163341 0.115691
3.0 -0.360250 0.143258 0.142081
4.0 -0.409015 0.128509 0.171574
5.0 -0.450761 0.117028 0.197708
5.9999850000000094 -0.490378 0.108716 0.214811
7.0 -0.532806 0.105527 0.217714
7.9999850000000094 -0.575416 0.110457 0.202870
9.0 -0.609378 0.118622 0.173609
9.99998500000001 -0.641501 0.126500 0.132018
11.0 -0.667208 0.128753 0.075556
12.0 -0.680683 0.128234 0.004199
13.0 -0.681713 0.129266 -0.073308
14.0 -0.668599 0.123144 -0.131155
15.0 -0.649102 0.118041 -0.136317
16.0 -0.631258 0.121684 -0.103414
17.0 -0.589993 0.148693 -0.052492
18.0 -0.539858 0.207023 -0.019487
19.0 -0.512701 0.291486 -0.033238
20.0 -0.528909 0.368464 -0.090869
21.0 -0.532802 0.404227 -0.171209
22.0 -0.507369 0.396148 -0.243821
23.0 -0.438078 0.360255 -0.278888
24.0 -0.328219 0.308427 -0.268233
25.0 -0.193925 0.253475 -0.231487
26.0 -0.039334 0.164403 -0.163664
27.0 0.126311 0.026855 -0.091016
28.0 0.363856 -0.110928 -0.068270
29.0 0.360012 -0.210760 -0.051040
30.0 0.347901 -0.245693 -0.034348
31.0 0.208614 -0.238444 0.005531
32.0 0.032722 -0.183819 0.033516
33.0 -0.095991 -0.107151 0.023009
34.0 -0.202955 -0.025520 -0.016729
35.0 -0.295403 0.051037 -0.077783
36.0 -0.377316 0.117211 -0.145993
37.0 -0.449480 0.172330 -0.201855
38.0 -0.510776 0.218011 -0.230961
39.0 -0.560272 0.259528 -0.232543
40.0 -0.593131 0.295619 -0.205785
41.0 -0.612244 0.319968 -0.154051
42.0 -0.618736 0.326255 -0.082250
43.0 -0.617107 0.314828 -0.003608
44.0 -0.613980 0.291948 0.066429
45.0 -0.613017 0.262295 0.120984
46.0 -0.617369 0.231930 0.155895
47.0 -0.626538 0.207073 0.175026
48.0 -0.633371 0.192348 0.183182
49.0 -0.634763 0.193794 0.177391
50.0 -0.626580 0.230643 0.146600
51.0 -0.610044 0.296965 0.096180
52.0 -0.583768 0.381220 0.036956
53.0 -0.551131 0.469022 -0.018627
54.0 -0.511813 0.542380 -0.057157
55.0 -0.462157 0.582047 -0.067093
56.0 -0.400576 0.565322 -0.042354
57.0 -0.335091 0.494095 0.002397
58.0 -0.277193 0.393561 0.045689
59.0 -0.236153 0.294415 0.075550
"Leg_R"
"LowerBody"
0 0.000000 0.000000 0.000000 0.000000 0.000000 0.000000
2
0.0 -0.715029 -0.739915 0.000965
59.0 -0.715029 -0.739915 0.000965
60
0.0 -0.141111 0.106886 0.049817
1.0000149999999906 -0.178267 0.144816 0.019075
2.0 -0.307441 0.210976 -0.073285
3.0 -0.446501 0.283894 -0.211081
4.0 -0.591575 0.340569 -0.374400
5.0 -0.727832 0.364516 -0.532606
5.9999850000000094 -0.830753 0.353612 -0.646932
7.0 -0.883950 0.321013 -0.684422
7.9999850000000094 -0.904338 0.285673 -0.646786
9.0 -0.898001 0.225997 -0.551933
9.99998500000001 -0.877981 0.145356 -0.418292
11.0 -0.852286 0.049609 -0.258542
12.0 -0.824476 -0.049169 -0.087606
13.0 -0.795767 -0.130994 0.076133
14.0 -0.767517 -0.177589 0.217048
15.0 -0.741735 -0.208914 0.326601
16.0 -0.718634 -0.232325 0.392482
17.0 -0.696057 -0.248946 0.408899
18.0 -0.670142 -0.258385 0.388945
19.0 -0.637414 -0.255770 0.336219
20.0 -0.596954 -0.233547 0.254240
21.0 -0.545523 -0.189161 0.150814
22.0 -0.485719 -0.126170 0.034809
23.0 -0.424836 -0.050683 -0.086561
24.0 -0.367132 0.029186 -0.207919
25.0 -0.313939 0.104662 -0.324835
26.0 -0.264814 0.167795 -0.432481
27.0 -0.221077 0.212532 -0.524708
28.0 -0.194104 0.234971 -0.594178
29.0 -0.202115 0.231708 -0.634566
30.0 -0.234274 0.196927 -0.633401
31.0 -0.279043 0.141769 -0.565050
32.0 -0.328460 0.070680 -0.447098
33.0 -0.380730 -0.010287 -0.300164
34.0 -0.436196 -0.092208 -0.144010
35.0 -0.494552 -0.165752 0.001168
36.0 -0.554341 -0.224352 0.113693
37.0 -0.613913 -0.266384 0.171612
38.0 -0.669254 -0.278613 0.157707
39.0 -0.717652 -0.243810 0.085976
40.0 -0.763422 -0.157525 -0.030541
41.0 -0.816651 -0.026654 -0.179932
42.0 -0.880079 0.120099 -0.347610
43.0 -0.951121 0.253880 -0.515376
44.0 -1.018876 0.351154 -0.648033
45.0 -1.063045 0.398130 -0.687824
46.0 -1.091353 0.397238 -0.628979
47.0 -1.122238 0.362319 -0.505108
48.0 -1.138725 0.306378 -0.366415
49.0 -1.135561 0.243127 -0.251644
50.0 -1.104414 0.179773 -0.181393
51.0 -1.053068 0.116329 -0.131044
52.0 -0.991837 0.061924 -0.095416
53.0 -0.918976 0.025687 -0.069712
54.0 -0.834275 0.015667 -0.049871
55.0 -0.738729 0.021530 -0.031205
56.0 -0.633921 0.033816 -0.011843
57.0 -0.521325 0.050278 0.007491
58.0 -0.401950 0.068923 0.025281
59.0 -0.276140 0.088201 0.039844
"Knee_R"
"Leg_R"
0 0.000000 0.000000 0.000000 0.000000 0.000000 0.000000
2
0.0 -0.017754 -3.568984 -0.099560
59.0 -0.017754 -3.568984 -0.099560
60
0.0 0.102160 0.000000 -0.000000
1.0000149999999906 0.169423 -0.000000 0.000000
2.0 0.398713 0.000000 0.000000
3.0 0.600284 0.000000 -0.000000
4.0 0.761355 0.000000 -0.000000
5.0 0.883562 0.000000 -0.000000
5.9999850000000094 0.975327 0.000000 -0.000000
7.0 1.045587 -0.000000 0.000000
7.9999850000000094 1.098288 0.000000 0.000000
9.0 1.132255 0.000000 -0.000000
9.99998500000001 1.162549 0.000000 -0.000000
11.0 1.189972 -0.000000 0.000001
12.0 1.203386 0.000000 0.000000
13.0 1.198019 -0.000000 0.000001
14.0 1.175845 0.000000 -0.000000
15.0 1.143760 0.000000 0.000000
16.0 1.111749 0.000000 -0.000000
17.0 1.089004 -0.000000 -0.000000
18.0 1.075938 0.000000 -0.000000
19.0 1.070058 0.000000 -0.000000
20.0 1.067890 0.000000 0.000000
21.0 1.048889 -0.000001 -0.000000
22.0 1.001135 -0.000000 0.000001
23.0 0.926952 0.000000 -0.000000
24.0 0.828564 0.000000 0.000000
25.0 0.709522 -0.000000 0.000000
26.0 0.576992 -0.000000 0.000000
27.0 0.447666 0.000000 0.000000
28.0 0.361921 -0.000000 0.000000
29.0 0.369096 -0.000000 0.000000
30.0 0.443112 0.000000 -0.000000
31.0 0.550446 0.000000 -0.000000
32.0 0.657835 -0.000001 -0.000000
33.0 0.748189 0.000000 0.000000
34.0 0.817627 -0.000001 -0.000000
35.0 0.871480 0.000000 -0.000000
36.0 0.920455 0.000000 -0.000000
37.0 0.976301 0.000000 0.000000
38.0 1.040543 0.000000 0.000000
39.0 1.099349 0.000000 -0.000000
40.0 1.142679 0.000000 -0.000000
41.0 1.174992 -0.000000 -0.000000
42.0 1.195022 0.000000 -0.000000
43.0 1.205128 -0.000001 0.000000
44.0 1.218457 0.000000 -0.000000
45.0 1.255401 0.000000 0.000000
46.0 1.350727 0.000000 0.000000
47.0 1.508423 -0.000001 0.000001
48.0 1.658428 0.000000 0.000000
49.0 1.757075 0.000000 0.000000
50.0 1.768846 0.000000 0.000000
51.0 1.724342 0.000000 0.000000
52.0 1.650110 -0.000001 0.000001
53.0 1.545754 0.000000 0.000000
54.0 1.412228 0.000000 0.000000
55.0 1.251163 0.000000 0.000000
56.0 1.064703 0.000000 0.000000
57.0 0.855219 0.000000 0.000000
58.0 0.624958 0.000000 -0.000000
59.0 0.375474 -0.000000 -0.000000
"Ankle_R"
"Knee_R"
0 0.000000 0.000000 0.000000 0.000000 0.000000 0.000000
2
0.0 -0.017922 -3.597377 -0.293055
59.0 -0.017922 -3.597377 -0.293055
60
0.0 0.310332 0.110199 0.052637
1.0000149999999906 0.259750 0.091620 0.047657
2.0 0.131526 0.065073 0.045746
3.0 0.019500 0.031722 0.058659
4.0 -0.072098 -0.004435 0.084622
5.0 -0.145824 -0.042263 0.118886
5.9999850000000094 -0.207219 -0.082032 0.156245
7.0 -0.261317 -0.123196 0.191910
7.9999850000000094 -0.306095 -0.158687 0.214305
9.0 -0.337099 -0.170692 0.209524
9.99998500000001 -0.365293 -0.162292 0.182948
11.0 -0.396954 -0.143754 0.136380
12.0 -0.430395 -0.127318 0.077730
13.0 -0.462567 -0.123873 0.023330
14.0 -0.488539 -0.141377 -0.013760
15.0 -0.507323 -0.166038 -0.035684
16.0 -0.522383 -0.192302 -0.040176
17.0 -0.538468 -0.219847 -0.028867
18.0 -0.556854 -0.249145 -0.011935
19.0 -0.575589 -0.279137 0.010534
20.0 -0.591935 -0.308428 0.038661
21.0 -0.593832 -0.336526 0.067628
22.0 -0.574619 -0.364037 0.093010
23.0 -0.535978 -0.391425 0.112685
24.0 -0.480931 -0.418923 0.124569
25.0 -0.413863 -0.446203 0.127082
26.0 -0.338846 -0.472049 0.120048
27.0 -0.265355 -0.494213 0.106718
28.0 -0.217048 -0.509429 0.098564
29.0 -0.223133 -0.513198 0.111509
30.0 -0.265330 -0.494815 0.132763
31.0 -0.322463 -0.460607 0.145789
32.0 -0.376547 -0.417151 0.142694
33.0 -0.419998 -0.369185 0.123659
34.0 -0.451625 -0.319493 0.094113
35.0 -0.474074 -0.270260 0.061637
36.0 -0.491575 -0.224503 0.033417
37.0 -0.508574 -0.187253 0.011992
38.0 -0.522646 -0.166209 0.000443
39.0 -0.523278 -0.164607 0.000869
40.0 -0.506141 -0.192836 0.021877
41.0 -0.477371 -0.252898 0.068564
42.0 -0.440829 -0.330615 0.131578
43.0 -0.394617 -0.400396 0.187522
44.0 -0.329745 -0.426934 0.195452
45.0 -0.242066 -0.414761 0.148382
46.0 -0.139426 -0.348451 0.116020
47.0 -0.102363 -0.262650 0.117061
48.0 -0.156223 -0.192954 0.138440
49.0 -0.213816 -0.151349 0.173752
50.0 -0.236112 -0.152839 0.203222
51.0 -0.248160 -0.200674 0.186897
52.0 -0.246935 -0.239474 0.140507
53.0 -0.215535 -0.222865 0.098179
54.0 -0.164451 -0.164831 0.081135
55.0 -0.107632 -0.101415 0.063376
56.0 -0.045992 -0.033961 0.046807
57.0 0.022378 0.030042 0.036492
58.0 0.101378 0.082010 0.035237
59.0 0.195384 0.112173 0.042528
