Bones: 47
"ParentNode"
""
16 0.000000 0.000000 0.000000 0.000000 0.000000 0.000000
2
0.0 0.000000 0.000000 -0.000000
59.0 0.000000 0.000000 -0.000000
2
0.0 3.141593 -0.000000 3.141593
59.0 3.141593 -0.000000 3.141593
"Center"
"ParentNode"
16 0.000000 0.000000 0.000000 0.000000 0.000000 0.000000
60
0.0 0.000006 8.297215 -0.000020
1.0 -0.074914 8.341036 0.030778
2.0 -0.150976 8.450627 0.061213
3.0 -0.225295 8.593179 0.088778
4.0 -0.294988 8.735883 0.110962
5.0 -0.357171 8.845930 0.125257
6.0 -0.408959 8.890515 0.129153
7.0 -0.447470 8.867694 0.112329
8.0 -0.469818 8.805461 0.071487
9.0 -0.473121 8.715910 0.014656
10.0 -0.443253 8.611136 -0.050139
11.0 -0.372374 8.503230 -0.114870
12.0 -0.267033 8.404287 -0.171509
13.0 -0.133775 8.326399 -0.221811
14.0 0.020851 8.281661 -0.270617
15.0 0.184633 8.280961 -0.314528
16.0 0.320661 8.320872 -0.350143
17.0 0.426033 8.391067 -0.374063
18.0 0.503918 8.481503 -0.382888
19.0 0.557486 8.582139 -0.374751
20.0 0.589906 8.682931 -0.357166
21.0 0.604346 8.773835 -0.332676
22.0 0.603977 8.844808 -0.302484
23.0 0.580909 8.885808 -0.267793
24.0 0.529570 8.882511 -0.229805
25.0 0.456606 8.812776 -0.189724
26.0 0.368662 8.697003 -0.148752
27.0 0.272385 8.561374 -0.108093
28.0 0.174420 8.432076 -0.068950
29.0 0.081411 8.335294 -0.032524
30.0 0.000006 8.297215 -0.000020
31.0 -0.074914 8.341036 0.030778
32.0 -0.150976 8.450627 0.061213
33.0 -0.225295 8.593179 0.088778
34.0 -0.294988 8.735883 0.110962
35.0 -0.357171 8.845930 0.125257
36.0 -0.408959 8.890515 0.129153
37.0 -0.447470 8.867694 0.112329
38.0 -0.469818 8.805461 0.071487
39.0 -0.473121 8.715910 0.014655
40.0 -0.443253 8.611136 -0.050139
41.0 -0.372375 8.503230 -0.114870
42.0 -0.267033 8.404287 -0.171509
43.0 -0.133775 8.326399 -0.221811
44.0 0.020852 8.281661 -0.270617
45.0 0.184633 8.280961 -0.314528
46.0 0.320661 8.320871 -0.350143
47.0 0.426033 8.391067 -0.374063
48.0 0.503918 8.481503 -0.382888
49.0 0.557486 8.582139 -0.374751
50.0 0.589906 8.682931 -0.357166
51.0 0.604346 8.773835 -0.332676
52.0 0.603977 8.844808 -0.302484
53.0 0.580909 8.885808 -0.267793
54.0 0.529570 8.882510 -0.229805
55.0 0.456606 8.812776 -0.189724
56.0 0.368662 8.697003 -0.148752
57.0 0.272385 8.561374 -0.108093
58.0 0.174419 8.432075 -0.068950
59.0 0.081411 8.335294 -0.032524
60
0.0 -0.153698 0.191272 0.025362
1.0 -0.157219 0.217518 0.002023
2.0 -0.159994 0.226456 -0.023860
3.0 -0.159653 0.222812 -0.051404
4.0 -0.153830 0.211313 -0.079726
5.0 -0.140157 0.164399 -0.107943
6.0 -0.116278 0.068725 -0.135173
7.0 -0.083938 -0.049650 -0.160533
8.0 -0.046919 -0.164671 -0.183141
9.0 -0.009004 -0.255837 -0.202112
10.0 0.026026 -0.338910 -0.216567
11.0 0.054388 -0.415095 -0.225620
12.0 0.072303 -0.480984 -0.228391
13.0 0.074819 -0.533169 -0.204600
14.0 0.055764 -0.568243 -0.146216
15.0 0.021989 -0.582797 -0.070729
16.0 -0.017969 -0.568711 0.004372
17.0 -0.055579 -0.526089 0.064350
18.0 -0.082307 -0.463858 0.114279
19.0 -0.092724 -0.390949 0.154878
20.0 -0.100112 -0.316288 0.184786
21.0 -0.107197 -0.247763 0.202643
22.0 -0.113958 -0.184578 0.207089
23.0 -0.120373 -0.125751 0.199639
24.0 -0.126419 -0.070959 0.184002
25.0 -0.132074 -0.019875 0.162104
26.0 -0.137315 0.027825 0.135873
27.0 -0.142121 0.072464 0.107234
28.0 -0.146468 0.114369 0.078117
29.0 -0.150335 0.153863 0.050447
30.0 -0.153698 0.191272 0.026151
31.0 -0.157219 0.217518 0.002895
32.0 -0.159994 0.226456 -0.022961
33.0 -0.159653 0.222812 -0.050532
34.0 -0.153830 0.211313 -0.078923
35.0 -0.140157 0.164398 -0.107241
36.0 -0.116272 0.068725 -0.134593
37.0 -0.083920 -0.049650 -0.160085
38.0 -0.046886 -0.164671 -0.182825
39.0 -0.008958 -0.255837 -0.201920
40.0 0.026077 -0.338911 -0.216473
41.0 0.054433 -0.415095 -0.225596
42.0 0.072324 -0.480984 -0.228391
43.0 0.074799 -0.533169 -0.204600
44.0 0.055725 -0.568243 -0.146216
45.0 0.021950 -0.582797 -0.070729
46.0 -0.017997 -0.568711 0.004372
47.0 -0.055592 -0.526088 0.064350
48.0 -0.082310 -0.463858 0.114279
49.0 -0.092788 -0.390949 0.154876
50.0 -0.100640 -0.316288 0.184786
51.0 -0.108518 -0.246855 0.202643
52.0 -0.116259 -0.177304 0.207089
53.0 -0.123701 -0.108070 0.197203
54.0 -0.130680 -0.041254 0.175641
55.0 -0.137034 0.021045 0.146410
56.0 -0.142598 0.076726 0.113512
57.0 -0.147210 0.123690 0.080954
58.0 -0.150706 0.159836 0.052739
59.0 -0.152923 0.183064 0.032874
"Groove"
"Center"
16 0.000000 0.000000 0.000000 0.000000 0.000000 0.000000
2
0.0 0.000000 0.365680 0.000000
59.0 0.000000 0.365680 0.000000
2
0.0 -0.000000 0.000000 0.000000
59.0 -0.000000 0.000000 -0.000000
"Waist"
"Groove"
16 0.000000 0.000000 0.000000 0.000000 0.000000 0.000000
2
0.0 0.000000 0.000000 0.000000
59.0 0.000000 0.000000 0.000000
2
0.0 0.000000 0.000000 0.000000
59.0 0.000000 0.000000 -0.000000
"UpperBody"
"Waist"
16 0.000000 0.000000 0.000000 0.000000 0.000000 0.000000
2
0.0 0.000000 0.008271 0.000000
59.0 0.000000 0.008271 0.000000
60
0.0 0.069530 -0.228351 -0.094029
1.0 0.091787 -0.139008 -0.100147
2.0 0.111520 -0.029339 -0.096879
3.0 0.126278 0.065256 -0.091004
4.0 0.131761 0.109547 -0.090205
5.0 0.121231 0.127188 -0.091725
6.0 0.091240 0.153679 -0.090012
7.0 0.047103 0.172009 -0.086115
8.0 -0.003070 0.165510 -0.078422
9.0 -0.052276 0.123090 -0.063424
10.0 -0.097494 0.069630 -0.038771
11.0 -0.133091 0.015098 -0.001651
12.0 -0.173184 -0.035624 0.063554
13.0 -0.234694 -0.071696 0.125020
14.0 -0.298427 -0.092314 0.165428
15.0 -0.346146 -0.108921 0.192186
16.0 -0.360491 -0.136235 0.210395
17.0 -0.330119 -0.180118 0.219825
18.0 -0.300243 -0.231922 0.204910
19.0 -0.279441 -0.283193 0.173672
20.0 -0.248584 -0.331415 0.140338
21.0 -0.209506 -0.369094 0.106791
22.0 -0.169291 -0.396592 0.075745
23.0 -0.136066 -0.414156 0.047717
24.0 -0.107475 -0.421206 0.021284
25.0 -0.076536 -0.417448 -0.003377
26.0 -0.044652 -0.402621 -0.026086
27.0 -0.013087 -0.376494 -0.046682
28.0 0.017068 -0.338851 -0.065056
29.0 0.044895 -0.289490 -0.081127
30.0 0.069672 -0.228219 -0.094826
31.0 0.091963 -0.138857 -0.101012
32.0 0.111708 -0.029180 -0.097749
33.0 0.126458 0.065408 -0.091832
34.0 0.131919 0.109682 -0.090963
35.0 0.121292 0.125065 -0.092757
36.0 0.091123 0.146060 -0.091555
37.0 0.046867 0.157559 -0.087740
38.0 -0.003264 0.144865 -0.079441
39.0 -0.052352 0.098871 -0.063440
40.0 -0.097525 0.046395 -0.037960
41.0 -0.133139 -0.000700 -0.000807
42.0 -0.173205 -0.035623 0.063553
43.0 -0.234675 -0.058132 0.125011
44.0 -0.298459 -0.076443 0.166279
45.0 -0.346242 -0.097548 0.193476
46.0 -0.360567 -0.131636 0.211165
47.0 -0.330106 -0.180122 0.219823
48.0 -0.300151 -0.233697 0.204522
49.0 -0.279206 -0.286199 0.173056
50.0 -0.247808 -0.335215 0.139477
51.0 -0.207948 -0.374162 0.105529
52.0 -0.167127 -0.407955 0.073505
53.0 -0.132778 -0.435814 0.046115
54.0 -0.102790 -0.454975 0.023346
55.0 -0.070903 -0.462596 0.003951
56.0 -0.038885 -0.455859 -0.013439
57.0 -0.008000 -0.431935 -0.030341
58.0 0.020872 -0.387962 -0.048353
59.0 0.047004 -0.321060 -0.069069
"UpperBody2"
"UpperBody"
16 0.000000 0.000000 0.000000 0.000000 0.000000 0.000000
2
0.0 0.000000 1.773770 -0.017027
59.0 0.000000 1.773770 -0.017027
2
0.0 -0.000000 0.000000 -0.000000
59.0 -0.000000 -0.000000 0.000000
"Neck"
"UpperBody2"
16 0.000000 0.000000 0.000000 0.000000 0.000000 0.000000
2
0.0 0.000000 1.675646 -0.389849
59.0 0.000000 1.675646 -0.389849
60
0.0 0.248722 0.125186 0.069327
1.0 0.212825 0.014090 0.149087
2.0 0.149063 -0.085606 0.219809
3.0 0.072390 -0.151720 0.282608
4.0 0.004229 -0.165011 0.334519
5.0 -0.041882 -0.134027 0.372907
6.0 -0.067128 -0.090501 0.398727
7.0 -0.071990 -0.050594 0.412873
8.0 -0.059322 0.003556 0.414806
9.0 -0.033399 0.093240 0.408591
10.0 0.002335 0.208469 0.400018
11.0 0.043849 0.340213 0.386028
12.0 0.105747 0.475726 0.351598
13.0 0.192159 0.595302 0.316033
14.0 0.278872 0.697707 0.279238
15.0 0.347173 0.790553 0.232834
16.0 0.366831 0.874395 0.155815
17.0 0.305286 0.938564 0.023923
18.0 0.223185 0.964569 -0.106476
19.0 0.148261 0.953464 -0.214052
20.0 0.084994 0.920242 -0.302694
21.0 0.047379 0.871523 -0.358640
22.0 0.040981 0.813519 -0.376870
23.0 0.066470 0.751110 -0.358275
24.0 0.109197 0.683224 -0.316731
25.0 0.152665 0.607040 -0.265322
26.0 0.192776 0.523070 -0.207703
27.0 0.226275 0.432094 -0.146598
28.0 0.250631 0.335142 -0.083985
29.0 0.263944 0.233419 -0.021377
30.0 0.264886 0.128164 0.039910
31.0 0.249902 0.017753 0.100116
32.0 0.216639 -0.083729 0.161457
33.0 0.172518 -0.152613 0.222993
34.0 0.127171 -0.167697 0.280031
35.0 0.083925 -0.134608 0.327368
36.0 0.048707 -0.084955 0.363227
37.0 0.025953 -0.037533 0.386385
38.0 0.016193 0.023357 0.394375
39.0 0.017225 0.117553 0.389786
40.0 0.027109 0.233970 0.377362
41.0 0.043686 0.362017 0.354223
42.0 0.086007 0.486644 0.307691
43.0 0.170485 0.598381 0.258467
44.0 0.274994 0.703854 0.211476
45.0 0.370872 0.804921 0.158827
46.0 0.417564 0.895887 0.076211
47.0 0.373604 0.960476 -0.065346
48.0 0.298978 0.982763 -0.204058
49.0 0.220177 0.967450 -0.314303
50.0 0.151423 0.929978 -0.401851
51.0 0.107859 0.877982 -0.454688
52.0 0.093798 0.818205 -0.469612
53.0 0.110060 0.755778 -0.447436
54.0 0.144759 0.688802 -0.397861
55.0 0.181249 0.613181 -0.334328
56.0 0.214590 0.528961 -0.261503
57.0 0.240812 0.436695 -0.182798
58.0 0.256782 0.337496 -0.100529
59.0 0.260056 0.232992 -0.016165
"Head"
"Neck"
16 0.000000 0.000000 0.000000 0.000000 0.000000 0.000000
2
0.0 0.000000 1.030088 0.191650
59.0 0.000000 1.030088 0.191650
60
0.0 0.172397 -0.043910 -0.023848
1.0 0.179784 -0.007139 -0.036302
2.0 0.198091 0.009955 -0.039153
3.0 0.224849 0.013075 -0.034826
4.0 0.257530 0.007768 -0.026074
5.0 0.293948 -0.000269 -0.015223
6.0 0.332384 -0.005073 -0.003708
7.0 0.371526 -0.000446 0.008062
8.0 0.409628 0.005770 0.019237
9.0 0.443562 0.003234 0.027309
10.0 0.470408 -0.005342 0.030570
11.0 0.487743 -0.017616 0.030041
12.0 0.493397 -0.032000 0.029785
13.0 0.489865 -0.046400 0.029391
14.0 0.481620 -0.058756 0.028052
15.0 0.469570 -0.066948 0.024912
16.0 0.454791 -0.068938 0.018936
17.0 0.437012 -0.063712 0.016535
18.0 0.415476 -0.049675 0.022996
19.0 0.391097 -0.025588 0.035092
20.0 0.364877 0.000068 0.048959
21.0 0.337862 0.023354 0.061809
22.0 0.311028 0.041384 0.071372
23.0 0.285109 0.049448 0.076334
24.0 0.260393 0.046744 0.077619
25.0 0.237138 0.036039 0.075609
26.0 0.215565 0.020117 0.070298
27.0 0.195901 0.001768 0.061372
28.0 0.178469 -0.016200 0.048240
29.0 0.163752 -0.030944 0.030095
30.0 0.152461 -0.039557 0.005967
31.0 0.141849 0.000071 0.012340
32.0 0.135380 0.018007 0.017513
33.0 0.133737 0.020585 0.022075
34.0 0.143648 0.013992 0.026216
35.0 0.175079 0.004247 0.029663
36.0 0.222598 -0.002191 0.032126
37.0 0.280440 0.001208 0.034742
38.0 0.341951 0.006502 0.040099
39.0 0.400147 0.002676 0.047938
40.0 0.448810 -0.008058 0.056134
41.0 0.481640 -0.022983 0.063433
42.0 0.492458 -0.039101 0.069606
43.0 0.477455 -0.053501 0.075053
44.0 0.442151 -0.064108 0.079660
45.0 0.394732 -0.069418 0.082362
46.0 0.343612 -0.068381 0.081265
47.0 0.295876 -0.060134 0.081700
48.0 0.258135 -0.042742 0.088023
49.0 0.235805 -0.015873 0.097248
50.0 0.217849 0.012264 0.108187
51.0 0.202286 0.037498 0.119216
52.0 0.189481 0.056679 0.128721
53.0 0.179709 0.064982 0.135077
54.0 0.173066 0.061381 0.135496
55.0 0.169001 0.048737 0.129189
56.0 0.166909 0.030034 0.115588
57.0 0.166304 0.008304 0.094072
58.0 0.166926 -0.013363 0.064036
59.0 0.168818 -0.031835 0.024906
"Shoulder_L"
"UpperBody2"
16 0.000000 0.000000 0.000000 0.000000 0.000000 0.000000
2
0.0 0.279484 1.034392 -0.527149
59.0 0.279484 1.034392 -0.527149
2
0.0 -0.000000 0.000000 -0.000000
59.0 -0.000000 0.000000 0.000000
"Arm_L"
"Shoulder_L"
16 0.000000 0.000000 0.000000 0.000000 0.000000 0.000000
2
0.0 1.060039 -0.000002 0.000000
59.0 1.060039 -0.000002 0.000000
60
0.0 0.053312 0.030129 -0.817709
1.0 0.098084 -0.007163 -0.786831
2.0 0.163741 -0.056735 -0.752241
3.0 0.229518 -0.090824 -0.713441
4.0 0.280120 -0.078149 -0.669343
5.0 0.315053 -0.017724 -0.625432
6.0 0.354133 0.055811 -0.589349
7.0 0.399842 0.129044 -0.564056
8.0 0.441121 0.203992 -0.550576
9.0 0.468469 0.278539 -0.549614
10.0 0.466981 0.353408 -0.561825
11.0 0.419723 0.426016 -0.596593
12.0 0.350907 0.463395 -0.678452
13.0 0.353239 0.420641 -0.762844
14.0 0.470733 0.272311 -0.831342
15.0 0.690933 0.046157 -0.900430
16.0 0.833290 -0.123335 -0.958061
17.0 0.852341 -0.200826 -0.957798
18.0 0.833502 -0.222980 -0.915452
19.0 0.793273 -0.213030 -0.867635
20.0 0.733258 -0.187210 -0.838160
21.0 0.665112 -0.154889 -0.828274
22.0 0.599509 -0.121298 -0.829360
23.0 0.541995 -0.091626 -0.837657
24.0 0.472892 -0.057758 -0.849267
25.0 0.379726 -0.017392 -0.860873
26.0 0.275425 0.019929 -0.869144
27.0 0.176282 0.045641 -0.870399
28.0 0.097927 0.054999 -0.861946
29.0 0.053258 0.048344 -0.843618
30.0 0.053312 0.030130 -0.817709
31.0 0.098084 -0.007164 -0.786831
32.0 0.163741 -0.056735 -0.752241
33.0 0.229518 -0.090824 -0.713441
34.0 0.280120 -0.078149 -0.669343
35.0 0.314177 -0.015169 -0.625260
36.0 0.351017 0.064558 -0.589139
37.0 0.393932 0.145316 -0.564266
38.0 0.432582 0.226854 -0.551637
39.0 0.458335 0.304844 -0.551624
40.0 0.457383 0.377941 -0.564354
41.0 0.413432 0.441965 -0.598625
42.0 0.352163 0.462730 -0.678200
43.0 0.360412 0.406485 -0.761863
44.0 0.475844 0.257123 -0.833116
45.0 0.694257 0.035713 -0.904214
46.0 0.835218 -0.127611 -0.960510
47.0 0.852342 -0.200826 -0.957798
48.0 0.832643 -0.221215 -0.914371
49.0 0.791811 -0.209910 -0.865979
50.0 0.731430 -0.183183 -0.836355
51.0 0.663074 -0.150409 -0.826587
52.0 0.597465 -0.116831 -0.827935
53.0 0.540032 -0.087490 -0.836519
54.0 0.466731 -0.051667 -0.848744
55.0 0.361395 -0.005294 -0.861883
56.0 0.240768 0.039510 -0.872588
57.0 0.128467 0.070447 -0.876031
58.0 0.048000 0.079657 -0.867864
59.0 0.017725 0.065515 -0.847369
"ArmTwist_L"
"Arm_L"
16 0.000000 0.000000 0.000000 0.000000 0.000000 0.000000
2
0.0 0.808398 -0.394175 0.036294
59.0 0.808398 -0.394175 0.036294
2
0.0 0.000000 0.000000 0.000000
59.0 0.000000 -0.000000 0.000000
"Elbow_L"
"ArmTwist_L"
16 0.000000 0.000000 0.000000 0.000000 0.000000 0.000000
2
0.0 0.889537 -0.480110 0.031842
59.0 0.889537 -0.480110 0.031842
60
0.0 -0.147239 -0.297685 0.021960
1.0 -0.152665 -0.307907 0.023573
2.0 -0.169556 -0.339252 0.028930
3.0 -0.198064 -0.390398 0.039082
4.0 -0.239906 -0.461205 0.056345
5.0 -0.290712 -0.540058 0.080718
6.0 -0.343958 -0.614301 0.109762
7.0 -0.397746 -0.680941 0.142202
8.0 -0.448009 -0.736190 0.174899
9.0 -0.490835 -0.778373 0.204307
10.0 -0.523657 -0.807917 0.227684
11.0 -0.539411 -0.821298 0.239138
12.0 -0.526280 -0.810179 0.229580
13.0 -0.502856 -0.789462 0.212788
14.0 -0.458553 -0.746976 0.182017
15.0 -0.412582 -0.697928 0.151633
16.0 -0.388169 -0.669666 0.136221
17.0 -0.396569 -0.679570 0.141462
18.0 -0.440632 -0.728481 0.169972
19.0 -0.501013 -0.787782 0.211484
20.0 -0.532627 -0.815597 0.234186
21.0 -0.529272 -0.812744 0.231749
22.0 -0.505848 -0.792173 0.214915
23.0 -0.464210 -0.752651 0.185869
24.0 -0.411477 -0.696683 0.150923
25.0 -0.355082 -0.628754 0.116232
26.0 -0.298373 -0.551265 0.084689
27.0 -0.244410 -0.468514 0.058359
28.0 -0.196840 -0.388248 0.038619
29.0 -0.161468 -0.324338 0.026302
30.0 -0.147240 -0.297687 0.021960
31.0 -0.152664 -0.307906 0.023573
32.0 -0.169556 -0.339252 0.028930
33.0 -0.198064 -0.390398 0.039082
34.0 -0.239907 -0.461207 0.056345
35.0 -0.290978 -0.540452 0.080854
36.0 -0.344357 -0.614827 0.109992
37.0 -0.397566 -0.680735 0.142089
38.0 -0.446503 -0.734626 0.173890
39.0 -0.487848 -0.775568 0.202214
40.0 -0.520088 -0.804814 0.225108
41.0 -0.537024 -0.819301 0.237392
42.0 -0.526278 -0.810179 0.229579
43.0 -0.500931 -0.787708 0.211424
44.0 -0.453091 -0.741420 0.178319
45.0 -0.406791 -0.691368 0.147928
46.0 -0.385278 -0.666213 0.134431
47.0 -0.396569 -0.679570 0.141463
48.0 -0.441954 -0.729873 0.170851
49.0 -0.503322 -0.789886 0.213119
50.0 -0.535427 -0.817962 0.236226
51.0 -0.532055 -0.815113 0.233770
52.0 -0.508283 -0.794365 0.216647
53.0 -0.466156 -0.754589 0.187199
54.0 -0.412925 -0.698313 0.151851
55.0 -0.356073 -0.630024 0.116815
56.0 -0.298995 -0.552168 0.085015
57.0 -0.244758 -0.469076 0.058518
58.0 -0.196998 -0.388525 0.038678
59.0 -0.161511 -0.324415 0.026316
"HandTwist_L"
"Elbow_L"
16 0.000000 0.000000 0.000000 0.000000 0.000000 0.000000
2
0.0 0.528521 -0.253861 0.003614
59.0 0.528521 -0.253861 0.003614
2
0.0 0.000000 0.000000 0.000000
59.0 0.000000 -0.000000 0.000000
"Wrist_L"
"HandTwist_L"
16 0.000000 0.000000 0.000000 0.000000 0.000000 0.000000
2
0.0 0.836198 -0.416934 0.014197
59.0 0.836198 -0.416934 0.014197
60
0.0 0.272529 0.339390 0.251726
1.0 0.348697 0.346608 0.258928
2.0 0.415734 0.356799 0.258153
3.0 0.471438 0.367644 0.249888
4.0 0.514101 0.377567 0.237583
5.0 0.542921 0.384058 0.222995
6.0 0.551765 0.396686 0.207380
7.0 0.542094 0.420467 0.191624
8.0 0.521003 0.442728 0.170428
9.0 0.494529 0.457450 0.139337
10.0 0.474860 0.459325 0.093706
11.0 0.474098 0.443791 0.031938
12.0 0.481168 0.439676 -0.026486
13.0 0.432261 0.491925 -0.067625
14.0 0.236415 0.567328 -0.127891
15.0 -0.134421 0.606627 -0.246700
16.0 -0.413945 0.549635 -0.348038
17.0 -0.508952 0.439700 -0.375206
18.0 -0.521651 0.344657 -0.371733
19.0 -0.482728 0.269883 -0.363467
20.0 -0.413394 0.179830 -0.363262
21.0 -0.326726 0.083185 -0.374191
22.0 -0.233129 -0.001126 -0.391731
23.0 -0.139377 -0.066720 -0.404619
24.0 -0.030549 -0.113935 -0.411598
25.0 0.093768 -0.132938 -0.392157
26.0 0.188509 -0.070025 -0.266346
27.0 0.235186 0.036140 -0.073659
28.0 0.238705 0.163661 0.105124
29.0 0.233121 0.282849 0.213684
30.0 0.272530 0.339391 0.251726
31.0 0.348697 0.346608 0.258928
32.0 0.415734 0.356799 0.258153
33.0 0.471438 0.367644 0.249888
34.0 0.514101 0.377567 0.237583
35.0 0.542680 0.383756 0.223094
36.0 0.550767 0.394982 0.207520
37.0 0.539856 0.416356 0.191595
38.0 0.517385 0.435887 0.170062
39.0 0.489858 0.448687 0.138723
40.0 0.469879 0.450699 0.093188
41.0 0.470228 0.438160 0.031818
42.0 0.480048 0.440127 -0.026207
43.0 0.432491 0.494929 -0.069135
44.0 0.236839 0.566996 -0.132650
45.0 -0.135395 0.603134 -0.251897
46.0 -0.414916 0.547144 -0.350274
47.0 -0.508953 0.439700 -0.375207
48.0 -0.521173 0.345727 -0.371013
49.0 -0.481833 0.271452 -0.362398
50.0 -0.412290 0.181446 -0.362147
51.0 -0.325604 0.084581 -0.373222
52.0 -0.232161 -0.000045 -0.390935
53.0 -0.138568 -0.065939 -0.404017
54.0 -0.025445 -0.113563 -0.414182
55.0 0.111646 -0.133489 -0.402826
56.0 0.223243 -0.075851 -0.283717
57.0 0.281624 0.018525 -0.090321
58.0 0.284308 0.136256 0.096028
59.0 0.264380 0.259534 0.212337
"Thumb0_L"
"Wrist_L"
16 0.000000 0.000000 0.000000 0.000000 0.000000 0.000000
2
0.0 0.130990 -0.250098 0.201497
59.0 0.130990 -0.250098 0.201497
2
0.0 -0.000000 -0.000000 -0.000000
59.0 -0.000000 -0.000000 0.000000
"Thumb1_L"
"Thumb0_L"
16 0.000000 0.000000 0.000000 0.000000 0.000000 0.000000
2
0.0 0.145329 -0.189805 0.284347
59.0 0.145329 -0.189805 0.284347
2
0.0 0.000000 -0.000000 -0.000000
59.0 0.000000 0.000000 0.000000
"IndexFinger1_L"
"Wrist_L"
16 0.000000 0.000000 0.000000 0.000000 0.000000 0.000000
2
0.0 0.618607 -0.362109 0.284672
59.0 0.618607 -0.362109 0.284672
2
0.0 -0.000000 0.000000 -0.000000
59.0 -0.000000 -0.000000 0.000000
"IndexFinger2_L"
"IndexFinger1_L"
16 0.000000 0.000000 0.000000 0.000000 0.000000 0.000000
2
0.0 0.220016 -0.160021 0.081681
59.0 0.220016 -0.160021 0.081681
2
0.0 0.000000 0.000000 0.000000
59.0 0.000000 0.000000 -0.000000
"MiddleFinger1_L"
"Wrist_L"
16 0.000000 0.000000 0.000000 0.000000 0.000000 0.000000
2
0.0 0.638407 -0.393435 0.124878
59.0 0.638407 -0.393435 0.124878
2
0.0 -0.000000 0.000000 -0.000000
59.0 -0.000000 -0.000000 0.000000
"MiddleFinger2_L"
"MiddleFinger1_L"
16 0.000000 0.000000 0.000000 0.000000 0.000000 0.000000
2
0.0 0.245583 -0.215245 0.025285
59.0 0.245583 -0.215245 0.025285
2
0.0 -0.000000 0.000000 -0.000000
59.0 -0.000000 -0.000000 0.000000
"RingFinger1_L"
"Wrist_L"
16 0.000000 0.000000 0.000000 0.000000 0.000000 0.000000
2
0.0 0.615964 -0.435541 -0.027128
59.0 0.615964 -0.435541 -0.027128
2
0.0 -0.000000 -0.000000 -0.000000
59.0 -0.000000 -0.000000 0.000000
"RingFinger2_L"
"RingFinger1_L"
16 0.000000 0.000000 0.000000 0.000000 0.000000 0.000000
2
0.0 0.225554 -0.241848 -0.032213
59.0 0.225554 -0.241848 -0.032213
2
0.0 -0.000000 0.000000 -0.000000
59.0 -0.000000 0.000000 0.000000
"LittleFinger1_L"
"Wrist_L"
16 0.000000 0.000000 0.000000 0.000000 0.000000 0.000000
2
0.0 0.528648 -0.422338 -0.218566
59.0 0.528648 -0.422338 -0.218566
2
0.0 -0.000000 -0.000000 -0.000000
59.0 -0.000000 -0.000000 0.000000
"LittleFinger2_L"
"LittleFinger1_L"
16 0.000000 0.000000 0.000000 0.000000 0.000000 0.000000
2
0.0 0.147169 -0.205526 -0.045732
59.0 0.147169 -0.205526 -0.045732
2
0.0 0.000000 0.000000 -0.000000
59.0 -0.000000 0.000000 0.000000
"Shoulder_R"
"UpperBody2"
16 0.000000 0.000000 0.000000 0.000000 0.000000 0.000000
2
0.0 -0.279484 1.034389 -0.527149
59.0 -0.279484 1.034389 -0.527149
2
0.0 -0.000000 -0.000000 0.000000
59.0 -0.000000 -0.000000 0.000000
"Arm_R"
"Shoulder_R"
16 0.000000 0.000000 0.000000 0.000000 0.000000 0.000000
2
0.0 -1.060039 0.000001 0.000000
59.0 -1.060039 0.000001 0.000000
60
0.0 1.216200 0.497543 1.137753
1.0 1.146827 0.474599 1.091660
2.0 1.051051 0.437969 1.022948
3.0 0.967140 0.399187 0.955265
4.0 0.924969 0.378745 0.905486
5.0 0.928374 0.374763 0.874604
6.0 0.956563 0.364907 0.850864
7.0 0.989467 0.348734 0.829271
8.0 1.006972 0.320475 0.803116
9.0 0.985571 0.265356 0.765361
10.0 0.912357 0.166758 0.724469
11.0 0.797530 0.034850 0.689690
12.0 0.669847 -0.117207 0.652047
13.0 0.541281 -0.275011 0.621681
14.0 0.386826 -0.426878 0.611369
15.0 0.225835 -0.527703 0.622744
16.0 0.161020 -0.559690 0.618118
17.0 0.186242 -0.523074 0.611385
18.0 0.305730 -0.418356 0.621167
19.0 0.499590 -0.258085 0.672268
20.0 0.682368 -0.105357 0.753044
21.0 0.777893 0.002671 0.811649
22.0 0.826553 0.087662 0.840212
23.0 0.866065 0.168211 0.856512
24.0 0.908740 0.252942 0.879846
25.0 0.964611 0.342827 0.926318
26.0 1.040501 0.431618 1.013639
27.0 1.131374 0.491405 1.113458
28.0 1.205757 0.515229 1.179176
29.0 1.234690 0.505893 1.154220
30.0 1.216199 0.497543 1.137753
31.0 1.144327 0.473982 1.090750
32.0 1.044676 0.435921 1.020910
33.0 0.957447 0.395420 0.952654
34.0 0.912844 0.373443 0.902700
35.0 0.916099 0.370506 0.872561
36.0 0.947294 0.365595 0.850621
37.0 0.987542 0.357690 0.831643
38.0 1.013194 0.338111 0.807878
39.0 0.996907 0.289141 0.770933
40.0 0.924317 0.191541 0.728686
41.0 0.805190 0.052244 0.691451
42.0 0.669846 -0.117206 0.652047
43.0 0.536103 -0.290941 0.620731
44.0 0.380779 -0.446534 0.610157
45.0 0.221611 -0.542376 0.621793
46.0 0.160653 -0.565345 0.617280
47.0 0.187476 -0.522472 0.611134
48.0 0.306553 -0.415672 0.621575
49.0 0.499856 -0.254295 0.673285
50.0 0.683086 -0.100886 0.754575
51.0 0.782187 0.002905 0.809102
52.0 0.833318 0.080999 0.827854
53.0 0.867643 0.158594 0.832130
54.0 0.897384 0.244994 0.839903
55.0 0.935774 0.338582 0.861893
56.0 0.994530 0.427453 0.905233
57.0 1.073177 0.494250 0.968631
58.0 1.150733 0.527620 1.035289
59.0 1.202211 0.527767 1.090686
"ArmTwist_R"
"Arm_R"
16 0.000000 0.000000 0.000000 0.000000 0.000000 0.000000
2
0.0 -0.994506 -0.455839 0.036284
59.0 -0.994506 -0.455839 0.036284
2
0.0 -0.000000 0.000000 0.000000
59.0 0.000000 0.000000 -0.000000
"Elbow_R"
"ArmTwist_R"
16 0.000000 0.000000 0.000000 0.000000 0.000000 0.000000
2
0.0 -0.734636 -0.427948 -0.091188
59.0 -0.734636 -0.427948 -0.091188
60
0.0 -0.102685 0.212210 -0.011102
1.0 -0.146468 0.297629 -0.022198
2.0 -0.194729 0.386244 -0.038446
3.0 -0.244457 0.470527 -0.059168
4.0 -0.294907 0.548302 -0.083834
5.0 -0.347535 0.621156 -0.112947
6.0 -0.391901 0.676287 -0.139795
7.0 -0.425431 0.714370 -0.161302
8.0 -0.456290 0.746871 -0.181917
9.0 -0.501735 0.790597 -0.213546
10.0 -0.565495 0.844468 -0.260114
11.0 -0.609350 0.877023 -0.293397
12.0 -0.648010 0.903021 -0.323460
13.0 -0.655271 0.907640 -0.329174
14.0 -0.604345 0.873478 -0.289552
15.0 -0.493419 0.782948 -0.207653
16.0 -0.417922 0.706102 -0.156401
17.0 -0.351629 0.626478 -0.115341
18.0 -0.283132 0.530851 -0.077775
19.0 -0.218995 0.428301 -0.048081
20.0 -0.175570 0.351828 -0.031515
21.0 -0.153075 0.310127 -0.024180
22.0 -0.147387 0.299378 -0.022469
23.0 -0.144120 0.293161 -0.021511
24.0 -0.126633 0.259462 -0.016723
25.0 -0.087642 0.181950 -0.008140
26.0 -0.021770 0.045725 -0.000568
27.0 0.027700 -0.058162 -0.000823
28.0 0.027700 -0.058160 -0.000822
29.0 -0.056273 0.117680 -0.003423
30.0 -0.102685 0.212210 -0.011101
31.0 -0.146466 0.297627 -0.022197
32.0 -0.194732 0.386246 -0.038446
33.0 -0.244454 0.470524 -0.059166
34.0 -0.294907 0.548301 -0.083835
35.0 -0.347113 0.620605 -0.112702
36.0 -0.390539 0.674677 -0.138942
37.0 -0.423124 0.711846 -0.159791
38.0 -0.453348 0.743874 -0.179921
39.0 -0.498540 0.787679 -0.211278
40.0 -0.562602 0.842200 -0.257952
41.0 -0.607521 0.875733 -0.291990
42.0 -0.648006 0.903019 -0.323455
43.0 -0.659371 0.910215 -0.332410
44.0 -0.611597 0.878600 -0.295126
45.0 -0.499817 0.788848 -0.212184
46.0 -0.420811 0.709300 -0.158280
47.0 -0.351621 0.626468 -0.115336
48.0 -0.282099 0.529301 -0.077254
49.0 -0.217377 0.425551 -0.047409
50.0 -0.173677 0.348372 -0.030864
51.0 -0.160702 0.324416 -0.026568
52.0 -0.180059 0.359986 -0.033084
53.0 -0.205043 0.404331 -0.042427
54.0 -0.213074 0.418200 -0.045645
55.0 -0.198093 0.392175 -0.039725
56.0 -0.167327 0.336705 -0.028724
57.0 -0.138080 0.281605 -0.019794
58.0 -0.123170 0.252708 -0.015842
59.0 -0.117184 0.240966 -0.014374
"HandTwist_R"
"Elbow_R"
16 0.000000 0.000000 0.000000 0.000000 0.000000 0.000000
2
0.0 -0.528521 -0.253861 0.003614
59.0 -0.528521 -0.253861 0.003614
2
0.0 -0.000000 -0.000000 0.000000
59.0 -0.000000 -0.000000 -0.000000
"Wrist_R"
"HandTwist_R"
16 0.000000 0.000000 0.000000 0.000000 0.000000 0.000000
2
0.0 -0.870379 -0.399868 0.073340
59.0 -0.870379 -0.399868 0.073340
60
0.0 0.018650 -0.289193 -0.120305
1.0 0.154007 -0.255925 -0.185872
2.0 0.283212 -0.214558 -0.187806
3.0 0.308165 -0.137971 -0.117350
4.0 0.258605 -0.051572 -0.045710
5.0 0.235462 -0.041376 -0.031548
6.0 0.193146 0.009252 -0.048894
7.0 0.134719 0.095105 -0.082212
8.0 0.078793 0.180630 -0.116398
9.0 0.059772 0.237303 -0.128180
10.0 0.107704 0.259886 -0.111386
11.0 0.157277 0.278660 -0.091826
12.0 0.119588 0.239543 -0.113811
13.0 0.013253 0.093721 -0.151907
14.0 -0.124069 -0.119824 -0.150344
15.0 -0.557736 -0.467278 -0.076046
16.0 -1.023649 -0.679277 0.214749
17.0 -0.951481 -0.681538 0.312871
18.0 -0.771845 -0.670938 0.282385
19.0 -0.630171 -0.641214 0.202234
20.0 -0.556791 -0.573119 0.123609
21.0 -0.479150 -0.469414 0.076642
22.0 -0.380283 -0.369847 0.079525
23.0 -0.301642 -0.283436 0.125800
24.0 -0.252940 -0.202364 0.190329
25.0 -0.225167 -0.133283 0.227888
26.0 -0.206019 -0.097573 0.218941
27.0 -0.197179 -0.113521 0.166128
28.0 -0.178722 -0.168649 0.079378
29.0 -0.086095 -0.286419 -0.029874
30.0 0.016151 -0.290556 -0.121993
31.0 0.154501 -0.255176 -0.188054
32.0 0.287561 -0.210920 -0.189254
33.0 0.315910 -0.132682 -0.116832
34.0 0.268829 -0.045821 -0.042594
35.0 0.246815 -0.035343 -0.026046
36.0 0.204029 0.015044 -0.040460
37.0 0.142006 0.098793 -0.072715
38.0 0.081584 0.181133 -0.107924
39.0 0.059192 0.234758 -0.121771
40.0 0.105611 0.255411 -0.107469
41.0 0.155779 0.274880 -0.090064
42.0 0.117397 0.238941 -0.115682
43.0 0.011035 0.094947 -0.155593
44.0 -0.122460 -0.117855 -0.152335
45.0 -0.555267 -0.465017 -0.078171
46.0 -1.024093 -0.680119 0.213903
47.0 -0.953018 -0.681703 0.313270
48.0 -0.772737 -0.670524 0.283112
49.0 -0.630203 -0.640047 0.203205
50.0 -0.557075 -0.571425 0.125020
51.0 -0.474327 -0.479846 0.075758
52.0 -0.358536 -0.416765 0.074541
53.0 -0.262292 -0.375421 0.123540
54.0 -0.202250 -0.340217 0.200131
55.0 -0.163819 -0.315000 0.254345
56.0 -0.123559 -0.331192 0.257266
57.0 -0.090996 -0.365628 0.206333
58.0 -0.065416 -0.381586 0.112164
59.0 -0.025816 -0.366734 -0.004552
"Thumb0_R"
"Wrist_R"
16 0.000000 0.000000 0.000000 0.000000 0.000000 0.000000
2
0.0 -0.158069 -0.224803 0.220884
59.0 -0.158069 -0.224803 0.220884
2
0.0 0.000000 -0.000000 0.000000
59.0 -0.000000 -0.000000 -0.000000
"Thumb1_R"
"Thumb0_R"
16 0.000000 0.000000 0.000000 0.000000 0.000000 0.000000
2
0.0 -0.163585 -0.157680 0.301649
59.0 -0.163585 -0.157680 0.301649
2
0.0 0.000000 -0.000000 0.000000
59.0 -0.000000 -0.000000 -0.000000
"IndexFinger1_R"
"Wrist_R"
16 0.000000 0.000000 0.000000 0.000000 0.000000 0.000000
2
0.0 -0.661950 -0.273889 0.318644
59.0 -0.661950 -0.273889 0.318644
2
0.0 0.000000 0.000000 0.000000
59.0 -0.000000 -0.000000 -0.000000
"IndexFinger2_R"
"IndexFinger1_R"
16 0.000000 0.000000 0.000000 0.000000 0.000000 0.000000
2
0.0 -0.239599 -0.129983 0.095293
59.0 -0.239599 -0.129983 0.095293
2
0.0 0.000000 -0.000000 -0.000000
59.0 -0.000000 -0.000000 -0.000000
"MiddleFinger1_R"
"Wrist_R"
16 0.000000 0.000000 0.000000 0.000000 0.000000 0.000000
2
0.0 -0.689032 -0.312025 0.158583
59.0 -0.689032 -0.312025 0.158583
2
0.0 0.000000 -0.000000 0.000000
59.0 -0.000000 -0.000000 -0.000000
"MiddleFinger2_R"
"MiddleFinger1_R"
16 0.000000 0.000000 0.000000 0.000000 0.000000 0.000000
2
0.0 -0.273219 -0.185705 0.041635
59.0 -0.273219 -0.185705 0.041635
2
0.0 -0.000000 -0.000000 0.000000
59.0 -0.000000 -0.000000 -0.000000
"RingFinger1_R"
"Wrist_R"
16 0.000000 0.000000 0.000000 0.000000 0.000000 0.000000
2
0.0 -0.674614 -0.365719 0.006463
59.0 -0.674614 -0.365719 0.006463
2
0.0 -0.000000 -0.000000 0.000000
59.0 -0.000000 -0.000000 -0.000000
"RingFinger2_R"
"RingFinger1_R"
16 0.000000 0.000000 0.000000 0.000000 0.000000 0.000000
2
0.0 -0.257406 -0.218169 -0.015446
59.0 -0.257406 -0.218169 -0.015446
2
0.0 0.000000 -0.000000 -0.000000
59.0 0.000000 -0.000000 -0.000000
"LittleFinger1_R"
"Wrist_R"
16 0.000000 0.000000 0.000000 0.000000 0.000000 0.000000
2
0.0 -0.588894 -0.373755 -0.189803
59.0 -0.588894 -0.373755 -0.189803
2
0.0 0.000000 -0.000000 0.000000
59.0 -0.000000 -0.000000 -0.000000
"LittleFinger2_R"
"LittleFinger1_R"
16 0.000000 0.000000 0.000000 0.000000 0.000000 0.000000
2
0.0 -0.174209 -0.191837 -0.032379
59.0 -0.174209 -0.191837 -0.032379
2
0.0 0.000000 0.000000 0.000000
59.0 -0.000000 -0.000000 -0.000000
"LowerBody"
"Waist"
16 0.000000 0.000000 0.000000 0.000000 0.000000 0.000000
2
0.0 0.000000 -0.008272 0.000000
59.0 0.000000 -0.008272 0.000000
2
0.0 0.000000 0.000000 0.000000
59.0 -0.000000 -0.000000 -0.000000
"Leg_L"
"LowerBody"
16 0.000000 0.000000 0.000000 0.000000 0.000000 0.000000
2
0.0 0.781769 -1.091883 -0.354948
59.0 0.781769 -1.091883 -0.354948
60
0.0 -0.088950 0.012338 0.262559
1.0 -0.125239 -0.027224 0.285966
2.0 -0.171834 -0.068295 0.311381
3.0 -0.202869 -0.109642 0.336268
4.0 -0.197795 -0.150037 0.357921
5.0 -0.157936 -0.163268 0.380740
6.0 -0.119438 -0.139376 0.407674
7.0 -0.093081 -0.102136 0.432988
8.0 -0.069090 -0.073295 0.450946
9.0 -0.049843 -0.070915 0.459451
10.0 -0.027275 -0.074339 0.452619
11.0 -0.009797 -0.075820 0.428583
12.0 0.001442 -0.075608 0.393914
13.0 0.001131 -0.058355 0.340516
14.0 -0.006951 -0.024508 0.267675
15.0 -0.011438 0.031797 0.197910
16.0 -0.000834 0.089921 0.144088
17.0 0.030866 0.137112 0.112180
18.0 0.077797 0.169688 0.088163
19.0 0.145988 0.183027 0.065638
20.0 0.309376 0.177173 0.048485
21.0 0.297029 0.172499 0.039798
22.0 0.291039 0.169529 0.042273
23.0 0.289151 0.165002 0.056163
24.0 0.288095 0.156689 0.078757
25.0 0.286290 0.143280 0.108419
26.0 0.282133 0.124817 0.142341
27.0 0.215788 0.101746 0.177606
28.0 0.046073 0.074747 0.211297
29.0 -0.038706 0.044622 0.240425
30.0 -0.087082 0.012151 0.261877
31.0 -0.129465 -0.022657 0.280860
32.0 -0.176511 -0.059975 0.303649
33.0 -0.206302 -0.099439 0.327457
34.0 -0.200764 -0.140467 0.349458
35.0 -0.161384 -0.156556 0.373747
36.0 -0.122629 -0.136688 0.402581
37.0 -0.095184 -0.103071 0.429728
38.0 -0.069864 -0.076313 0.449111
39.0 -0.049913 -0.073903 0.458385
40.0 -0.027329 -0.075883 0.452010
41.0 -0.009854 -0.076050 0.428470
42.0 0.001418 -0.075619 0.393908
43.0 0.001155 -0.058371 0.340512
44.0 -0.006903 -0.024511 0.267677
45.0 -0.011390 0.031804 0.197917
46.0 -0.001067 0.089877 0.144150
47.0 0.028627 0.136783 0.112534
48.0 0.071723 0.169088 0.088815
49.0 0.132946 0.182300 0.066462
50.0 0.306582 0.176643 0.049174
51.0 0.295169 0.172651 0.038728
52.0 0.291107 0.165925 0.037694
53.0 0.292340 0.153806 0.050029
54.0 0.291446 0.136045 0.074767
55.0 0.286227 0.113730 0.108259
56.0 0.276155 0.089109 0.146174
57.0 0.101064 0.064534 0.184465
58.0 -0.010868 0.042194 0.219308
59.0 -0.072805 0.024118 0.246779
"Knee_L"
"Leg_L"
16 0.000000 0.000000 0.000000 0.000000 0.000000 0.000000
2
0.0 0.010519 -3.662410 0.069264
59.0 0.010519 -3.662410 0.069264
60
0.0 0.601994 0.000000 0.000000
1.0 0.645669 -0.000000 0.000000
2.0 0.719260 -0.000000 0.000000
3.0 0.764465 -0.000000 -0.000000
4.0 0.732847 -0.000001 -0.000000
5.0 0.650866 -0.000000 -0.000000
6.0 0.607534 -0.000000 0.000000
7.0 0.610537 0.000000 0.000000
8.0 0.630580 -0.000000 -0.000000
9.0 0.654878 0.000000 -0.000000
10.0 0.682514 0.000000 0.000000
11.0 0.718514 -0.000000 0.000001
12.0 0.756131 -0.000000 -0.000000
13.0 0.785698 -0.000000 -0.000000
14.0 0.796256 0.000000 0.000000
15.0 0.777121 0.000000 -0.000000
16.0 0.724149 0.000000 0.000000
17.0 0.637527 -0.000000 0.000000
18.0 0.511090 -0.000000 -0.000000
19.0 0.322027 0.000000 -0.000000
20.0 -0.047762 -0.000000 -0.000000
21.0 -0.047762 0.000000 -0.000000
22.0 -0.047762 0.000000 -0.000000
23.0 -0.047763 -0.000000 -0.000000
24.0 -0.047762 0.000000 -0.000000
25.0 -0.047762 -0.000000 0.000000
26.0 -0.047762 -0.000000 -0.000000
27.0 0.071049 -0.000000 0.000000
28.0 0.391411 0.000000 0.000000
29.0 0.534770 0.000000 0.000000
30.0 0.600975 0.000000 -0.000000
31.0 0.660180 0.000000 -0.000000
32.0 0.736254 0.000000 -0.000000
33.0 0.778873 -0.000000 0.000000
34.0 0.745004 -0.000000 0.000000
35.0 0.661727 0.000000 -0.000000
36.0 0.615481 0.000000 0.000000
37.0 0.614807 -0.000000 -0.000000
38.0 0.631844 -0.000000 0.000000
39.0 0.654893 -0.000000 -0.000000
40.0 0.682519 0.000000 0.000000
41.0 0.718521 0.000000 -0.000000
42.0 0.756134 -0.000000 -0.000000
43.0 0.785696 0.000000 -0.000000
44.0 0.796249 0.000000 -0.000000
45.0 0.777115 0.000000 -0.000000
46.0 0.724479 0.000000 0.000000
47.0 0.640464 0.000000 -0.000000
48.0 0.519604 -0.000000 -0.000000
49.0 0.342711 -0.000000 0.000000
50.0 -0.047762 0.000000 -0.000000
51.0 -0.047762 0.000000 -0.000000
52.0 -0.047762 0.000000 -0.000000
53.0 -0.047763 -0.000000 -0.000000
54.0 -0.047762 0.000000 0.000000
55.0 -0.047762 0.000000 0.000000
56.0 -0.047762 -0.000000 -0.000000
57.0 0.277578 -0.000000 0.000000
58.0 0.474232 0.000000 0.000000
59.0 0.576689 0.000000 -0.000000
"Ankle_L"
"Knee_L"
16 0.000000 0.000000 0.000000 0.000000 0.000000 0.000000
2
0.0 0.008034 -3.222872 -0.488758
59.0 0.008034 -3.222872 -0.488758
60
0.0 -0.219507 -0.069573 -0.213064
1.0 -0.162477 -0.061416 -0.221022
2.0 -0.052398 -0.054581 -0.234862
3.0 0.074335 -0.043577 -0.251694
4.0 0.176378 -0.021434 -0.266805
5.0 0.239126 0.010556 -0.278916
6.0 0.263230 0.042485 -0.292217
7.0 0.248639 0.073352 -0.307299
8.0 0.211216 0.096307 -0.316476
9.0 0.163249 0.107538 -0.311240
10.0 0.111826 0.100078 -0.277991
11.0 0.064613 0.088842 -0.223503
12.0 0.026373 0.107980 -0.184169
13.0 -0.001016 0.161702 -0.178073
14.0 -0.018222 0.226930 -0.194553
15.0 -0.020107 0.262470 -0.210774
16.0 -0.003889 0.246859 -0.222126
17.0 0.037094 0.175123 -0.218923
18.0 0.101717 0.083032 -0.218848
19.0 0.197475 0.001639 -0.231443
20.0 0.377358 -0.035716 -0.258132
21.0 0.372763 -0.106902 -0.277007
22.0 0.362774 -0.167508 -0.291155
23.0 0.345623 -0.210431 -0.301447
24.0 0.319174 -0.227026 -0.307946
25.0 0.277086 -0.210933 -0.309511
26.0 0.225254 -0.171199 -0.303466
27.0 0.113789 -0.135566 -0.280722
28.0 -0.090119 -0.120293 -0.242921
29.0 -0.189367 -0.088086 -0.222674
30.0 -0.220206 -0.069531 -0.213216
31.0 -0.171844 -0.065275 -0.214492
32.0 -0.062974 -0.060560 -0.224099
33.0 0.065752 -0.050162 -0.239179
34.0 0.169867 -0.027594 -0.255255
35.0 0.233880 0.006065 -0.270331
36.0 0.259383 0.041106 -0.287194
37.0 0.246144 0.074919 -0.305539
38.0 0.209723 0.099408 -0.316966
39.0 0.162358 0.110400 -0.312334
40.0 0.111405 0.101593 -0.278580
41.0 0.064563 0.089081 -0.223592
42.0 0.026372 0.107988 -0.184167
43.0 -0.001024 0.161734 -0.178098
44.0 -0.018242 0.227011 -0.194628
45.0 -0.020136 0.262582 -0.210878
46.0 -0.003966 0.246916 -0.222276
47.0 0.036464 0.174931 -0.219448
48.0 0.099416 0.082455 -0.219788
49.0 0.190180 -0.000039 -0.232385
50.0 0.380594 -0.034734 -0.258901
51.0 0.375928 -0.106591 -0.273186
52.0 0.364540 -0.168625 -0.277497
53.0 0.344192 -0.214065 -0.276431
54.0 0.316990 -0.233423 -0.274210
55.0 0.279912 -0.220001 -0.272632
56.0 0.237120 -0.182416 -0.271667
57.0 0.033882 -0.173259 -0.247793
58.0 -0.104483 -0.139766 -0.230009
59.0 -0.190780 -0.097689 -0.212597
"Leg_R"
"LowerBody"
16 0.000000 0.000000 0.000000 0.000000 0.000000 0.000000
2
0.0 -0.702179 -1.091884 -0.354947
59.0 -0.702179 -1.091884 -0.354947
60
0.0 0.000136 -0.174042 -0.374537
1.0 0.014435 -0.178012 -0.337457
2.0 0.026177 -0.161444 -0.290664
3.0 0.039574 -0.134209 -0.239965
4.0 0.057424 -0.106559 -0.190098
5.0 0.068196 -0.057024 -0.139306
6.0 0.047807 0.023036 -0.091541
7.0 -0.009927 0.102889 -0.055982
8.0 -0.078281 0.149375 -0.034504
9.0 -0.146493 0.160161 -0.022677
10.0 -0.208795 0.176368 -0.020538
11.0 -0.261635 0.201639 -0.028997
12.0 -0.302383 0.234514 -0.046051
13.0 -0.343444 0.270527 -0.090401
14.0 -0.382640 0.308335 -0.166956
15.0 -0.405137 0.352938 -0.256772
16.0 -0.391752 0.396869 -0.339857
17.0 -0.329777 0.437078 -0.403816
18.0 -0.190777 0.469466 -0.456925
19.0 -0.121709 0.491211 -0.501509
20.0 -0.083348 0.509866 -0.528606
21.0 -0.037520 0.524931 -0.536074
22.0 0.013403 0.527836 -0.524443
23.0 0.065324 0.509630 -0.498667
24.0 0.113152 0.453322 -0.468712
25.0 0.153926 0.356431 -0.443845
26.0 0.188717 0.232291 -0.426618
27.0 0.145583 0.097172 -0.415973
28.0 0.034640 -0.029100 -0.408258
29.0 -0.000126 -0.125871 -0.397451
30.0 0.000162 -0.173920 -0.375491
31.0 0.014478 -0.177896 -0.338517
32.0 0.026202 -0.161292 -0.291743
33.0 0.039550 -0.134037 -0.240993
34.0 0.057318 -0.106409 -0.191036
35.0 0.067951 -0.056936 -0.140126
36.0 0.047434 0.023060 -0.092221
37.0 -0.010285 0.102883 -0.056512
38.0 -0.078564 0.149358 -0.034882
39.0 -0.146692 0.160100 -0.022911
40.0 -0.208918 0.176221 -0.020651
41.0 -0.261694 0.201409 -0.029014
42.0 -0.302397 0.234256 -0.046025
43.0 -0.343417 0.270348 -0.090366
44.0 -0.382606 0.308396 -0.166952
45.0 -0.405125 0.353256 -0.256825
46.0 -0.391767 0.397292 -0.339942
47.0 -0.329804 0.437500 -0.403902
48.0 -0.190809 0.469834 -0.456996
49.0 -0.121655 0.491529 -0.501519
50.0 -0.082747 0.510358 -0.528341
51.0 -0.035358 0.525078 -0.535114
52.0 0.021012 0.523290 -0.521586
53.0 0.081066 0.496905 -0.490754
54.0 0.136741 0.429876 -0.453307
55.0 0.182681 0.321635 -0.422327
56.0 0.219392 0.188127 -0.402090
57.0 0.197211 0.048589 -0.391990
58.0 0.066564 -0.073943 -0.388199
59.0 0.019083 -0.155579 -0.384625
"Knee_R"
"Leg_R"
16 0.000000 0.000000 0.000000 0.000000 0.000000 0.000000
2
0.0 -0.013094 -3.662405 0.069269
59.0 -0.013094 -3.662405 0.069269
60
0.0 0.559867 0.000000 0.000000
1.0 0.545435 0.000000 0.000000
2.0 0.497335 0.000000 0.000000
3.0 0.422318 0.000000 0.000000
4.0 0.327669 -0.000000 0.000000
5.0 0.230913 0.000000 0.000000
6.0 0.178919 0.000000 -0.000000
7.0 0.193167 0.000000 -0.000000
8.0 0.230358 0.000000 0.000000
9.0 0.276939 -0.000000 -0.000000
10.0 0.318465 0.000000 -0.000000
11.0 0.349324 0.000000 0.000000
12.0 0.369195 -0.000000 -0.000000
13.0 0.387137 -0.000000 0.000000
14.0 0.401469 0.000000 -0.000000
15.0 0.397522 0.000000 -0.000000
16.0 0.357297 0.000000 0.000000
17.0 0.264324 0.000000 0.000000
18.0 0.036563 0.000000 0.000000
19.0 -0.047762 -0.000000 -0.000000
20.0 -0.047762 -0.000000 0.000000
21.0 -0.047763 -0.000000 -0.000000
22.0 -0.047762 -0.000000 0.000000
23.0 -0.047763 -0.000000 0.000000
24.0 -0.047763 -0.000000 0.000000
25.0 -0.047762 -0.000000 0.000000
26.0 -0.047763 -0.000000 -0.000000
27.0 0.102566 -0.000000 -0.000000
28.0 0.386815 0.000000 -0.000000
29.0 0.513820 0.000000 0.000000
30.0 0.560060 0.000000 0.000000
31.0 0.545687 0.000000 0.000000
32.0 0.497667 -0.000000 0.000001
33.0 0.422747 -0.000000 0.000000
34.0 0.328228 -0.000000 0.000000
35.0 0.231649 0.000000 0.000000
36.0 0.179737 0.000000 -0.000000
37.0 0.193788 0.000000 0.000000
38.0 0.230726 0.000000 -0.000000
39.0 0.277116 0.000000 -0.000000
40.0 0.318521 0.000000 -0.000000
41.0 0.349322 0.000000 0.000000
42.0 0.369188 0.000000 0.000000
43.0 0.387146 0.000000 0.000000
44.0 0.401486 -0.000000 0.000000
45.0 0.397543 -0.000000 -0.000000
46.0 0.357315 0.000000 0.000000
47.0 0.264333 0.000000 0.000000
48.0 0.036568 -0.000000 0.000000
49.0 -0.047762 -0.000000 0.000000
50.0 -0.047762 0.000000 0.000000
51.0 -0.047763 -0.000000 -0.000000
52.0 -0.047763 0.000000 -0.000000
53.0 -0.047762 0.000000 0.000000
54.0 -0.047762 0.000000 0.000000
55.0 -0.047762 -0.000000 0.000000
56.0 -0.047763 -0.000000 -0.000000
57.0 0.057729 0.000000 0.000000
58.0 0.371771 -0.000000 0.000000
59.0 0.505041 0.000000 -0.000000
"Ankle_R"
"Knee_R"
16 0.000000 0.000000 0.000000 0.000000 0.000000 0.000000
2
0.0 -0.010371 -3.224419 -0.478398
59.0 -0.010371 -3.224419 -0.478398
60
0.0 -0.222724 0.064049 0.199627
1.0 -0.203733 0.060031 0.203421
2.0 -0.130203 0.039196 0.207429
3.0 -0.020393 0.009875 0.209442
4.0 0.107443 -0.019257 0.207236
5.0 0.233229 -0.039358 0.199970
6.0 0.325903 -0.039636 0.190644
7.0 0.367490 -0.012785 0.181578
8.0 0.369762 0.043065 0.169796
9.0 0.340786 0.106293 0.155327
10.0 0.292492 0.151111 0.143776
11.0 0.234208 0.175553 0.137120
12.0 0.171738 0.178752 0.134455
13.0 0.107829 0.162049 0.136261
14.0 0.047669 0.124721 0.142384
15.0 0.000606 0.062359 0.150214
16.0 -0.019063 -0.021433 0.154543
17.0 0.005936 -0.120659 0.151753
18.0 0.126967 -0.229245 0.125538
19.0 0.199100 -0.321282 0.104216
20.0 0.239509 -0.401071 0.098774
21.0 0.282600 -0.466463 0.098897
22.0 0.319139 -0.511516 0.104681
23.0 0.341749 -0.530029 0.114594
24.0 0.345219 -0.506392 0.126347
25.0 0.319935 -0.438352 0.140034
26.0 0.270219 -0.339126 0.154983
27.0 0.133445 -0.211525 0.187351
28.0 -0.065030 -0.073153 0.207237
29.0 -0.173921 0.023103 0.202307
30.0 -0.222788 0.064191 0.199744
31.0 -0.203824 0.060216 0.203541
32.0 -0.130345 0.039356 0.207564
33.0 -0.020599 0.009998 0.209586
34.0 0.107167 -0.019143 0.207378
35.0 0.232866 -0.039221 0.200100
36.0 0.325503 -0.039488 0.190752
37.0 0.367191 -0.012675 0.181652
38.0 0.369588 0.043130 0.169837
39.0 0.340697 0.106367 0.155344
40.0 0.292446 0.151256 0.143770
41.0 0.234166 0.175775 0.137092
42.0 0.171670 0.179004 0.134415
43.0 0.107719 0.162228 0.136228
44.0 0.047520 0.124668 0.142390
45.0 0.000442 0.062056 0.150271
46.0 -0.019184 -0.021843 0.154620
47.0 0.005908 -0.121076 0.151817
48.0 0.127009 -0.229614 0.125557
49.0 0.199166 -0.321568 0.104218
50.0 0.239503 -0.401284 0.098776
51.0 0.282364 -0.466676 0.098899
52.0 0.318074 -0.511971 0.104820
53.0 0.339469 -0.531102 0.114691
54.0 0.341747 -0.507987 0.125911
55.0 0.315403 -0.440032 0.138855
56.0 0.264895 -0.340319 0.153105
57.0 0.150544 -0.216075 0.180229
58.0 -0.062698 -0.074639 0.204294
59.0 -0.172928 0.022431 0.200583
