Bones: 19
"12.joint_HipMaster"
""
24 0.000000 0.000000 0.000000 0.000000 0.000000 0.000000
60
0.0 0.000000 7.650876 -0.000018
1.0 -0.074734 7.695944 -0.000018
2.0 -0.128840 7.809046 -0.000017
3.0 -0.164545 7.960603 -0.000016
4.0 -0.184076 8.121035 -0.000014
5.0 -0.189661 8.260767 -0.000012
6.0 -0.183524 8.350216 -0.000010
7.0 -0.167894 8.363310 -0.000008
8.0 -0.144997 8.317007 -0.000006
9.0 -0.117059 8.230724 -0.000004
10.0 -0.086308 8.118705 -0.000003
11.0 -0.054971 7.995189 -0.000001
12.0 -0.025275 7.874422 -0.000000
13.0 0.000554 7.770645 0.000000
14.0 0.020290 7.698100 0.000000
15.0 0.031705 7.671030 0.000000
16.0 0.032977 7.716924 0.000000
17.0 0.027101 7.838284 0.000000
18.0 0.016473 8.002359 0.000000
19.0 0.002715 8.176274 0.000000
20.0 -0.012552 8.327157 -0.000000
21.0 -0.027706 8.422133 -0.000000
22.0 -0.041125 8.429170 -0.000000
23.0 -0.051187 8.343025 -0.000000
24.0 -0.056271 8.190219 -0.000000
25.0 -0.054756 7.999119 -0.000000
26.0 -0.045020 7.798091 -0.000000
27.0 -0.025440 7.615500 -0.000000
28.0 0.005604 7.479713 0.000000
29.0 0.049736 7.419096 0.000000
30.0 0.108574 7.456775 0.000000
31.0 0.167002 7.578970 0.000000
32.0 0.209828 7.756293 0.000000
33.0 0.238562 7.959307 0.000000
34.0 0.254713 8.158577 0.000000
35.0 0.259795 8.324667 0.000000
36.0 0.255316 8.428140 0.000000
37.0 0.242788 8.443664 0.000000
38.0 0.223722 8.396825 0.000000
39.0 0.199627 8.309675 0.000000
40.0 0.172016 8.196422 0.000000
41.0 0.142399 8.071277 0.000000
42.0 0.112286 7.948447 0.000000
43.0 0.083187 7.842140 0.000000
44.0 0.056615 7.766565 0.000000
45.0 0.034079 7.735931 0.000000
46.0 0.017090 7.776763 0.000000
47.0 0.008130 7.890042 0.000001
48.0 0.011670 8.039920 0.000000
49.0 0.025506 8.190361 0.000000
50.0 0.046639 8.305328 -0.000001
51.0 0.072075 8.348856 -0.000002
52.0 0.098814 8.323593 -0.000004
53.0 0.123859 8.258507 -0.000006
54.0 0.144214 8.165061 -0.000009
55.0 0.156882 8.054723 -0.000010
56.0 0.158864 7.938954 -0.000013
57.0 0.147164 7.829221 -0.000014
58.0 0.118786 7.736987 -0.000017
59.0 0.070730 7.673717 -0.000018
60
0.0 -3.077261 -0.128941 3.003865
1.0 -3.078957 -0.105809 2.992204
2.0 -3.083204 -0.080143 2.980778
3.0 -3.089688 -0.052326 2.970005
4.0 -3.098094 -0.022742 2.960298
5.0 -3.108108 0.008228 2.952067
6.0 -3.119415 0.040199 2.945732
7.0 -3.131701 0.072789 2.941702
8.0 3.138536 0.105616 2.940391
9.0 3.125238 0.138295 2.942215
10.0 3.111904 0.170445 2.947586
11.0 3.098852 0.201682 2.956918
12.0 3.086394 0.231625 2.970626
13.0 3.074844 0.259888 2.989123
14.0 3.064517 0.286090 3.012822
15.0 3.055731 0.309848 3.039033
16.0 3.048796 0.330778 3.064757
17.0 3.044029 0.348499 3.089950
18.0 3.041744 0.362626 3.114566
19.0 3.042793 0.372777 3.138559
20.0 3.048247 0.378570 -3.121302
21.0 3.057447 0.379746 -3.098689
22.0 3.069668 0.377230 -3.076837
23.0 3.084181 0.371466 -3.055788
24.0 3.100261 0.362672 -3.035588
25.0 3.117183 0.351070 -3.016283
26.0 3.134218 0.336880 -2.997919
27.0 -3.132545 0.320322 -2.980541
28.0 -3.117460 0.301616 -2.964194
29.0 -3.104441 0.280983 -2.948924
30.0 -3.094213 0.258643 -2.934775
31.0 -3.087502 0.234815 -2.921794
32.0 -3.085035 0.209721 -2.910026
33.0 -3.087021 0.183580 -2.899517
34.0 -3.092818 0.156613 -2.889793
35.0 -3.101798 0.129040 -2.880588
36.0 -3.113333 0.101081 -2.872252
37.0 -3.126801 0.072957 -2.865135
38.0 -3.141570 0.044887 -2.859589
39.0 3.126171 0.017092 -2.855964
40.0 3.110676 -0.010208 -2.854609
41.0 3.095761 -0.036793 -2.855879
42.0 3.082050 -0.062442 -2.860121
43.0 3.070170 -0.086935 -2.867686
44.0 3.060748 -0.110052 -2.878927
45.0 3.054413 -0.131573 -2.894192
46.0 3.051790 -0.151277 -2.913834
47.0 3.053507 -0.168944 -2.938203
48.0 3.059459 -0.184356 -2.967648
49.0 3.068955 -0.197288 -2.999866
50.0 3.081289 -0.207524 -3.032087
51.0 3.095758 -0.214843 -3.063969
52.0 3.111657 -0.219023 -3.095173
53.0 3.128284 -0.219837 -3.125354
54.0 -3.138251 -0.216693 3.129013
55.0 -3.122281 -0.209609 3.101900
56.0 -3.107695 -0.198983 3.076833
57.0 -3.095195 -0.185206 3.054154
58.0 -3.085488 -0.168677 3.034206
59.0 -3.079275 -0.149790 3.017329
"28.joint_RightHip"
"12.joint_HipMaster"
24 0.000000 0.000000 0.000000 0.000000 0.000000 0.000000
2
0.0 -0.674227 -0.727983 -0.131169
59.0 -0.674227 -0.727983 -0.131169
60
0.0 -0.305895 -0.145465 -0.337627
1.0 -0.299902 -0.116421 -0.368095
2.0 -0.296364 -0.094600 -0.385539
3.0 -0.300236 -0.081726 -0.387241
4.0 -0.314319 -0.080142 -0.370172
5.0 -0.337343 -0.092749 -0.330818
6.0 -0.360217 -0.111311 -0.282473
7.0 -0.381511 -0.125532 -0.240495
8.0 -0.394010 -0.135513 -0.203852
9.0 -0.393365 -0.140928 -0.172005
10.0 -0.384296 -0.141665 -0.144339
11.0 -0.371271 -0.138107 -0.119919
12.0 -0.358267 -0.130783 -0.097660
13.0 -0.348777 -0.120255 -0.076483
14.0 -0.344135 -0.105724 -0.057192
15.0 -0.344534 -0.081813 -0.049904
16.0 -0.339748 -0.049019 -0.056402
17.0 -0.324048 -0.009984 -0.072773
18.0 -0.299585 0.032006 -0.094993
19.0 -0.268588 0.073586 -0.119581
20.0 -0.233960 0.111674 -0.143817
21.0 -0.197896 0.144020 -0.165546
22.0 -0.168450 0.169476 -0.183633
23.0 -0.163416 0.186964 -0.196646
24.0 -0.189345 0.195434 -0.201570
25.0 -0.241500 0.193611 -0.194567
26.0 -0.305889 0.180038 -0.171381
27.0 -0.362688 0.160526 -0.139778
28.0 -0.403298 0.138438 -0.104599
29.0 -0.423640 0.113383 -0.065367
30.0 -0.420750 0.085331 -0.022358
31.0 -0.403913 0.056552 0.020158
32.0 -0.373904 0.028322 0.059344
33.0 -0.330000 0.000218 0.095004
34.0 -0.270799 -0.027995 0.127559
35.0 -0.191484 -0.056449 0.157269
36.0 -0.099890 -0.084948 0.183398
37.0 -0.038011 -0.113217 0.205382
38.0 -0.018601 -0.141483 0.223529
39.0 -0.031382 -0.169495 0.237639
40.0 -0.058815 -0.196773 0.247349
41.0 -0.090378 -0.222809 0.252376
42.0 -0.121242 -0.247036 0.252445
43.0 -0.148762 -0.268860 0.247293
44.0 -0.170964 -0.287700 0.236678
45.0 -0.185913 -0.303037 0.220395
46.0 -0.185408 -0.314494 0.198297
47.0 -0.166345 -0.321880 0.170288
48.0 -0.136370 -0.325330 0.135997
49.0 -0.104118 -0.325180 0.097971
50.0 -0.085122 -0.321719 0.059300
51.0 -0.100858 -0.315000 0.019980
52.0 -0.142701 -0.305044 -0.020012
53.0 -0.187653 -0.292008 -0.060524
54.0 -0.227669 -0.276398 -0.101445
55.0 -0.257682 -0.258995 -0.142488
56.0 -0.279563 -0.240266 -0.183407
57.0 -0.294717 -0.220246 -0.223868
58.0 -0.303938 -0.198504 -0.263437
59.0 -0.307635 -0.174080 -0.301573
"29.!joint_RightKnee"
"28.joint_RightHip"
24 0.000000 0.000000 0.000000 0.000000 0.000000 0.000000
2
0.0 -0.133781 -3.476813 -0.240881
59.0 -0.133781 -3.476813 -0.240881
60
0.0 0.740764 -0.000000 0.000000
1.0 0.716551 -0.000000 0.000000
2.0 0.692048 -0.000000 0.000000
3.0 0.679196 -0.000000 0.000000
4.0 0.686510 -0.000000 0.000000
5.0 0.715337 -0.000000 0.000000
6.0 0.751188 -0.000000 0.000000
7.0 0.791345 -0.000000 0.000000
8.0 0.820129 -0.000001 -0.000000
9.0 0.827899 -0.000000 0.000000
10.0 0.823659 -0.000000 0.000000
11.0 0.816005 -0.000000 0.000000
12.0 0.812720 -0.000000 0.000000
13.0 0.820913 -0.000000 0.000000
14.0 0.846445 -0.000001 -0.000000
15.0 0.881223 -0.000000 0.000000
16.0 0.897011 -0.000000 0.000000
17.0 0.879167 -0.000000 0.000000
18.0 0.830721 -0.000000 0.000000
19.0 0.754627 -0.000000 0.000000
20.0 0.655207 -0.000001 -0.000000
21.0 0.540115 -0.000001 -0.000000
22.0 0.431818 -0.000000 0.000000
23.0 0.370872 -0.000000 0.000000
24.0 0.374951 -0.000000 -0.000000
25.0 0.438859 -0.000000 0.000000
26.0 0.538352 -0.000000 0.000000
27.0 0.629302 -0.000000 0.000000
28.0 0.693421 -0.000000 0.000000
29.0 0.725474 -0.000000 0.000000
30.0 0.722095 -0.000000 0.000001
31.0 0.703326 -0.000000 0.000000
32.0 0.669968 -0.000000 0.000000
33.0 0.618424 -0.000000 0.000000
34.0 0.541974 -0.000000 0.000000
35.0 0.427000 -0.000000 0.000000
36.0 0.285761 0.000000 0.000000
37.0 0.200476 -0.000000 0.000000
38.0 0.193983 -0.000000 0.000000
39.0 0.246035 -0.000001 0.000000
40.0 0.322558 -0.000000 0.000000
41.0 0.402579 -0.000000 0.000000
42.0 0.476630 0.000000 0.000000
43.0 0.539671 -0.000000 0.000000
44.0 0.588006 -0.000000 0.000000
45.0 0.617987 -0.000000 0.000000
46.0 0.612979 -0.000000 0.000000
47.0 0.566819 -0.000000 0.000000
48.0 0.497117 -0.000000 0.000000
49.0 0.423110 -0.000000 0.000000
50.0 0.376010 -0.000000 0.000000
51.0 0.399683 -0.000000 0.000000
52.0 0.476915 -0.000000 0.000000
53.0 0.560966 -0.000000 0.000000
54.0 0.635130 -0.000000 0.000000
55.0 0.688537 -0.000001 -0.000000
56.0 0.724805 -0.000000 0.000000
57.0 0.746743 -0.000000 0.000000
58.0 0.756076 -0.000000 0.000000
59.0 0.753877 -0.000000 0.000000
"30.!joint_RightFoot"
"29.!joint_RightKnee"
24 0.000000 0.000000 0.000000 0.000000 0.000000 0.000000
2
0.0 -0.030686 -3.274578 -0.524998
59.0 -0.030686 -3.274578 -0.524998
60
0.0 -0.216780 -0.320522 -0.032211
1.0 -0.171339 -0.326357 -0.004710
2.0 -0.115919 -0.329241 0.022191
3.0 -0.060835 -0.329009 0.043419
4.0 -0.015178 -0.324330 0.052941
5.0 0.014301 -0.314000 0.043046
6.0 0.029220 -0.302590 0.022849
7.0 0.026947 -0.295550 0.005675
8.0 0.010513 -0.294347 -0.015380
9.0 -0.017522 -0.303133 -0.050915
10.0 -0.057456 -0.324500 -0.105658
11.0 -0.101496 -0.351203 -0.166488
12.0 -0.142428 -0.376226 -0.220996
13.0 -0.181262 -0.392631 -0.257576
14.0 -0.216801 -0.391763 -0.263738
15.0 -0.232815 -0.356207 -0.224043
16.0 -0.220488 -0.296868 -0.151365
17.0 -0.184967 -0.240483 -0.065709
18.0 -0.141371 -0.216306 0.011960
19.0 -0.098483 -0.242096 0.068295
20.0 -0.054217 -0.314902 0.106134
21.0 -0.004601 -0.403075 0.113994
22.0 0.048291 -0.462842 0.088301
23.0 0.089151 -0.450552 0.041492
24.0 0.105296 -0.355139 -0.008714
25.0 0.091287 -0.231046 -0.044665
26.0 0.054575 -0.138889 -0.070174
27.0 0.017443 -0.113140 -0.082305
28.0 -0.009358 -0.129697 -0.079366
29.0 -0.024193 -0.166688 -0.068331
30.0 -0.025663 -0.203885 -0.058704
31.0 -0.022716 -0.223157 -0.053975
32.0 -0.014559 -0.226428 -0.051892
33.0 0.000698 -0.228270 -0.048221
34.0 0.027931 -0.228706 -0.045204
35.0 0.075505 -0.227606 -0.045815
36.0 0.136233 -0.225379 -0.049368
37.0 0.158084 -0.224058 -0.047188
38.0 0.131609 -0.223444 -0.038562
39.0 0.070104 -0.222332 -0.026798
40.0 -0.006247 -0.219953 -0.016565
41.0 -0.083391 -0.216523 -0.011089
42.0 -0.152486 -0.211563 -0.008479
43.0 -0.207270 -0.204663 -0.007527
44.0 -0.242697 -0.197397 -0.007896
45.0 -0.259230 -0.191336 -0.008985
46.0 -0.256147 -0.186435 -0.012065
47.0 -0.230804 -0.182602 -0.017406
48.0 -0.192959 -0.179877 -0.023148
49.0 -0.153143 -0.178735 -0.027828
50.0 -0.127311 -0.179989 -0.029210
51.0 -0.137671 -0.184383 -0.023253
52.0 -0.175094 -0.191163 -0.011089
53.0 -0.215139 -0.199212 0.002975
54.0 -0.249324 -0.211281 0.007901
55.0 -0.271258 -0.229112 -0.000368
56.0 -0.281559 -0.250623 -0.015747
57.0 -0.280824 -0.273072 -0.032434
58.0 -0.269514 -0.293646 -0.044709
59.0 -0.248062 -0.309965 -0.046698
"32.joint_LeftHip"
"12.joint_HipMaster"
24 0.000000 0.000000 0.000000 0.000000 0.000000 0.000000
2
0.0 0.674223 -0.727984 -0.131174
59.0 0.674223 -0.727984 -0.131174
60
0.0 -0.282783 -0.108411 0.069973
1.0 -0.264356 -0.076768 0.033087
2.0 -0.232746 -0.043216 -0.003005
3.0 -0.189306 -0.008270 -0.037115
4.0 -0.133826 0.027527 -0.068261
5.0 -0.062579 0.063627 -0.095642
6.0 0.045526 0.099425 -0.118549
7.0 0.099026 0.134204 -0.136210
8.0 0.058409 0.167569 -0.148450
9.0 -0.014134 0.199031 -0.155011
10.0 -0.067163 0.227982 -0.155528
11.0 -0.109104 0.253747 -0.149602
12.0 -0.140044 0.275598 -0.136839
13.0 -0.158883 0.292388 -0.116949
14.0 -0.161945 0.298470 -0.090565
15.0 -0.148115 0.293554 -0.061893
16.0 -0.113713 0.279742 -0.035252
17.0 -0.058049 0.259157 -0.010900
18.0 0.012459 0.233763 0.011499
19.0 0.092407 0.205362 0.032609
20.0 0.175935 0.175576 0.053465
21.0 0.248959 0.145971 0.075705
22.0 0.213678 0.119456 0.100609
23.0 0.119318 0.098398 0.129200
24.0 0.027554 0.083242 0.161717
25.0 -0.056770 0.070648 0.197237
26.0 -0.131093 0.060048 0.235432
27.0 -0.192772 0.051094 0.275777
28.0 -0.238626 0.043516 0.317451
29.0 -0.264617 0.037124 0.359287
30.0 -0.266292 0.031678 0.399944
31.0 -0.246459 0.029732 0.433941
32.0 -0.213963 0.034017 0.455290
33.0 -0.176711 0.044361 0.462406
34.0 -0.144862 0.061141 0.454286
35.0 -0.126483 0.082458 0.433043
36.0 -0.126483 0.103752 0.403714
37.0 -0.148154 0.122108 0.368986
38.0 -0.174983 0.135288 0.330692
39.0 -0.192425 0.140625 0.291465
40.0 -0.200242 0.117295 0.252085
41.0 -0.203883 0.051534 0.214172
42.0 -0.206104 -0.037452 0.178481
43.0 -0.207577 -0.127258 0.143264
44.0 -0.210367 -0.197719 0.111164
45.0 -0.216827 -0.229524 0.085084
46.0 -0.219864 -0.219932 0.065498
47.0 -0.214417 -0.179139 0.049724
48.0 -0.204449 -0.116934 0.033976
49.0 -0.197537 -0.046919 0.021189
50.0 -0.204931 0.016499 0.016678
51.0 -0.234542 0.062305 0.021109
52.0 -0.277866 0.080533 0.036761
53.0 -0.317091 0.061440 0.066794
54.0 -0.339401 0.015740 0.099947
55.0 -0.344928 -0.030147 0.122669
56.0 -0.338985 -0.071452 0.134375
57.0 -0.326175 -0.103958 0.134772
58.0 -0.310524 -0.123695 0.123879
59.0 -0.295334 -0.126651 0.102038
"33.!joint_LeftKnee"
"32.joint_LeftHip"
24 0.000000 0.000000 0.000000 0.000000 0.000000 0.000000
2
0.0 0.133781 -3.476814 -0.240874
59.0 0.133781 -3.476814 -0.240874
60
0.0 0.626733 -0.000000 0.000000
1.0 0.606008 -0.000000 0.000000
2.0 0.557829 -0.000000 0.000000
3.0 0.484513 -0.000000 0.000000
4.0 0.385600 -0.000000 0.000000
5.0 0.253844 -0.000000 0.000000
6.0 0.047423 0.000000 -0.000000
7.0 -0.047763 -0.000000 -0.000000
8.0 0.048395 -0.000000 0.000000
9.0 0.211179 -0.000000 0.000000
10.0 0.337817 -0.000000 0.000000
11.0 0.446317 -0.000001 0.000000
12.0 0.537926 -0.000000 0.000000
13.0 0.611485 -0.000000 0.000000
14.0 0.663539 -0.000000 0.000001
15.0 0.688849 -0.000000 0.000000
16.0 0.672447 -0.000000 0.000000
17.0 0.608020 -0.000000 0.000000
18.0 0.505456 -0.000000 0.000000
19.0 0.371975 -0.000000 0.000000
20.0 0.215554 -0.000000 0.000000
21.0 0.065573 0.000000 0.000000
22.0 0.124233 0.000000 0.000000
23.0 0.294999 0.000000 0.000000
24.0 0.454656 -0.000000 0.000000
25.0 0.594569 -0.000000 0.000000
26.0 0.711025 -0.000000 0.000000
27.0 0.800345 -0.000000 0.000000
28.0 0.857978 -0.000000 0.000000
29.0 0.877858 -0.000000 0.000000
30.0 0.853434 -0.000000 0.000000
31.0 0.792353 -0.000000 0.000000
32.0 0.711837 -0.000000 0.000000
33.0 0.627377 -0.000000 0.000001
34.0 0.558220 -0.000000 0.000000
35.0 0.520908 -0.000000 0.000000
36.0 0.525907 -0.000000 0.000000
37.0 0.578909 -0.000000 0.000000
38.0 0.643092 -0.000000 0.000000
39.0 0.688131 -0.000000 0.000000
40.0 0.712855 -0.000000 0.000000
41.0 0.727282 -0.000000 0.000000
42.0 0.737986 -0.000000 0.000000
43.0 0.746995 -0.000000 0.000000
44.0 0.756849 -0.000000 0.000000
45.0 0.768960 -0.000000 0.000000
46.0 0.766441 -0.000000 0.000000
47.0 0.739785 -0.000000 0.000000
48.0 0.701088 -0.000000 0.000000
49.0 0.667717 -0.000000 0.000000
50.0 0.660514 -0.000000 0.000000
51.0 0.694090 -0.000000 0.000000
52.0 0.749101 -0.000000 0.000000
53.0 0.787844 -0.000000 0.000000
54.0 0.792377 -0.000000 0.000000
55.0 0.771915 -0.000000 0.000000
56.0 0.737861 -0.000000 0.000000
57.0 0.699475 -0.000000 0.000000
58.0 0.664509 -0.000000 0.000000
59.0 0.639041 -0.000000 0.000000
"34.!joint_LeftFoot"
"33.!joint_LeftKnee"
24 0.000000 0.000000 0.000000 0.000000 0.000000 0.000000
2
0.0 0.030688 -3.274577 -0.524990
59.0 0.030688 -3.274577 -0.524990
60
0.0 -0.141627 0.403113 0.054258
1.0 -0.175917 0.394994 0.068993
2.0 -0.192736 0.376284 0.065906
3.0 -0.191824 0.352403 0.050752
4.0 -0.171770 0.328997 0.030041
5.0 -0.128091 0.310896 0.012116
6.0 -0.038512 0.300919 0.011686
7.0 -0.001026 0.299441 0.009028
8.0 -0.056918 0.304678 0.000181
9.0 -0.135179 0.316072 -0.006738
10.0 -0.182413 0.339134 -0.004931
11.0 -0.215703 0.374179 -0.003140
12.0 -0.242556 0.414881 -0.004543
13.0 -0.268591 0.454977 -0.010114
14.0 -0.299404 0.492514 -0.021124
15.0 -0.330966 0.522084 -0.034698
16.0 -0.347199 0.543256 -0.046886
17.0 -0.338960 0.555703 -0.057654
18.0 -0.307299 0.564804 -0.061528
19.0 -0.249921 0.576525 -0.047914
20.0 -0.164802 0.590263 -0.016297
21.0 -0.063742 0.604525 0.026149
22.0 -0.073640 0.621829 0.008257
23.0 -0.141879 0.634977 -0.037736
24.0 -0.195906 0.644641 -0.064410
25.0 -0.237114 0.655781 -0.074857
26.0 -0.271479 0.666139 -0.078180
27.0 -0.300774 0.674040 -0.076726
28.0 -0.319921 0.677307 -0.072115
29.0 -0.324022 0.673707 -0.065296
30.0 -0.308184 0.661289 -0.057746
31.0 -0.276401 0.638120 -0.052422
32.0 -0.229982 0.590880 -0.040030
33.0 -0.174831 0.518243 -0.019933
34.0 -0.120690 0.437218 -0.003075
35.0 -0.077845 0.367067 0.003762
36.0 -0.058287 0.328704 -0.006391
37.0 -0.069186 0.316359 -0.028532
38.0 -0.093164 0.301877 -0.040518
39.0 -0.119803 0.272811 -0.028192
40.0 -0.151100 0.260952 -0.006461
41.0 -0.190048 0.313000 -0.003291
42.0 -0.239146 0.433481 -0.014209
43.0 -0.294658 0.585651 -0.032630
44.0 -0.343381 0.709809 -0.050175
45.0 -0.371578 0.767788 -0.067328
46.0 -0.347946 0.742626 -0.069965
47.0 -0.271002 0.651821 -0.050506
48.0 -0.173191 0.527579 -0.027301
49.0 -0.079872 0.399203 -0.011253
50.0 -0.011633 0.297063 -0.004862
51.0 0.016746 0.245883 -0.011952
52.0 0.011354 0.252427 -0.043634
53.0 -0.010312 0.303832 -0.098983
54.0 -0.033504 0.378076 -0.154905
55.0 -0.056422 0.438282 -0.178411
56.0 -0.070159 0.458944 -0.156153
57.0 -0.076557 0.446414 -0.100239
58.0 -0.086926 0.428387 -0.038516
59.0 -0.106897 0.411376 0.016665
"10.joint_Torso"
"12.joint_HipMaster"
24 0.000000 0.000000 0.000000 0.000000 0.000000 0.000000
2
0.0 0.000000 0.044082 0.000009
59.0 0.000000 0.044082 0.000009
60
0.0 0.223845 -0.053319 0.036633
1.0 0.217592 -0.065640 0.037568
2.0 0.201305 -0.082352 0.037254
3.0 0.181366 -0.099212 0.035780
4.0 0.164207 -0.111968 0.033373
5.0 0.156305 -0.116370 0.030463
6.0 0.163994 -0.108189 0.027741
7.0 0.185756 -0.083190 0.026173
8.0 0.216789 -0.038247 0.027004
9.0 0.254258 0.014745 0.031402
10.0 0.295445 0.058963 0.039681
11.0 0.337550 0.078695 0.051150
12.0 0.377071 0.078669 0.062485
13.0 0.409621 0.067339 0.068462
14.0 0.432265 0.049695 0.071006
15.0 0.439682 0.030880 0.069603
16.0 0.423524 0.016035 0.063770
17.0 0.390479 0.009915 0.055979
18.0 0.349079 0.017082 0.048548
19.0 0.307471 0.031373 0.042262
20.0 0.273652 0.046250 0.037711
21.0 0.256870 0.060882 0.035723
22.0 0.255269 0.075906 0.034951
23.0 0.263755 0.091381 0.035006
24.0 0.279367 0.107126 0.035728
25.0 0.299122 0.122963 0.037004
26.0 0.320038 0.138701 0.038776
27.0 0.339125 0.154142 0.041037
28.0 0.353402 0.169070 0.043830
29.0 0.359903 0.183254 0.047237
30.0 0.355621 0.196441 0.051381
31.0 0.338543 0.208354 0.056408
32.0 0.313987 0.218688 0.062479
33.0 0.288488 0.227142 0.069635
34.0 0.267799 0.233477 0.078208
35.0 0.257610 0.237440 0.088251
36.0 0.263267 0.238777 0.099127
37.0 0.283185 0.237960 0.110148
38.0 0.313093 0.235519 0.120641
39.0 0.349872 0.231606 0.129963
40.0 0.390465 0.226423 0.137496
41.0 0.431866 0.220196 0.142854
42.0 0.471000 0.213100 0.147162
43.0 0.504795 0.205342 0.150147
44.0 0.530250 0.197158 0.151150
45.0 0.544418 0.188781 0.149562
46.0 0.541307 0.180414 0.144811
47.0 0.507070 0.172207 0.136356
48.0 0.450483 0.164117 0.123788
49.0 0.383238 0.155840 0.109283
50.0 0.316811 0.147109 0.095403
51.0 0.263107 0.135475 0.082316
52.0 0.234031 0.117655 0.070286
53.0 0.222846 0.095293 0.059761
54.0 0.216573 0.070536 0.051054
55.0 0.214145 0.044953 0.044303
56.0 0.214492 0.019745 0.039515
57.0 0.216589 -0.003870 0.036578
58.0 0.219458 -0.024701 0.035295
59.0 0.222171 -0.041567 0.035403
"11.joint_Torso2"
"10.joint_Torso"
24 0.000000 0.000000 0.000000 0.000000 0.000000 0.000000
2
0.0 0.000000 2.073170 -0.360720
59.0 0.000000 2.073170 -0.360720
60
0.0 -0.000000 0.000000 -0.000000
1.0 0.000000 0.000000 -0.000000
2.0 -0.000000 0.000000 -0.000000
3.0 -0.000000 0.000000 -0.000000
4.0 -0.000000 -0.000000 -0.000000
5.0 -0.000000 -0.000000 -0.000000
6.0 0.000000 -0.000000 -0.000000
7.0 0.000000 -0.000000 -0.000000
8.0 -0.000000 -0.000000 0.000000
9.0 -0.000000 -0.000000 -0.000000
10.0 0.000000 -0.000000 0.000000
11.0 -0.000000 -0.000000 0.000000
12.0 0.000000 -0.000000 0.000000
13.0 -0.000000 -0.000000 -0.000000
14.0 -0.000000 -0.000000 0.000000
15.0 -0.000000 -0.000000 -0.000000
16.0 0.000000 -0.000000 -0.000000
17.0 0.000000 -0.000000 0.000000
18.0 0.000000 -0.000000 -0.000000
19.0 0.000000 0.000000 -0.000000
20.0 0.000000 -0.000000 0.000000
21.0 0.000000 -0.000000 -0.000000
22.0 0.000000 -0.000000 0.000000
23.0 0.000000 0.000000 -0.000000
24.0 -0.000000 0.000000 0.000000
25.0 -0.000000 0.000000 -0.000000
26.0 -0.000000 0.000000 -0.000000
27.0 -0.000000 -0.000000 0.000000
28.0 -0.000000 0.000000 0.000000
29.0 0.000000 -0.000000 -0.000000
30.0 0.000000 -0.000000 -0.000000
31.0 -0.000000 -0.000000 -0.000000
32.0 0.000000 0.000000 0.000000
33.0 0.000000 -0.000000 0.000000
34.0 -0.000000 0.000000 -0.000000
35.0 0.000000 0.000000 -0.000000
36.0 0.000000 0.000000 0.000000
37.0 0.000000 0.000000 0.000000
38.0 0.000000 -0.000000 -0.000000
39.0 -0.000000 -0.000000 -0.000000
40.0 -0.000000 -0.000000 0.000000
41.0 -0.000000 0.000000 0.000000
42.0 -0.000000 -0.000000 -0.000000
43.0 0.000000 -0.000000 0.000000
44.0 -0.000000 0.000000 0.000000
45.0 -0.000000 0.000000 -0.000000
46.0 -0.000000 0.000000 -0.000000
47.0 -0.000000 0.000000 -0.000000
48.0 0.000000 -0.000000 0.000000
49.0 0.000000 -0.000000 0.000000
50.0 -0.000000 -0.000000 -0.000000
51.0 -0.000000 -0.000000 0.000000
52.0 0.000000 -0.000000 -0.000000
53.0 -0.000000 -0.000000 -0.000000
54.0 0.000000 0.000000 0.000000
55.0 0.000000 0.000000 0.000000
56.0 0.000000 -0.000000 0.000000
57.0 -0.000000 -0.000000 -0.000000
58.0 0.000000 0.000000 -0.000000
59.0 0.000000 0.000000 0.000000
"13.joint_Neck"
"11.joint_Torso2"
24 0.000000 0.000000 0.000000 0.000000 0.000000 0.000000
2
0.0 0.000000 2.094352 -0.266449
59.0 0.000000 2.094352 -0.266449
60
0.0 -0.057478 -0.194526 0.086166
1.0 -0.039097 -0.182560 0.066842
2.0 0.002834 -0.160236 0.041969
3.0 0.054647 -0.131602 0.015476
4.0 0.103215 -0.101524 -0.009769
5.0 0.136007 -0.075697 -0.032301
6.0 0.141247 -0.060412 -0.051636
7.0 0.123171 -0.061795 -0.067579
8.0 0.091982 -0.084288 -0.079106
9.0 0.051899 -0.117439 -0.087365
10.0 0.006059 -0.146056 -0.095306
11.0 -0.043001 -0.159310 -0.106193
12.0 -0.091605 -0.177467 -0.111396
13.0 -0.133351 -0.194612 -0.107336
14.0 -0.161309 -0.199220 -0.100945
15.0 -0.166600 -0.180289 -0.100353
16.0 -0.125784 -0.129787 -0.110723
17.0 -0.038927 -0.069727 -0.120870
18.0 0.073519 -0.031454 -0.120365
19.0 0.191043 -0.030768 -0.109281
20.0 0.292730 -0.051685 -0.096476
21.0 0.358419 -0.086576 -0.084677
22.0 0.378922 -0.127494 -0.072378
23.0 0.356446 -0.166633 -0.059330
24.0 0.311869 -0.196700 -0.046512
25.0 0.254446 -0.212474 -0.036102
26.0 0.192200 -0.218511 -0.028465
27.0 0.133060 -0.218217 -0.023976
28.0 0.084821 -0.214356 -0.022717
29.0 0.055139 -0.209525 -0.024281
30.0 0.051632 -0.206117 -0.027953
31.0 0.080897 -0.206421 -0.032804
32.0 0.142096 -0.213031 -0.036782
33.0 0.221373 -0.227902 -0.038327
34.0 0.295053 -0.247922 -0.037843
35.0 0.345465 -0.271322 -0.034466
36.0 0.355666 -0.296519 -0.026347
37.0 0.333319 -0.322089 -0.012906
38.0 0.289392 -0.346412 0.005394
39.0 0.229419 -0.367494 0.027837
40.0 0.159192 -0.383469 0.053137
41.0 0.084815 -0.392804 0.079232
42.0 0.012979 -0.394979 0.102156
43.0 -0.049950 -0.389506 0.119283
44.0 -0.098244 -0.377618 0.129526
45.0 -0.126610 -0.361165 0.132711
46.0 -0.126692 -0.342134 0.128114
47.0 -0.082327 -0.322967 0.113143
48.0 -0.006228 -0.302794 0.093307
49.0 0.084077 -0.280991 0.074331
50.0 0.171425 -0.258034 0.060710
51.0 0.239512 -0.233043 0.054064
52.0 0.272473 -0.204172 0.054610
53.0 0.273377 -0.174860 0.058943
54.0 0.246725 -0.154551 0.065002
55.0 0.195630 -0.150440 0.073776
56.0 0.130785 -0.157377 0.083463
57.0 0.062647 -0.170223 0.092034
58.0 0.001601 -0.183982 0.097126
59.0 -0.041939 -0.193739 0.096091
"14.joint_Head"
"13.joint_Neck"
24 0.000000 0.000000 0.000000 0.000000 0.000000 0.000000
2
0.0 0.000000 0.645011 0.006356
59.0 0.000000 0.645011 0.006356
60
0.0 -0.051498 0.098444 -0.107365
1.0 -0.051321 0.106452 -0.109297
2.0 -0.047316 0.108456 -0.109093
3.0 -0.040177 0.106211 -0.106486
4.0 -0.030643 0.101474 -0.101167
5.0 -0.019480 0.095857 -0.093004
6.0 -0.007534 0.090662 -0.082107
7.0 -0.000346 0.086260 -0.069416
8.0 0.001198 0.082892 -0.056021
9.0 -0.001040 0.081156 -0.042652
10.0 -0.005169 0.081777 -0.029930
11.0 -0.009338 0.088661 -0.019175
12.0 -0.011742 0.118854 -0.014630
13.0 -0.010274 0.161191 -0.013408
14.0 -0.003407 0.198855 -0.013157
15.0 0.010662 0.215078 -0.011042
16.0 0.020059 0.196611 -0.007380
17.0 0.019485 0.161250 -0.004945
18.0 0.006042 0.134928 -0.005362
19.0 -0.026509 0.135392 -0.015260
20.0 -0.067633 0.149759 -0.032649
21.0 -0.106693 0.170702 -0.054025
22.0 -0.132546 0.193897 -0.073369
23.0 -0.138647 0.215737 -0.084100
24.0 -0.137790 0.230334 -0.084181
25.0 -0.132011 0.233011 -0.071553
26.0 -0.123676 0.226997 -0.050151
27.0 -0.115263 0.214725 -0.023188
28.0 -0.109405 0.198374 0.006221
29.0 -0.109025 0.180023 0.033717
30.0 -0.115832 0.163238 0.057324
31.0 -0.130623 0.151912 0.075529
32.0 -0.131732 0.149787 0.086460
33.0 -0.120047 0.157996 0.089362
34.0 -0.108653 0.171269 0.087528
35.0 -0.116786 0.186387 0.083615
36.0 -0.129080 0.201024 0.081005
37.0 -0.130328 0.214582 0.080117
38.0 -0.125980 0.226457 0.080825
39.0 -0.117006 0.235593 0.083510
40.0 -0.104449 0.240829 0.088151
41.0 -0.089429 0.240928 0.094333
42.0 -0.073126 0.234642 0.101323
43.0 -0.056718 0.220885 0.108195
44.0 -0.041104 0.200428 0.113486
45.0 -0.026616 0.174897 0.116043
46.0 -0.013488 0.145927 0.115437
47.0 -0.006441 0.115021 0.111939
48.0 -0.005071 0.083039 0.106765
49.0 -0.007077 0.050820 0.100633
50.0 -0.010280 0.019109 0.093458
51.0 -0.012648 -0.010898 0.085098
52.0 -0.012259 -0.037800 0.074679
53.0 -0.007233 -0.059910 0.060769
54.0 0.003553 -0.070054 0.038724
55.0 0.005497 -0.060653 0.006811
56.0 -0.001285 -0.035075 -0.028248
57.0 -0.014447 0.001433 -0.060116
58.0 -0.030376 0.041624 -0.084622
59.0 -0.044408 0.076922 -0.100258
"16.joint_RightShoulder"
"11.joint_Torso2"
24 0.000000 0.000000 0.000000 0.000000 0.000000 0.000000
2
0.0 -0.789728 2.120316 -0.238215
59.0 -0.789728 2.120316 -0.238215
60
0.0 0.431073 0.013865 -0.064393
1.0 0.398306 -0.005904 -0.057368
2.0 0.337294 -0.032600 -0.025949
3.0 0.261242 -0.066001 0.020091
4.0 0.182954 -0.104244 0.070421
5.0 0.119298 -0.147212 0.116947
6.0 0.095360 -0.200116 0.155575
7.0 0.114521 -0.260902 0.184571
8.0 0.163114 -0.320039 0.200881
9.0 0.236278 -0.352760 0.200241
10.0 0.328377 -0.337956 0.181191
11.0 0.426090 -0.276349 0.145335
12.0 0.514320 -0.189385 0.098532
13.0 0.580069 -0.097412 0.053665
14.0 0.616007 -0.022112 0.018470
15.0 0.619934 0.020741 0.002492
16.0 0.594848 0.047421 0.012589
17.0 0.535681 0.056641 0.042499
18.0 0.454137 0.042664 0.083862
19.0 0.357187 0.015101 0.126461
20.0 0.260531 -0.016209 0.160678
21.0 0.198791 -0.053487 0.178927
22.0 0.189630 -0.091625 0.180960
23.0 0.216860 -0.113877 0.168226
24.0 0.259652 -0.114682 0.139292
25.0 0.301688 -0.094425 0.094861
26.0 0.336260 -0.057077 0.038611
27.0 0.363891 -0.010615 -0.023531
28.0 0.384761 0.037877 -0.081778
29.0 0.408852 0.082869 -0.122592
30.0 0.440821 0.125079 -0.130444
31.0 0.465133 0.160546 -0.102012
32.0 0.461223 0.177278 -0.045163
33.0 0.430559 0.171091 0.020505
34.0 0.385653 0.142708 0.077147
35.0 0.331005 0.101360 0.121790
36.0 0.278626 0.058893 0.153657
37.0 0.241556 0.028007 0.170105
38.0 0.229289 0.015493 0.166201
39.0 0.233452 0.012184 0.141876
40.0 0.241782 0.011071 0.097250
41.0 0.252131 0.005544 0.034382
42.0 0.266574 -0.004282 -0.038897
43.0 0.286570 -0.015372 -0.111610
44.0 0.311529 -0.022258 -0.171074
45.0 0.337270 -0.018789 -0.205444
46.0 0.351166 -0.000326 -0.208082
47.0 0.344049 0.037114 -0.175215
48.0 0.317960 0.070445 -0.117286
49.0 0.282136 0.077896 -0.050817
50.0 0.236936 0.052686 0.014818
51.0 0.186533 0.000740 0.071221
52.0 0.145678 -0.060631 0.112580
53.0 0.137999 -0.125219 0.136755
54.0 0.161235 -0.182721 0.142502
55.0 0.199081 -0.221698 0.127150
56.0 0.252070 -0.220584 0.091745
57.0 0.320060 -0.158006 0.042388
58.0 0.382764 -0.072756 -0.006133
59.0 0.423802 -0.004728 -0.044174
"18.joint_RightArm"
"16.joint_RightShoulder"
24 0.000000 0.000000 0.000000 0.000000 0.000000 0.000000
2
0.0 -0.645846 -0.165336 -0.009176
59.0 -0.645846 -0.165336 -0.009176
60
0.0 -0.000000 -0.000000 0.383972
1.0 -0.000000 0.000000 0.383972
2.0 -0.000000 0.000000 0.383972
3.0 -0.000000 -0.000000 0.383972
4.0 -0.000000 -0.000000 0.383972
5.0 -0.000000 -0.000000 0.383972
6.0 -0.000000 -0.000000 0.383972
7.0 -0.000000 0.000000 0.383972
8.0 -0.000000 0.000000 0.383972
9.0 -0.000000 0.000000 0.383972
10.0 -0.000000 -0.000000 0.383972
11.0 -0.000000 0.000000 0.383972
12.0 -0.000000 0.000000 0.383972
13.0 -0.000000 0.000000 0.383972
14.0 -0.000000 -0.000000 0.383972
15.0 -0.000000 -0.000000 0.383972
16.0 -0.000000 0.000000 0.383972
17.0 -0.000000 -0.000000 0.383972
18.0 -0.000000 0.000000 0.383972
19.0 0.000000 0.000000 0.383972
20.0 -0.000000 0.000000 0.383972
21.0 -0.000000 0.000000 0.383972
22.0 -0.000000 0.000000 0.383972
23.0 -0.000000 -0.000000 0.383972
24.0 -0.000000 -0.000000 0.383972
25.0 -0.000000 -0.000000 0.383972
26.0 -0.000000 0.000000 0.383972
27.0 -0.000000 0.000000 0.383972
28.0 -0.000000 -0.000000 0.383972
29.0 -0.000000 0.000000 0.383972
30.0 -0.000000 0.000000 0.383972
31.0 -0.000000 -0.000000 0.383972
32.0 -0.000000 0.000000 0.383972
33.0 -0.000000 0.000000 0.383972
34.0 -0.000000 0.000000 0.383972
35.0 -0.000000 0.000000 0.383972
36.0 -0.000000 -0.000000 0.383972
37.0 -0.000000 -0.000000 0.383972
38.0 -0.000000 0.000000 0.383972
39.0 -0.000000 0.000000 0.383972
40.0 -0.000000 0.000000 0.383972
41.0 -0.000000 0.000000 0.383972
42.0 -0.000000 0.000000 0.383972
43.0 -0.000000 0.000000 0.383972
44.0 -0.000000 0.000000 0.383972
45.0 -0.000000 0.000000 0.383972
46.0 -0.000000 -0.000000 0.383972
47.0 -0.000000 0.000000 0.383972
48.0 -0.000000 -0.000000 0.383972
49.0 -0.000000 0.000000 0.383972
50.0 -0.000000 0.000000 0.383972
51.0 -0.000000 0.000000 0.383972
52.0 -0.000000 0.000000 0.383972
53.0 -0.000000 -0.000000 0.383972
54.0 -0.000000 0.000000 0.383972
55.0 -0.000000 0.000000 0.383972
56.0 -0.000000 0.000000 0.383972
57.0 -0.000000 0.000000 0.383972
58.0 -0.000000 0.000000 0.383972
59.0 -0.000000 0.000000 0.383972
"19.joint_RightElbow"
"18.joint_RightArm"
24 0.000000 0.000000 0.000000 0.000000 0.000000 0.000000
2
0.0 -1.638188 -1.253509 -0.024857
59.0 -1.638188 -1.253509 -0.024857
60
0.0 -1.203044 0.690828 -0.485018
1.0 -1.191468 0.688605 -0.477648
2.0 -1.094918 0.667119 -0.417030
3.0 -0.945006 0.622824 -0.326717
4.0 -0.780728 0.557654 -0.235027
5.0 -0.649154 0.491833 -0.168941
6.0 -0.607353 0.468266 -0.149613
7.0 -0.651030 0.492859 -0.169829
8.0 -0.738178 0.537738 -0.212848
9.0 -0.850457 0.587547 -0.272852
10.0 -0.977733 0.633679 -0.345967
11.0 -1.115811 0.672221 -0.430006
12.0 -1.246743 0.698561 -0.513011
13.0 -1.344394 0.712157 -0.576384
14.0 -1.398468 0.717550 -0.611853
15.0 -1.401999 0.717850 -0.614177
16.0 -1.331258 0.710618 -0.567803
17.0 -1.163373 0.682896 -0.459845
18.0 -0.936348 0.619838 -0.321674
19.0 -0.703929 0.520762 -0.195539
20.0 -0.517774 0.413397 -0.111310
21.0 -0.444931 0.364438 -0.083632
22.0 -0.504574 0.404809 -0.106052
23.0 -0.654727 0.494877 -0.171584
24.0 -0.856989 0.590176 -0.276483
25.0 -1.072163 0.661273 -0.402994
26.0 -1.268484 0.702025 -0.527029
27.0 -1.432844 0.720203 -0.634504
28.0 -1.556565 0.724848 -0.716421
29.0 -1.630889 0.723975 -0.765714
30.0 -1.652835 0.723192 -0.780251
31.0 -1.612137 0.724455 -0.753283
32.0 -1.487367 0.723192 -0.670551
33.0 -1.318470 0.709035 -0.559465
34.0 -1.172667 0.684833 -0.465721
35.0 -1.066157 0.659679 -0.399306
36.0 -1.012623 0.644511 -0.366794
37.0 -1.024703 0.648085 -0.374073
38.0 -1.112544 0.671440 -0.427972
39.0 -1.256258 0.700109 -0.519138
40.0 -1.410492 0.718545 -0.619768
41.0 -1.549548 0.724789 -0.711767
42.0 -1.658780 0.722939 -0.784188
43.0 -1.728168 0.718668 -0.830016
44.0 -1.753391 0.716513 -0.846613
45.0 -1.733026 0.718279 -0.833217
46.0 -1.661300 0.722827 -0.785855
47.0 -1.518324 0.724228 -0.691061
48.0 -1.318702 0.709066 -0.559615
49.0 -1.105757 0.669798 -0.423752
50.0 -0.902639 0.607746 -0.302244
51.0 -0.736353 0.536855 -0.211913
52.0 -0.638321 0.485850 -0.163850
53.0 -0.637438 0.485357 -0.163435
54.0 -0.703329 0.520457 -0.195239
55.0 -0.790163 0.561896 -0.240040
56.0 -0.886858 0.601830 -0.293264
57.0 -0.983987 0.635677 -0.349678
58.0 -1.073513 0.661628 -0.403825
59.0 -1.148776 0.679758 -0.450646
"20.joint_RightWrist"
"19.joint_RightElbow"
24 0.000000 0.000000 0.000000 0.000000 0.000000 0.000000
2
0.0 -1.770163 -1.372886 0.032934
59.0 -1.770163 -1.372886 0.032934
60
0.0 0.131275 -0.300422 -0.335788
1.0 0.183469 -0.283833 -0.327798
2.0 0.236049 -0.273437 -0.328826
3.0 0.274255 -0.265015 -0.338021
4.0 0.289923 -0.262109 -0.351934
5.0 0.290604 -0.272957 -0.366072
6.0 0.303713 -0.305454 -0.380052
7.0 0.325467 -0.350267 -0.390587
8.0 0.323128 -0.388892 -0.389253
9.0 0.279976 -0.410762 -0.374853
10.0 0.215136 -0.419013 -0.360650
11.0 0.162650 -0.422319 -0.355669
12.0 0.120731 -0.418119 -0.350756
13.0 0.087066 -0.404447 -0.340562
14.0 0.072811 -0.382514 -0.323119
15.0 0.090871 -0.361445 -0.295006
16.0 0.135644 -0.364804 -0.273548
17.0 0.167179 -0.385013 -0.253415
18.0 0.170422 -0.402512 -0.230283
19.0 0.148958 -0.405921 -0.205520
20.0 0.115835 -0.392887 -0.185592
21.0 0.108218 -0.375991 -0.184409
22.0 0.143145 -0.358880 -0.204732
23.0 0.189871 -0.343304 -0.231550
24.0 0.224629 -0.325801 -0.251800
25.0 0.232656 -0.303854 -0.260241
26.0 0.211702 -0.278625 -0.259820
27.0 0.171736 -0.252822 -0.255466
28.0 0.125469 -0.227652 -0.250022
29.0 0.077288 -0.197722 -0.244970
30.0 0.041745 -0.163997 -0.245301
31.0 0.007221 -0.156330 -0.214707
32.0 -0.048020 -0.159623 -0.134126
33.0 -0.108686 -0.159654 -0.022180
34.0 -0.152629 -0.166019 0.093492
35.0 -0.180423 -0.187217 0.176585
36.0 -0.194306 -0.218133 0.191630
37.0 -0.202747 -0.257071 0.137226
38.0 -0.201909 -0.307346 0.035736
39.0 -0.175870 -0.344397 -0.091586
40.0 -0.135030 -0.344490 -0.208208
41.0 -0.097914 -0.317138 -0.289145
42.0 -0.073323 -0.280310 -0.332974
43.0 -0.062554 -0.244559 -0.342694
44.0 -0.060311 -0.215495 -0.326181
45.0 -0.055638 -0.196661 -0.292268
46.0 -0.034537 -0.198222 -0.243043
47.0 0.007227 -0.232842 -0.200313
48.0 0.062026 -0.290553 -0.175963
49.0 0.131944 -0.353231 -0.167379
50.0 0.215664 -0.397616 -0.189075
51.0 0.280745 -0.415664 -0.225631
52.0 0.303928 -0.414596 -0.258218
53.0 0.295351 -0.399476 -0.282756
54.0 0.271850 -0.381192 -0.298089
55.0 0.229448 -0.363164 -0.299556
56.0 0.172694 -0.359304 -0.303173
57.0 0.108666 -0.379944 -0.328778
58.0 0.074841 -0.379448 -0.352929
59.0 0.089686 -0.338220 -0.350366
"22.joint_LeftShoulder"
"11.joint_Torso2"
24 0.000000 0.000000 0.000000 0.000000 0.000000 0.000000
2
0.0 0.761910 2.104643 -0.238215
59.0 0.761910 2.104643 -0.238215
60
0.0 0.187186 -0.631123 0.116259
1.0 0.222659 -0.605139 0.072577
2.0 0.274219 -0.583428 -0.007269
3.0 0.319262 -0.563784 -0.102892
4.0 0.342245 -0.547726 -0.197565
5.0 0.336947 -0.540145 -0.278724
6.0 0.307162 -0.545952 -0.336570
7.0 0.268823 -0.565464 -0.363993
8.0 0.257669 -0.587063 -0.355119
9.0 0.255007 -0.608824 -0.315307
10.0 0.230462 -0.627789 -0.251150
11.0 0.181861 -0.629048 -0.167980
12.0 0.122780 -0.614767 -0.071502
13.0 0.066742 -0.591505 0.027724
14.0 0.027504 -0.565409 0.114824
15.0 0.015541 -0.548499 0.174129
16.0 0.035393 -0.553124 0.189300
17.0 0.083862 -0.585578 0.153458
18.0 0.140743 -0.616726 0.074289
19.0 0.194343 -0.613421 -0.022841
20.0 0.232807 -0.572864 -0.110879
21.0 0.253332 -0.508082 -0.171012
22.0 0.269317 -0.435785 -0.198601
23.0 0.295100 -0.368321 -0.191082
24.0 0.324530 -0.322622 -0.152480
25.0 0.349834 -0.298407 -0.097316
26.0 0.368599 -0.289042 -0.032063
27.0 0.381615 -0.289563 0.035748
28.0 0.392979 -0.296909 0.095934
29.0 0.409093 -0.310286 0.135713
30.0 0.423643 -0.333427 0.140981
31.0 0.429132 -0.365518 0.109997
32.0 0.415825 -0.381460 0.051192
33.0 0.370176 -0.356700 -0.021211
34.0 0.291883 -0.297722 -0.091433
35.0 0.199329 -0.216716 -0.148240
36.0 0.144846 -0.123367 -0.186394
37.0 0.149012 -0.046401 -0.208743
38.0 0.192244 -0.023206 -0.218357
39.0 0.262587 -0.043310 -0.220360
40.0 0.346011 -0.090252 -0.219822
41.0 0.432415 -0.151752 -0.219210
42.0 0.513045 -0.217340 -0.220177
43.0 0.584099 -0.279156 -0.224391
44.0 0.642703 -0.331011 -0.230613
45.0 0.684144 -0.368898 -0.236514
46.0 0.692788 -0.390834 -0.240668
47.0 0.663188 -0.391903 -0.244322
48.0 0.604513 -0.374026 -0.250487
49.0 0.525357 -0.341807 -0.261879
50.0 0.433298 -0.305602 -0.278607
51.0 0.339562 -0.279275 -0.297614
52.0 0.261822 -0.276717 -0.311014
53.0 0.220938 -0.309062 -0.309149
54.0 0.213881 -0.365956 -0.284733
55.0 0.217872 -0.439003 -0.233917
56.0 0.217167 -0.517842 -0.156533
57.0 0.205261 -0.586392 -0.060490
58.0 0.187679 -0.630622 0.034744
59.0 0.178102 -0.645378 0.102022
"24.joint_LeftArm"
"22.joint_LeftShoulder"
24 0.000000 0.000000 0.000000 0.000000 0.000000 0.000000
2
0.0 0.748483 -0.165336 -0.009175
59.0 0.748483 -0.165336 -0.009175
60
0.0 0.000000 0.000000 -0.383972
1.0 0.000000 0.000000 -0.383972
2.0 0.000000 0.000000 -0.383972
3.0 0.000000 -0.000000 -0.383972
4.0 0.000000 0.000000 -0.383972
5.0 0.000000 0.000000 -0.383972
6.0 0.000000 0.000000 -0.383972
7.0 0.000000 0.000000 -0.383972
8.0 0.000000 -0.000000 -0.383972
9.0 0.000000 0.000000 -0.383972
10.0 0.000000 0.000000 -0.383972
11.0 0.000000 -0.000000 -0.383972
12.0 0.000000 0.000000 -0.383972
13.0 0.000000 0.000000 -0.383972
14.0 0.000000 0.000000 -0.383972
15.0 0.000000 0.000000 -0.383972
16.0 0.000000 0.000000 -0.383972
17.0 0.000000 0.000000 -0.383972
18.0 0.000000 -0.000000 -0.383972
19.0 0.000000 0.000000 -0.383972
20.0 0.000000 0.000000 -0.383972
21.0 0.000000 0.000000 -0.383972
22.0 0.000000 0.000000 -0.383972
23.0 0.000000 0.000000 -0.383972
24.0 0.000000 0.000000 -0.383972
25.0 0.000000 0.000000 -0.383972
26.0 0.000000 -0.000000 -0.383972
27.0 0.000000 -0.000000 -0.383972
28.0 0.000000 -0.000000 -0.383972
29.0 0.000000 0.000000 -0.383972
30.0 0.000000 0.000000 -0.383972
31.0 0.000000 -0.000000 -0.383972
32.0 0.000000 -0.000000 -0.383973
33.0 0.000000 -0.000000 -0.383972
34.0 0.000000 -0.000000 -0.383972
35.0 0.000000 0.000000 -0.383972
36.0 0.000000 0.000000 -0.383972
37.0 0.000000 0.000000 -0.383972
38.0 0.000000 -0.000000 -0.383972
39.0 0.000000 -0.000000 -0.383972
40.0 0.000000 0.000000 -0.383973
41.0 0.000000 0.000000 -0.383972
42.0 0.000000 0.000000 -0.383972
43.0 0.000000 0.000000 -0.383972
44.0 0.000000 -0.000000 -0.383972
45.0 0.000000 -0.000000 -0.383972
46.0 0.000000 0.000000 -0.383972
47.0 0.000000 -0.000000 -0.383972
48.0 0.000000 -0.000000 -0.383972
49.0 0.000000 0.000000 -0.383972
50.0 0.000000 -0.000000 -0.383973
51.0 0.000000 0.000000 -0.383972
52.0 0.000000 0.000000 -0.383972
53.0 0.000000 -0.000000 -0.383972
54.0 0.000000 0.000000 -0.383972
55.0 0.000000 0.000000 -0.383972
56.0 0.000000 0.000000 -0.383972
57.0 0.000000 0.000000 -0.383972
58.0 0.000000 -0.000000 -0.383972
59.0 0.000000 0.000000 -0.383972
"25.joint_LeftElbow"
"24.joint_LeftArm"
24 0.000000 0.000000 0.000000 0.000000 0.000000 0.000000
2
0.0 1.638191 -1.253507 -0.024858
59.0 1.638191 -1.253507 -0.024858
60
0.0 -1.523500 -0.827809 0.792717
1.0 -1.463170 -0.825461 0.748346
2.0 -1.330030 -0.813723 0.651008
3.0 -1.147732 -0.782181 0.520356
4.0 -0.945813 -0.723678 0.382043
5.0 -0.755938 -0.641793 0.262000
6.0 -0.608732 -0.557112 0.178829
7.0 -0.536938 -0.508356 0.142375
8.0 -0.612742 -0.559688 0.180952
9.0 -0.800472 -0.663607 0.289032
10.0 -1.028585 -0.750918 0.437686
11.0 -1.252025 -0.802503 0.594618
12.0 -1.451880 -0.824817 0.740054
13.0 -1.608865 -0.828029 0.855586
14.0 -1.705537 -0.823880 0.926657
15.0 -1.729572 -0.822117 0.944273
16.0 -1.663939 -0.826243 0.896109
17.0 -1.502800 -0.827208 0.777484
18.0 -1.280120 -0.806926 0.614857
19.0 -1.072896 -0.763598 0.468113
20.0 -0.910248 -0.710477 0.358680
21.0 -0.816293 -0.670957 0.298818
22.0 -0.812447 -0.669188 0.296430
23.0 -0.923261 -0.715415 0.367188
24.0 -1.123247 -0.776481 0.503154
25.0 -1.352425 -0.816339 0.667298
26.0 -1.580371 -0.828360 0.834602
27.0 -1.776936 -0.817773 0.978893
28.0 -1.921866 -0.797078 1.083657
29.0 -2.003625 -0.780203 1.141649
30.0 -1.978313 -0.785847 1.123802
31.0 -1.832249 -0.811214 1.019115
32.0 -1.575453 -0.828375 0.830978
33.0 -1.233414 -0.799333 0.581261
34.0 -0.886997 -0.701335 0.343604
35.0 -0.620005 -0.564312 0.184819
36.0 -0.504068 -0.484332 0.126735
37.0 -0.506381 -0.486057 0.127813
38.0 -0.546591 -0.515205 0.147097
39.0 -0.613123 -0.559932 0.181153
40.0 -0.698150 -0.610915 0.228135
41.0 -0.797533 -0.662219 0.287224
42.0 -0.907412 -0.709383 0.356832
43.0 -1.018284 -0.747784 0.430672
44.0 -1.118366 -0.775302 0.499737
45.0 -1.202599 -0.793653 0.559240
46.0 -1.236358 -0.799847 0.583372
47.0 -1.200585 -0.793265 0.557805
48.0 -1.111745 -0.773678 0.495109
49.0 -0.988649 -0.738369 0.410630
50.0 -0.857077 -0.688962 0.324450
51.0 -0.743004 -0.635137 0.254293
52.0 -0.678173 -0.599543 0.216776
53.0 -0.693102 -0.608076 0.225247
54.0 -0.790220 -0.658734 0.282741
55.0 -0.938716 -0.721117 0.377352
56.0 -1.110311 -0.773321 0.494107
57.0 -1.277398 -0.806515 0.612892
58.0 -1.414487 -0.822225 0.712636
59.0 -1.501779 -0.827174 0.776732
"26.joint_LeftWrist"
"25.joint_LeftElbow"
24 0.000000 0.000000 0.000000 0.000000 0.000000 0.000000
2
0.0 1.639727 -1.373887 0.032935
59.0 1.639727 -1.373887 0.032935
60
0.0 0.144580 0.016090 0.199655
1.0 0.140226 0.005121 0.152798
2.0 0.150904 0.003721 0.133195
3.0 0.167063 0.008579 0.133167
4.0 0.177230 0.014815 0.144022
5.0 0.172848 0.016184 0.157134
6.0 0.152967 0.008353 0.165911
7.0 0.128948 -0.004940 0.164814
8.0 0.129305 -0.003858 0.153496
9.0 0.143018 0.008257 0.142612
10.0 0.164064 0.026488 0.142083
11.0 0.171425 0.035766 0.147180
12.0 0.159620 0.041201 0.155482
13.0 0.141169 0.045234 0.168308
14.0 0.119539 0.044634 0.181439
15.0 0.098897 0.037852 0.186280
16.0 0.083186 0.026883 0.163662
17.0 0.084676 0.009685 0.135325
18.0 0.128333 0.001844 0.101223
19.0 0.213269 0.012207 0.074021
20.0 0.299795 0.016316 0.074015
21.0 0.367919 0.010761 0.086692
22.0 0.409610 0.003358 0.084475
23.0 0.411094 -0.001938 0.052545
24.0 0.370103 0.002725 0.010519
25.0 0.315847 0.015549 -0.007190
26.0 0.277765 0.029119 0.009482
27.0 0.251461 0.036706 0.050237
28.0 0.219976 0.037056 0.103123
29.0 0.194221 0.030957 0.166599
30.0 0.169788 0.016015 0.235090
31.0 0.152246 0.015697 0.302514
32.0 0.143289 0.036468 0.344272
33.0 0.132886 0.048783 0.337509
34.0 0.130014 0.037147 0.297605
35.0 0.150900 0.005721 0.249239
36.0 0.223186 -0.002185 0.210525
37.0 0.314830 0.031141 0.186319
38.0 0.357445 0.081582 0.175897
39.0 0.338643 0.117959 0.166345
40.0 0.291163 0.132669 0.160117
41.0 0.261673 0.134173 0.162964
42.0 0.251306 0.124897 0.169468
43.0 0.253286 0.107728 0.175772
44.0 0.260539 0.087898 0.185403
45.0 0.270262 0.077241 0.201367
46.0 0.267914 0.083407 0.215235
47.0 0.254099 0.110542 0.217081
48.0 0.239942 0.147331 0.214056
49.0 0.224303 0.170470 0.213231
50.0 0.201167 0.162622 0.221718
51.0 0.167300 0.125567 0.247222
52.0 0.123333 0.073478 0.293354
53.0 0.091449 0.027967 0.352840
54.0 0.088379 -0.017363 0.399653
55.0 0.108219 -0.053335 0.418255
56.0 0.143018 -0.058370 0.407599
57.0 0.169385 -0.037905 0.373196
58.0 0.174791 -0.006719 0.322530
59.0 0.161758 0.016717 0.262634
