Bones: 19
"12.joint_HipMaster"
""
24 0.000000 0.000000 0.000000 0.000000 0.000000 0.000000
60
0.0 -0.000006 7.958748 0.000020
1.0 0.074914 8.015898 -0.030778
2.0 0.150976 8.158822 -0.061213
3.0 0.225295 8.344733 -0.088778
4.0 0.294988 8.530844 -0.110962
5.0 0.357171 8.674364 -0.125257
6.0 0.408959 8.732508 -0.129153
7.0 0.447470 8.702745 -0.112329
8.0 0.469818 8.621584 -0.071487
9.0 0.473121 8.504796 -0.014656
10.0 0.443253 8.368152 0.050139
11.0 0.372374 8.227425 0.114870
12.0 0.267033 8.098388 0.171509
13.0 0.133775 7.996809 0.221811
14.0 -0.020851 7.938463 0.270617
15.0 -0.184633 7.937550 0.314528
16.0 -0.320661 7.989600 0.350143
17.0 -0.426033 8.081145 0.374063
18.0 -0.503918 8.199091 0.382888
19.0 -0.557486 8.330336 0.374751
20.0 -0.589906 8.461786 0.357166
21.0 -0.604346 8.580339 0.332676
22.0 -0.603977 8.672901 0.302484
23.0 -0.580909 8.726371 0.267793
24.0 -0.529570 8.722071 0.229805
25.0 -0.456606 8.631125 0.189724
26.0 -0.368662 8.480137 0.148752
27.0 -0.272385 8.303255 0.108093
28.0 -0.174420 8.134629 0.068950
29.0 -0.081411 8.008409 0.032524
30.0 -0.000006 7.958748 0.000020
31.0 0.074914 8.015898 -0.030778
32.0 0.150976 8.158822 -0.061213
33.0 0.225295 8.344733 -0.088778
34.0 0.294988 8.530843 -0.110962
35.0 0.357171 8.674364 -0.125257
36.0 0.408959 8.732508 -0.129153
37.0 0.447470 8.702745 -0.112329
38.0 0.469818 8.621584 -0.071487
39.0 0.473121 8.504795 -0.014655
40.0 0.443253 8.368152 0.050139
41.0 0.372375 8.227425 0.114870
42.0 0.267033 8.098388 0.171509
43.0 0.133775 7.996809 0.221811
44.0 -0.020852 7.938463 0.270617
45.0 -0.184633 7.937550 0.314528
46.0 -0.320661 7.989599 0.350143
47.0 -0.426033 8.081146 0.374063
48.0 -0.503918 8.199091 0.382888
49.0 -0.557486 8.330336 0.374751
50.0 -0.589906 8.461786 0.357166
51.0 -0.604346 8.580340 0.332676
52.0 -0.603977 8.672901 0.302484
53.0 -0.580909 8.726371 0.267793
54.0 -0.529570 8.722070 0.229805
55.0 -0.456606 8.631125 0.189724
56.0 -0.368662 8.480137 0.148752
57.0 -0.272385 8.303255 0.108093
58.0 -0.174419 8.134628 0.068950
59.0 -0.081411 8.008409 0.032524
60
0.0 2.987895 -0.191272 3.116231
1.0 2.984374 -0.217518 3.139570
2.0 2.981598 -0.226456 -3.117733
3.0 2.981940 -0.222812 -3.090189
4.0 2.987763 -0.211313 -3.061867
5.0 3.001436 -0.164399 -3.033650
6.0 3.025315 -0.068725 -3.006420
7.0 3.057655 0.049650 -2.981060
8.0 3.094674 0.164671 -2.958452
9.0 3.132589 0.255837 -2.939481
10.0 -3.115566 0.338910 -2.925026
11.0 -3.087204 0.415095 -2.915973
12.0 -3.069290 0.480984 -2.913202
13.0 -3.066774 0.533169 -2.936993
14.0 -3.085829 0.568243 -2.995377
15.0 -3.119604 0.582797 -3.070864
16.0 3.123624 0.568711 3.137221
17.0 3.086014 0.526089 3.077243
18.0 3.059286 0.463858 3.027314
19.0 3.048869 0.390949 2.986715
20.0 3.041481 0.316288 2.956807
21.0 3.034396 0.247763 2.938950
22.0 3.027635 0.184578 2.934504
23.0 3.021219 0.125751 2.941954
24.0 3.015174 0.070959 2.957591
25.0 3.009519 0.019875 2.979489
26.0 3.004278 -0.027825 3.005720
27.0 2.999472 -0.072464 3.034359
28.0 2.995125 -0.114369 3.063476
29.0 2.991257 -0.153863 3.091146
30.0 2.987895 -0.191272 3.115442
31.0 2.984374 -0.217518 3.138698
32.0 2.981599 -0.226456 -3.118632
33.0 2.981940 -0.222812 -3.091061
34.0 2.987762 -0.211313 -3.062670
35.0 3.001435 -0.164398 -3.034352
36.0 3.025321 -0.068725 -3.006999
37.0 3.057673 0.049650 -2.981508
38.0 3.094707 0.164671 -2.958768
39.0 3.132635 0.255837 -2.939673
40.0 -3.115515 0.338911 -2.925120
41.0 -3.087160 0.415095 -2.915997
42.0 -3.069269 0.480984 -2.913202
43.0 -3.066793 0.533169 -2.936993
44.0 -3.085868 0.568243 -2.995377
45.0 -3.119643 0.582797 -3.070864
46.0 3.123596 0.568711 3.137221
47.0 3.086001 0.526088 3.077243
48.0 3.059283 0.463858 3.027314
49.0 3.048805 0.390949 2.986717
50.0 3.040953 0.316288 2.956807
51.0 3.033075 0.246855 2.938950
52.0 3.025334 0.177304 2.934504
53.0 3.017892 0.108070 2.944390
54.0 3.010913 0.041254 2.965952
55.0 3.004559 -0.021045 2.995183
56.0 2.998994 -0.076726 3.028081
57.0 2.994382 -0.123690 3.060639
58.0 2.990887 -0.159836 3.088854
59.0 2.988670 -0.183064 3.108719
"28.joint_RightHip"
"12.joint_HipMaster"
24 0.000000 0.000000 0.000000 0.000000 0.000000 0.000000
2
0.0 -0.674227 -0.727983 -0.131169
59.0 -0.674227 -0.727983 -0.131169
60
0.0 0.000136 -0.174042 -0.374536
1.0 0.014435 -0.178012 -0.337456
2.0 0.026177 -0.161444 -0.290664
3.0 0.039574 -0.134210 -0.239965
4.0 0.057424 -0.106559 -0.190097
5.0 0.068197 -0.057024 -0.139306
6.0 0.047807 0.023036 -0.091541
7.0 -0.009927 0.102889 -0.055982
8.0 -0.078280 0.149375 -0.034504
9.0 -0.146493 0.160161 -0.022677
10.0 -0.208795 0.176368 -0.020539
11.0 -0.261635 0.201640 -0.028997
12.0 -0.302382 0.234514 -0.046051
13.0 -0.343444 0.270527 -0.090402
14.0 -0.382640 0.308335 -0.166956
15.0 -0.405137 0.352939 -0.256772
16.0 -0.391752 0.396869 -0.339857
17.0 -0.329776 0.437078 -0.403816
18.0 -0.190777 0.469466 -0.456925
19.0 -0.121709 0.491211 -0.501509
20.0 -0.083347 0.509866 -0.528606
21.0 -0.037519 0.524931 -0.536073
22.0 0.013404 0.527836 -0.524443
23.0 0.065325 0.509631 -0.498666
24.0 0.113152 0.453322 -0.468712
25.0 0.153926 0.356431 -0.443845
26.0 0.188717 0.232291 -0.426618
27.0 0.145583 0.097172 -0.415973
28.0 0.034640 -0.029100 -0.408258
29.0 -0.000125 -0.125871 -0.397451
30.0 0.000162 -0.173919 -0.375491
31.0 0.014479 -0.177896 -0.338517
32.0 0.026202 -0.161292 -0.291743
33.0 0.039550 -0.134037 -0.240993
34.0 0.057318 -0.106409 -0.191036
35.0 0.067951 -0.056936 -0.140126
36.0 0.047434 0.023060 -0.092221
37.0 -0.010285 0.102883 -0.056512
38.0 -0.078563 0.149358 -0.034882
39.0 -0.146692 0.160100 -0.022911
40.0 -0.208918 0.176221 -0.020651
41.0 -0.261694 0.201409 -0.029015
42.0 -0.302397 0.234256 -0.046025
43.0 -0.343417 0.270348 -0.090367
44.0 -0.382605 0.308397 -0.166952
45.0 -0.405125 0.353256 -0.256825
46.0 -0.391767 0.397293 -0.339942
47.0 -0.329804 0.437501 -0.403902
48.0 -0.190808 0.469834 -0.456996
49.0 -0.121654 0.491529 -0.501519
50.0 -0.082747 0.510358 -0.528341
51.0 -0.035357 0.525079 -0.535114
52.0 0.021013 0.523290 -0.521585
53.0 0.081066 0.496905 -0.490754
54.0 0.136741 0.429876 -0.453307
55.0 0.182681 0.321635 -0.422326
56.0 0.219393 0.188127 -0.402090
57.0 0.197212 0.048589 -0.391990
58.0 0.066564 -0.073943 -0.388198
59.0 0.019083 -0.155579 -0.384625
"29.!joint_RightKnee"
"28.joint_RightHip"
24 0.000000 0.000000 0.000000 0.000000 0.000000 0.000000
2
0.0 -0.133781 -3.476813 -0.240881
59.0 -0.133781 -3.476813 -0.240881
60
0.0 0.559867 -0.000000 0.000000
1.0 0.545434 -0.000000 0.000000
2.0 0.497335 -0.000000 0.000000
3.0 0.422318 -0.000000 0.000000
4.0 0.327669 -0.000000 0.000000
5.0 0.230913 0.000000 0.000000
6.0 0.178919 -0.000000 0.000000
7.0 0.193167 -0.000000 0.000000
8.0 0.230358 -0.000000 0.000000
9.0 0.276939 -0.000000 0.000000
10.0 0.318465 0.000000 0.000000
11.0 0.349324 -0.000000 0.000000
12.0 0.369195 -0.000000 0.000000
13.0 0.387137 -0.000000 0.000000
14.0 0.401469 -0.000000 0.000000
15.0 0.397522 -0.000000 0.000000
16.0 0.357297 -0.000000 0.000000
17.0 0.264324 -0.000000 0.000000
18.0 0.036563 0.000000 0.000000
19.0 -0.047762 0.000000 -0.000000
20.0 -0.047762 0.000000 -0.000000
21.0 -0.047763 0.000000 -0.000000
22.0 -0.047762 0.000000 -0.000000
23.0 -0.047763 0.000000 -0.000000
24.0 -0.047763 -0.000000 0.000000
25.0 -0.047762 -0.000000 0.000000
26.0 -0.047763 0.000000 -0.000000
27.0 0.102566 0.000000 0.000000
28.0 0.386815 -0.000000 0.000000
29.0 0.513820 -0.000000 0.000000
30.0 0.560060 -0.000000 0.000000
31.0 0.545687 -0.000000 0.000000
32.0 0.497667 -0.000000 0.000001
33.0 0.422747 -0.000000 0.000000
34.0 0.328228 -0.000000 0.000000
35.0 0.231649 0.000000 0.000000
36.0 0.179737 0.000000 0.000000
37.0 0.193788 -0.000000 0.000000
38.0 0.230726 -0.000000 0.000000
39.0 0.277116 0.000000 0.000000
40.0 0.318521 -0.000000 0.000000
41.0 0.349322 0.000000 0.000000
42.0 0.369188 0.000000 0.000000
43.0 0.387146 -0.000000 0.000000
44.0 0.401486 -0.000000 0.000000
45.0 0.397543 -0.000000 0.000000
46.0 0.357315 -0.000000 0.000000
47.0 0.264333 -0.000000 0.000000
48.0 0.036568 0.000000 0.000000
49.0 -0.047762 -0.000000 0.000000
50.0 -0.047762 0.000000 0.000000
51.0 -0.047763 -0.000000 -0.000000
52.0 -0.047763 0.000000 -0.000000
53.0 -0.047762 0.000000 -0.000000
54.0 -0.047762 -0.000000 -0.000000
55.0 -0.047762 -0.000000 -0.000000
56.0 -0.047763 -0.000000 0.000000
57.0 0.057729 -0.000000 -0.000000
58.0 0.371771 -0.000000 0.000000
59.0 0.505041 -0.000000 0.000000
"30.!joint_RightFoot"
"29.!joint_RightKnee"
24 0.000000 0.000000 0.000000 0.000000 0.000000 0.000000
2
0.0 -0.030686 -3.274578 -0.524998
59.0 -0.030686 -3.274578 -0.524998
60
0.0 -0.222724 0.064049 0.199627
1.0 -0.203733 0.060030 0.203421
2.0 -0.130203 0.039196 0.207429
3.0 -0.020393 0.009875 0.209442
4.0 0.107443 -0.019257 0.207236
5.0 0.233229 -0.039358 0.199970
6.0 0.325903 -0.039636 0.190644
7.0 0.367490 -0.012785 0.181578
8.0 0.369762 0.043065 0.169796
9.0 0.340786 0.106292 0.155327
10.0 0.292492 0.151111 0.143776
11.0 0.234207 0.175553 0.137120
12.0 0.171738 0.178752 0.134455
13.0 0.107829 0.162049 0.136261
14.0 0.047669 0.124720 0.142384
15.0 0.000606 0.062359 0.150214
16.0 -0.019063 -0.021433 0.154544
17.0 0.005936 -0.120659 0.151753
18.0 0.126967 -0.229245 0.125538
19.0 0.199100 -0.321282 0.104216
20.0 0.239509 -0.401071 0.098774
21.0 0.282600 -0.466463 0.098897
22.0 0.319139 -0.511516 0.104681
23.0 0.341749 -0.530029 0.114594
24.0 0.345219 -0.506392 0.126347
25.0 0.319935 -0.438352 0.140034
26.0 0.270219 -0.339126 0.154983
27.0 0.133445 -0.211525 0.187351
28.0 -0.065030 -0.073153 0.207237
29.0 -0.173921 0.023103 0.202306
30.0 -0.222789 0.064191 0.199744
31.0 -0.203824 0.060216 0.203541
32.0 -0.130345 0.039356 0.207564
33.0 -0.020599 0.009998 0.209586
34.0 0.107166 -0.019143 0.207378
35.0 0.232866 -0.039222 0.200099
36.0 0.325503 -0.039488 0.190753
37.0 0.367191 -0.012675 0.181652
38.0 0.369588 0.043130 0.169837
39.0 0.340697 0.106367 0.155344
40.0 0.292446 0.151256 0.143770
41.0 0.234165 0.175774 0.137092
42.0 0.171669 0.179004 0.134415
43.0 0.107719 0.162227 0.136228
44.0 0.047520 0.124668 0.142390
45.0 0.000442 0.062056 0.150271
46.0 -0.019184 -0.021843 0.154620
47.0 0.005908 -0.121076 0.151817
48.0 0.127009 -0.229614 0.125557
49.0 0.199166 -0.321568 0.104218
50.0 0.239503 -0.401284 0.098776
51.0 0.282364 -0.466676 0.098899
52.0 0.318074 -0.511971 0.104820
53.0 0.339469 -0.531102 0.114691
54.0 0.341747 -0.507987 0.125911
55.0 0.315403 -0.440032 0.138855
56.0 0.264895 -0.340319 0.153105
57.0 0.150544 -0.216075 0.180229
58.0 -0.062698 -0.074639 0.204294
59.0 -0.172928 0.022431 0.200583
"32.joint_LeftHip"
"12.joint_HipMaster"
24 0.000000 0.000000 0.000000 0.000000 0.000000 0.000000
2
0.0 0.674223 -0.727984 -0.131174
59.0 0.674223 -0.727984 -0.131174
60
0.0 -0.088950 0.012337 0.262559
1.0 -0.125239 -0.027224 0.285966
2.0 -0.171834 -0.068295 0.311381
3.0 -0.202869 -0.109642 0.336268
4.0 -0.197795 -0.150037 0.357921
5.0 -0.157936 -0.163268 0.380740
6.0 -0.119438 -0.139376 0.407674
7.0 -0.093081 -0.102136 0.432988
8.0 -0.069090 -0.073295 0.450946
9.0 -0.049843 -0.070915 0.459450
10.0 -0.027275 -0.074339 0.452618
11.0 -0.009797 -0.075820 0.428582
12.0 0.001442 -0.075608 0.393914
13.0 0.001131 -0.058355 0.340516
14.0 -0.006951 -0.024508 0.267675
15.0 -0.011438 0.031797 0.197910
16.0 -0.000834 0.089921 0.144088
17.0 0.030866 0.137112 0.112180
18.0 0.077797 0.169688 0.088163
19.0 0.145988 0.183027 0.065638
20.0 0.309376 0.177173 0.048485
21.0 0.297029 0.172499 0.039798
22.0 0.291039 0.169529 0.042274
23.0 0.289150 0.165002 0.056163
24.0 0.288095 0.156689 0.078757
25.0 0.286291 0.143280 0.108419
26.0 0.282133 0.124817 0.142341
27.0 0.215788 0.101746 0.177606
28.0 0.046074 0.074747 0.211297
29.0 -0.038706 0.044622 0.240425
30.0 -0.087082 0.012151 0.261877
31.0 -0.129464 -0.022657 0.280860
32.0 -0.176511 -0.059975 0.303648
33.0 -0.206303 -0.099439 0.327457
34.0 -0.200764 -0.140467 0.349458
35.0 -0.161384 -0.156556 0.373747
36.0 -0.122629 -0.136688 0.402581
37.0 -0.095184 -0.103071 0.429728
38.0 -0.069864 -0.076313 0.449111
39.0 -0.049913 -0.073903 0.458385
40.0 -0.027329 -0.075882 0.452010
41.0 -0.009854 -0.076050 0.428470
42.0 0.001418 -0.075619 0.393907
43.0 0.001155 -0.058370 0.340512
44.0 -0.006903 -0.024510 0.267676
45.0 -0.011390 0.031804 0.197917
46.0 -0.001067 0.089877 0.144150
47.0 0.028627 0.136784 0.112534
48.0 0.071723 0.169088 0.088815
49.0 0.132946 0.182300 0.066463
50.0 0.306581 0.176643 0.049174
51.0 0.295169 0.172651 0.038728
52.0 0.291107 0.165925 0.037695
53.0 0.292340 0.153806 0.050029
54.0 0.291446 0.136045 0.074768
55.0 0.286228 0.113730 0.108260
56.0 0.276154 0.089109 0.146174
57.0 0.101064 0.064534 0.184465
58.0 -0.010868 0.042194 0.219308
59.0 -0.072805 0.024118 0.246778
"33.!joint_LeftKnee"
"32.joint_LeftHip"
24 0.000000 0.000000 0.000000 0.000000 0.000000 0.000000
2
0.0 0.133781 -3.476814 -0.240874
59.0 0.133781 -3.476814 -0.240874
60
0.0 0.601994 -0.000000 0.000000
1.0 0.645669 -0.000000 0.000000
2.0 0.719260 -0.000000 0.000000
3.0 0.764465 -0.000000 0.000000
4.0 0.732847 -0.000001 -0.000000
5.0 0.650866 -0.000000 0.000000
6.0 0.607534 -0.000000 0.000000
7.0 0.610537 -0.000000 0.000000
8.0 0.630580 -0.000000 0.000000
9.0 0.654878 -0.000000 0.000000
10.0 0.682514 -0.000000 0.000000
11.0 0.718514 -0.000000 0.000001
12.0 0.756131 -0.000000 0.000000
13.0 0.785698 -0.000000 0.000000
14.0 0.796256 -0.000000 0.000000
15.0 0.777121 -0.000000 0.000000
16.0 0.724149 0.000000 0.000000
17.0 0.637527 -0.000000 0.000000
18.0 0.511090 -0.000000 0.000000
19.0 0.322027 0.000000 0.000000
20.0 -0.047762 0.000000 0.000000
21.0 -0.047762 0.000000 -0.000000
22.0 -0.047762 -0.000000 -0.000000
23.0 -0.047763 -0.000000 -0.000000
24.0 -0.047762 0.000000 0.000000
25.0 -0.047762 -0.000000 0.000000
26.0 -0.047762 -0.000000 -0.000000
27.0 0.071049 -0.000000 0.000000
28.0 0.391411 -0.000000 0.000000
29.0 0.534770 -0.000000 0.000000
30.0 0.600975 -0.000000 0.000000
31.0 0.660180 -0.000000 0.000000
32.0 0.736254 -0.000000 0.000000
33.0 0.778873 -0.000000 0.000000
34.0 0.745004 -0.000000 0.000000
35.0 0.661727 -0.000000 0.000000
36.0 0.615481 -0.000000 0.000000
37.0 0.614807 -0.000000 0.000000
38.0 0.631844 -0.000000 0.000000
39.0 0.654893 -0.000000 0.000000
40.0 0.682519 -0.000000 0.000000
41.0 0.718521 -0.000000 0.000000
42.0 0.756134 -0.000000 0.000000
43.0 0.785696 0.000000 0.000000
44.0 0.796249 -0.000000 0.000000
45.0 0.777115 0.000000 0.000000
46.0 0.724479 -0.000000 0.000000
47.0 0.640464 -0.000000 0.000000
48.0 0.519604 -0.000000 0.000000
49.0 0.342711 -0.000000 0.000000
50.0 -0.047762 0.000000 -0.000000
51.0 -0.047762 0.000000 -0.000000
52.0 -0.047762 0.000000 0.000000
53.0 -0.047763 -0.000000 -0.000000
54.0 -0.047762 -0.000000 -0.000000
55.0 -0.047762 -0.000000 0.000000
56.0 -0.047762 -0.000000 -0.000000
57.0 0.277578 -0.000000 0.000000
58.0 0.474232 -0.000000 0.000000
59.0 0.576689 -0.000000 0.000000
"34.!joint_LeftFoot"
"33.!joint_LeftKnee"
24 0.000000 0.000000 0.000000 0.000000 0.000000 0.000000
2
0.0 0.030688 -3.274577 -0.524990
59.0 0.030688 -3.274577 -0.524990
60
0.0 -0.219507 -0.069573 -0.213065
1.0 -0.162477 -0.061416 -0.221022
2.0 -0.052398 -0.054581 -0.234862
3.0 0.074336 -0.043577 -0.251694
4.0 0.176378 -0.021434 -0.266805
5.0 0.239126 0.010556 -0.278916
6.0 0.263230 0.042485 -0.292217
7.0 0.248639 0.073352 -0.307299
8.0 0.211216 0.096307 -0.316476
9.0 0.163249 0.107538 -0.311240
10.0 0.111826 0.100079 -0.277992
11.0 0.064613 0.088842 -0.223503
12.0 0.026373 0.107980 -0.184169
13.0 -0.001016 0.161702 -0.178073
14.0 -0.018222 0.226929 -0.194553
15.0 -0.020107 0.262470 -0.210774
16.0 -0.003889 0.246859 -0.222126
17.0 0.037094 0.175123 -0.218923
18.0 0.101717 0.083032 -0.218848
19.0 0.197475 0.001639 -0.231443
20.0 0.377358 -0.035716 -0.258132
21.0 0.372763 -0.106902 -0.277007
22.0 0.362774 -0.167508 -0.291155
23.0 0.345623 -0.210431 -0.301447
24.0 0.319174 -0.227026 -0.307946
25.0 0.277086 -0.210933 -0.309511
26.0 0.225254 -0.171199 -0.303466
27.0 0.113789 -0.135566 -0.280722
28.0 -0.090119 -0.120293 -0.242921
29.0 -0.189367 -0.088086 -0.222673
30.0 -0.220206 -0.069531 -0.213216
31.0 -0.171844 -0.065275 -0.214492
32.0 -0.062974 -0.060560 -0.224099
33.0 0.065752 -0.050162 -0.239179
34.0 0.169867 -0.027593 -0.255255
35.0 0.233880 0.006065 -0.270331
36.0 0.259383 0.041106 -0.287194
37.0 0.246144 0.074919 -0.305539
38.0 0.209723 0.099408 -0.316965
39.0 0.162358 0.110400 -0.312334
40.0 0.111405 0.101593 -0.278580
41.0 0.064563 0.089081 -0.223592
42.0 0.026371 0.107988 -0.184167
43.0 -0.001024 0.161734 -0.178098
44.0 -0.018242 0.227011 -0.194628
45.0 -0.020136 0.262582 -0.210879
46.0 -0.003966 0.246916 -0.222276
47.0 0.036464 0.174930 -0.219448
48.0 0.099416 0.082455 -0.219788
49.0 0.190181 -0.000039 -0.232385
50.0 0.380594 -0.034734 -0.258901
51.0 0.375928 -0.106591 -0.273186
52.0 0.364540 -0.168625 -0.277497
53.0 0.344192 -0.214065 -0.276430
54.0 0.316990 -0.233423 -0.274210
55.0 0.279913 -0.220001 -0.272631
56.0 0.237120 -0.182416 -0.271667
57.0 0.033882 -0.173259 -0.247793
58.0 -0.104483 -0.139766 -0.230009
59.0 -0.190780 -0.097689 -0.212597
"10.joint_Torso"
"12.joint_HipMaster"
24 0.000000 0.000000 0.000000 0.000000 0.000000 0.000000
2
0.0 0.000000 0.044082 0.000009
59.0 0.000000 0.044082 0.000009
60
0.0 0.069531 -0.228351 -0.094029
1.0 0.091787 -0.139008 -0.100147
2.0 0.111520 -0.029339 -0.096879
3.0 0.126278 0.065256 -0.091004
4.0 0.131761 0.109547 -0.090205
5.0 0.121231 0.127188 -0.091725
6.0 0.091240 0.153679 -0.090012
7.0 0.047103 0.172009 -0.086115
8.0 -0.003070 0.165510 -0.078422
9.0 -0.052276 0.123090 -0.063424
10.0 -0.097494 0.069630 -0.038771
11.0 -0.133091 0.015098 -0.001652
12.0 -0.173184 -0.035624 0.063554
13.0 -0.234694 -0.071696 0.125020
14.0 -0.298427 -0.092314 0.165427
15.0 -0.346146 -0.108921 0.192186
16.0 -0.360491 -0.136234 0.210395
17.0 -0.330119 -0.180118 0.219825
18.0 -0.300243 -0.231922 0.204910
19.0 -0.279441 -0.283194 0.173672
20.0 -0.248584 -0.331415 0.140338
21.0 -0.209506 -0.369094 0.106791
22.0 -0.169290 -0.396591 0.075745
23.0 -0.136066 -0.414156 0.047717
24.0 -0.107475 -0.421206 0.021284
25.0 -0.076536 -0.417448 -0.003377
26.0 -0.044652 -0.402621 -0.026086
27.0 -0.013087 -0.376494 -0.046682
28.0 0.017068 -0.338851 -0.065056
29.0 0.044896 -0.289490 -0.081127
30.0 0.069672 -0.228219 -0.094826
31.0 0.091963 -0.138856 -0.101012
32.0 0.111708 -0.029180 -0.097749
33.0 0.126458 0.065408 -0.091832
34.0 0.131919 0.109682 -0.090963
35.0 0.121292 0.125065 -0.092757
36.0 0.091123 0.146060 -0.091555
37.0 0.046867 0.157559 -0.087740
38.0 -0.003264 0.144865 -0.079441
39.0 -0.052352 0.098871 -0.063440
40.0 -0.097525 0.046395 -0.037960
41.0 -0.133139 -0.000700 -0.000807
42.0 -0.173205 -0.035623 0.063553
43.0 -0.234675 -0.058132 0.125011
44.0 -0.298459 -0.076443 0.166279
45.0 -0.346242 -0.097548 0.193475
46.0 -0.360567 -0.131636 0.211165
47.0 -0.330106 -0.180122 0.219823
48.0 -0.300151 -0.233697 0.204522
49.0 -0.279206 -0.286199 0.173056
50.0 -0.247808 -0.335215 0.139477
51.0 -0.207948 -0.374162 0.105529
52.0 -0.167127 -0.407955 0.073505
53.0 -0.132778 -0.435814 0.046115
54.0 -0.102789 -0.454975 0.023346
55.0 -0.070903 -0.462596 0.003950
56.0 -0.038885 -0.455859 -0.013439
57.0 -0.008000 -0.431935 -0.030341
58.0 0.020872 -0.387962 -0.048353
59.0 0.047004 -0.321060 -0.069069
"11.joint_Torso2"
"10.joint_Torso"
24 0.000000 0.000000 0.000000 0.000000 0.000000 0.000000
2
0.0 0.000000 2.073170 -0.360720
59.0 0.000000 2.073170 -0.360720
60
0.0 -0.000000 -0.000000 -0.000000
1.0 0.000000 -0.000000 0.000000
2.0 0.000000 -0.000000 0.000000
3.0 0.000000 -0.000000 -0.000000
4.0 0.000000 0.000000 0.000000
5.0 0.000000 -0.000000 -0.000000
6.0 -0.000000 0.000000 0.000000
7.0 0.000000 0.000000 -0.000000
8.0 -0.000000 -0.000000 0.000000
9.0 -0.000000 0.000000 0.000000
10.0 0.000000 -0.000000 0.000000
11.0 0.000000 -0.000000 -0.000000
12.0 -0.000000 -0.000000 0.000000
13.0 0.000000 -0.000000 0.000000
14.0 0.000000 0.000000 0.000000
15.0 0.000000 0.000000 0.000000
16.0 0.000000 0.000000 -0.000000
17.0 0.000000 -0.000000 -0.000000
18.0 -0.000000 -0.000000 -0.000000
19.0 0.000000 -0.000000 0.000000
20.0 0.000000 0.000000 0.000000
21.0 0.000000 0.000000 -0.000000
22.0 0.000000 0.000000 -0.000000
23.0 0.000000 0.000000 0.000000
24.0 0.000000 0.000000 0.000000
25.0 -0.000000 0.000000 0.000000
26.0 -0.000000 -0.000000 -0.000000
27.0 -0.000000 0.000000 -0.000000
28.0 -0.000000 0.000000 -0.000000
29.0 -0.000000 0.000000 0.000000
30.0 0.000000 -0.000000 -0.000000
31.0 -0.000000 0.000000 0.000000
32.0 0.000000 0.000000 0.000000
33.0 0.000000 0.000000 -0.000000
34.0 -0.000000 -0.000000 -0.000000
35.0 -0.000000 0.000000 0.000000
36.0 -0.000000 0.000000 -0.000000
37.0 -0.000000 0.000000 0.000000
38.0 0.000000 0.000000 0.000000
39.0 0.000000 -0.000000 0.000000
40.0 -0.000000 -0.000000 0.000000
41.0 -0.000000 -0.000000 0.000000
42.0 0.000000 -0.000000 0.000000
43.0 -0.000000 -0.000000 -0.000000
44.0 -0.000000 -0.000000 -0.000000
45.0 -0.000000 0.000000 -0.000000
46.0 0.000000 0.000000 -0.000000
47.0 0.000000 -0.000000 -0.000000
48.0 -0.000000 0.000000 0.000000
49.0 0.000000 0.000000 -0.000000
50.0 0.000000 -0.000000 0.000000
51.0 0.000000 -0.000000 0.000000
52.0 -0.000000 -0.000000 0.000000
53.0 -0.000000 -0.000000 0.000000
54.0 0.000000 0.000000 0.000000
55.0 -0.000000 -0.000000 0.000000
56.0 0.000000 0.000000 0.000000
57.0 0.000000 -0.000000 0.000000
58.0 -0.000000 -0.000000 0.000000
59.0 -0.000000 -0.000000 0.000000
"13.joint_Neck"
"11.joint_Torso2"
24 0.000000 0.000000 0.000000 0.000000 0.000000 0.000000
2
0.0 0.000000 2.094352 -0.266449
59.0 0.000000 2.094352 -0.266449
60
0.0 0.248722 0.125186 0.069327
1.0 0.212825 0.014090 0.149087
2.0 0.149063 -0.085606 0.219809
3.0 0.072390 -0.151720 0.282608
4.0 0.004229 -0.165011 0.334519
5.0 -0.041883 -0.134027 0.372907
6.0 -0.067128 -0.090501 0.398728
7.0 -0.071990 -0.050594 0.412873
8.0 -0.059322 0.003556 0.414806
9.0 -0.033400 0.093240 0.408591
10.0 0.002335 0.208469 0.400017
11.0 0.043849 0.340214 0.386029
12.0 0.105747 0.475726 0.351597
13.0 0.192159 0.595302 0.316033
14.0 0.278871 0.697707 0.279238
15.0 0.347173 0.790552 0.232834
16.0 0.366831 0.874395 0.155815
17.0 0.305286 0.938564 0.023923
18.0 0.223185 0.964570 -0.106476
19.0 0.148261 0.953464 -0.214052
20.0 0.084994 0.920243 -0.302694
21.0 0.047379 0.871523 -0.358640
22.0 0.040981 0.813519 -0.376871
23.0 0.066470 0.751110 -0.358275
24.0 0.109197 0.683224 -0.316731
25.0 0.152666 0.607040 -0.265322
26.0 0.192776 0.523070 -0.207703
27.0 0.226276 0.432094 -0.146598
28.0 0.250631 0.335142 -0.083985
29.0 0.263944 0.233419 -0.021377
30.0 0.264886 0.128164 0.039910
31.0 0.249902 0.017753 0.100116
32.0 0.216639 -0.083729 0.161457
33.0 0.172518 -0.152613 0.222993
34.0 0.127171 -0.167697 0.280031
35.0 0.083925 -0.134608 0.327368
36.0 0.048707 -0.084955 0.363227
37.0 0.025953 -0.037533 0.386385
38.0 0.016193 0.023357 0.394375
39.0 0.017225 0.117552 0.389786
40.0 0.027108 0.233971 0.377362
41.0 0.043686 0.362017 0.354223
42.0 0.086007 0.486643 0.307691
43.0 0.170485 0.598381 0.258467
44.0 0.274993 0.703854 0.211476
45.0 0.370873 0.804922 0.158828
46.0 0.417564 0.895887 0.076211
47.0 0.373604 0.960476 -0.065346
48.0 0.298978 0.982762 -0.204057
49.0 0.220177 0.967450 -0.314302
50.0 0.151423 0.929978 -0.401851
51.0 0.107859 0.877982 -0.454689
52.0 0.093798 0.818205 -0.469612
53.0 0.110060 0.755778 -0.447436
54.0 0.144760 0.688802 -0.397861
55.0 0.181249 0.613181 -0.334328
56.0 0.214590 0.528962 -0.261503
57.0 0.240812 0.436695 -0.182798
58.0 0.256782 0.337496 -0.100529
59.0 0.260057 0.232992 -0.016165
"14.joint_Head"
"13.joint_Neck"
24 0.000000 0.000000 0.000000 0.000000 0.000000 0.000000
2
0.0 0.000000 0.645011 0.006356
59.0 0.000000 0.645011 0.006356
60
0.0 0.172397 -0.043910 -0.023847
1.0 0.179784 -0.007139 -0.036302
2.0 0.198091 0.009955 -0.039153
3.0 0.224849 0.013075 -0.034826
4.0 0.257530 0.007768 -0.026074
5.0 0.293948 -0.000269 -0.015223
6.0 0.332384 -0.005073 -0.003708
7.0 0.371526 -0.000446 0.008062
8.0 0.409628 0.005770 0.019237
9.0 0.443562 0.003234 0.027309
10.0 0.470408 -0.005342 0.030570
11.0 0.487743 -0.017616 0.030041
12.0 0.493397 -0.032000 0.029785
13.0 0.489864 -0.046400 0.029391
14.0 0.481620 -0.058756 0.028053
15.0 0.469570 -0.066948 0.024913
16.0 0.454791 -0.068938 0.018936
17.0 0.437012 -0.063712 0.016535
18.0 0.415476 -0.049675 0.022996
19.0 0.391097 -0.025588 0.035092
20.0 0.364877 0.000068 0.048959
21.0 0.337861 0.023354 0.061809
22.0 0.311028 0.041384 0.071372
23.0 0.285109 0.049448 0.076334
24.0 0.260393 0.046744 0.077619
25.0 0.237138 0.036039 0.075609
26.0 0.215564 0.020117 0.070298
27.0 0.195901 0.001768 0.061372
28.0 0.178469 -0.016200 0.048240
29.0 0.163752 -0.030944 0.030095
30.0 0.152461 -0.039557 0.005967
31.0 0.141849 0.000071 0.012340
32.0 0.135380 0.018007 0.017513
33.0 0.133737 0.020585 0.022075
34.0 0.143648 0.013992 0.026216
35.0 0.175079 0.004247 0.029663
36.0 0.222598 -0.002191 0.032126
37.0 0.280439 0.001208 0.034742
38.0 0.341950 0.006502 0.040099
39.0 0.400147 0.002676 0.047938
40.0 0.448810 -0.008058 0.056134
41.0 0.481640 -0.022983 0.063433
42.0 0.492458 -0.039101 0.069606
43.0 0.477455 -0.053501 0.075053
44.0 0.442151 -0.064108 0.079660
45.0 0.394732 -0.069418 0.082363
46.0 0.343612 -0.068381 0.081265
47.0 0.295876 -0.060134 0.081700
48.0 0.258134 -0.042742 0.088023
49.0 0.235805 -0.015873 0.097248
50.0 0.217850 0.012264 0.108187
51.0 0.202286 0.037498 0.119216
52.0 0.189481 0.056679 0.128721
53.0 0.179709 0.064982 0.135078
54.0 0.173066 0.061381 0.135496
55.0 0.169001 0.048737 0.129189
56.0 0.166909 0.030034 0.115588
57.0 0.166304 0.008304 0.094072
58.0 0.166926 -0.013363 0.064036
59.0 0.168818 -0.031835 0.024906
"16.joint_RightShoulder"
"11.joint_Torso2"
24 0.000000 0.000000 0.000000 0.000000 0.000000 0.000000
2
0.0 -0.789728 2.120316 -0.238215
59.0 -0.789728 2.120316 -0.238215
60
0.0 0.677025 1.168583 0.459814
1.0 0.599624 1.111589 0.375774
2.0 0.517299 1.026879 0.277036
3.0 0.463682 0.946198 0.198720
4.0 0.439937 0.904527 0.145963
5.0 0.448081 0.903806 0.120229
6.0 0.490437 0.914325 0.119718
7.0 0.546251 0.922321 0.130985
8.0 0.596601 0.910778 0.139037
9.0 0.623486 0.854505 0.128238
10.0 0.623708 0.732723 0.103227
11.0 0.603427 0.559026 0.067787
12.0 0.587707 0.361116 0.017852
13.0 0.581900 0.159289 -0.039179
14.0 0.565990 -0.049965 -0.103712
15.0 0.529559 -0.221062 -0.161572
16.0 0.513280 -0.283116 -0.195676
17.0 0.501434 -0.242165 -0.186333
18.0 0.505028 -0.092925 -0.122836
19.0 0.539362 0.147593 -0.006078
20.0 0.590951 0.378031 0.121410
21.0 0.606633 0.521430 0.191764
22.0 0.594507 0.618800 0.211575
23.0 0.573654 0.706854 0.209984
24.0 0.547683 0.799383 0.206608
25.0 0.523336 0.902692 0.218328
26.0 0.512096 1.015721 0.267734
27.0 0.551136 1.114900 0.361247
28.0 0.629699 1.176281 0.462680
29.0 0.696476 1.185222 0.485350
30.0 0.677025 1.168583 0.459814
31.0 0.596760 1.109663 0.373441
32.0 0.511821 1.021452 0.273016
33.0 0.457042 0.937321 0.194492
34.0 0.432677 0.892914 0.141950
35.0 0.439408 0.892869 0.115871
36.0 0.479188 0.909036 0.113892
37.0 0.534341 0.927988 0.124509
38.0 0.586170 0.928263 0.133491
39.0 0.614972 0.880083 0.124214
40.0 0.616973 0.759710 0.100740
41.0 0.598753 0.577616 0.066699
42.0 0.587706 0.361116 0.017851
43.0 0.587826 0.143662 -0.040681
44.0 0.574784 -0.068387 -0.108001
45.0 0.537583 -0.234000 -0.166487
46.0 0.517344 -0.287223 -0.197854
47.0 0.501760 -0.240981 -0.186047
48.0 0.503760 -0.090440 -0.121978
49.0 0.537160 0.150705 -0.005321
50.0 0.588728 0.382060 0.122191
51.0 0.610513 0.524111 0.191142
52.0 0.605998 0.617346 0.205306
53.0 0.582856 0.700095 0.191299
54.0 0.542493 0.786305 0.165765
55.0 0.495047 0.881681 0.141517
56.0 0.461216 0.983962 0.135658
57.0 0.466409 1.080984 0.168510
58.0 0.520154 1.152655 0.245558
59.0 0.601767 1.183589 0.350131
"18.joint_RightArm"
"16.joint_RightShoulder"
24 0.000000 0.000000 0.000000 0.000000 0.000000 0.000000
2
0.0 -0.645846 -0.165336 -0.009176
59.0 -0.645846 -0.165336 -0.009176
60
0.0 -0.000000 0.000000 0.383972
1.0 -0.000000 0.000000 0.383972
2.0 -0.000000 0.000000 0.383972
3.0 -0.000000 0.000000 0.383972
4.0 -0.000000 0.000000 0.383972
5.0 -0.000000 0.000000 0.383972
6.0 -0.000000 -0.000000 0.383972
7.0 -0.000000 -0.000000 0.383972
8.0 -0.000000 0.000000 0.383972
9.0 -0.000000 0.000000 0.383972
10.0 -0.000000 0.000000 0.383972
11.0 -0.000000 0.000000 0.383972
12.0 -0.000000 0.000000 0.383972
13.0 -0.000000 0.000000 0.383972
14.0 -0.000000 0.000000 0.383972
15.0 -0.000000 0.000000 0.383972
16.0 -0.000000 -0.000000 0.383972
17.0 -0.000000 0.000000 0.383972
18.0 -0.000000 -0.000000 0.383972
19.0 -0.000000 0.000000 0.383972
20.0 -0.000000 0.000000 0.383972
21.0 -0.000000 0.000000 0.383972
22.0 -0.000000 0.000000 0.383972
23.0 -0.000000 0.000000 0.383972
24.0 -0.000000 0.000000 0.383972
25.0 -0.000000 0.000000 0.383972
26.0 -0.000000 -0.000000 0.383972
27.0 -0.000000 -0.000000 0.383972
28.0 -0.000000 -0.000000 0.383972
29.0 -0.000000 -0.000000 0.383972
30.0 -0.000000 0.000000 0.383972
31.0 -0.000000 -0.000000 0.383972
32.0 -0.000000 -0.000000 0.383972
33.0 -0.000000 -0.000000 0.383972
34.0 -0.000000 0.000000 0.383972
35.0 -0.000000 -0.000000 0.383972
36.0 -0.000000 0.000000 0.383972
37.0 -0.000000 -0.000000 0.383972
38.0 -0.000000 0.000000 0.383972
39.0 -0.000000 0.000000 0.383972
40.0 -0.000000 0.000000 0.383972
41.0 -0.000000 0.000000 0.383972
42.0 -0.000000 -0.000000 0.383972
43.0 -0.000000 -0.000000 0.383972
44.0 -0.000000 -0.000000 0.383972
45.0 -0.000000 -0.000000 0.383972
46.0 -0.000000 0.000000 0.383972
47.0 -0.000000 0.000000 0.383972
48.0 -0.000000 0.000000 0.383972
49.0 -0.000000 0.000000 0.383972
50.0 -0.000000 0.000000 0.383972
51.0 -0.000000 0.000000 0.383972
52.0 -0.000000 0.000000 0.383972
53.0 -0.000000 0.000000 0.383972
54.0 -0.000000 -0.000000 0.383972
55.0 -0.000000 0.000000 0.383972
56.0 -0.000000 -0.000000 0.383972
57.0 -0.000000 0.000000 0.383972
58.0 -0.000000 -0.000000 0.383972
59.0 -0.000000 0.000000 0.383972
"19.joint_RightElbow"
"18.joint_RightArm"
24 0.000000 0.000000 0.000000 0.000000 0.000000 0.000000
2
0.0 -1.638188 -1.253509 -0.024857
59.0 -1.638188 -1.253509 -0.024857
60
0.0 -0.177595 0.155349 -0.014014
1.0 -0.251507 0.217125 -0.027757
2.0 -0.330882 0.280387 -0.047364
3.0 -0.409842 0.339509 -0.071513
4.0 -0.486602 0.392916 -0.099062
5.0 -0.562797 0.441718 -0.130006
6.0 -0.623844 0.477718 -0.157134
7.0 -0.668039 0.502054 -0.177954
8.0 -0.707256 0.522448 -0.197197
9.0 -0.762524 0.549291 -0.225449
10.0 -0.835298 0.581334 -0.264483
11.0 -0.882314 0.600095 -0.290692
12.0 -0.921847 0.614727 -0.313275
13.0 -0.929080 0.617292 -0.317456
14.0 -0.877067 0.598075 -0.287731
15.0 -0.752629 0.544647 -0.220297
16.0 -0.658287 0.496811 -0.173279
17.0 -0.568552 0.445230 -0.132478
18.0 -0.469005 0.381041 -0.092412
19.0 -0.369799 0.310034 -0.058710
20.0 -0.299668 0.255936 -0.039074
21.0 -0.262514 0.226105 -0.030181
22.0 -0.253042 0.218384 -0.028089
23.0 -0.247584 0.213912 -0.026915
24.0 -0.218217 0.189604 -0.021012
25.0 -0.151870 0.133322 -0.010298
26.0 -0.037907 0.033585 -0.000707
27.0 0.048228 -0.042717 -0.001047
28.0 0.048227 -0.042715 -0.001047
29.0 -0.097809 0.086358 -0.004336
30.0 -0.177595 0.155349 -0.014014
31.0 -0.251504 0.217125 -0.027755
32.0 -0.330884 0.280388 -0.047365
33.0 -0.409838 0.339508 -0.071512
34.0 -0.486602 0.392915 -0.099063
35.0 -0.562202 0.441354 -0.129752
36.0 -0.622013 0.476679 -0.156291
37.0 -0.665052 0.500457 -0.176518
38.0 -0.703577 0.520583 -0.195364
39.0 -0.758735 0.547522 -0.223473
40.0 -0.832112 0.580009 -0.262733
41.0 -0.880400 0.599361 -0.289611
42.0 -0.921843 0.614726 -0.313272
43.0 -0.933139 0.618718 -0.319810
44.0 -0.884659 0.600992 -0.292018
45.0 -0.760251 0.548231 -0.224263
46.0 -0.662048 0.498842 -0.175076
47.0 -0.568541 0.445223 -0.132473
48.0 -0.467452 0.379984 -0.091836
49.0 -0.367226 0.308104 -0.057926
50.0 -0.296562 0.253471 -0.038290
51.0 -0.275169 0.236350 -0.033090
52.0 -0.307019 0.261746 -0.040960
53.0 -0.347509 0.293170 -0.052077
54.0 -0.360369 0.302939 -0.055861
55.0 -0.336317 0.284584 -0.048882
56.0 -0.286114 0.245142 -0.035705
57.0 -0.237472 0.205589 -0.024803
58.0 -0.212372 0.184719 -0.019921
59.0 -0.202243 0.176217 -0.018097
"20.joint_RightWrist"
"19.joint_RightElbow"
24 0.000000 0.000000 0.000000 0.000000 0.000000 0.000000
2
0.0 -1.770163 -1.372886 0.032934
59.0 -1.770163 -1.372886 0.032934
60
0.0 0.132662 -0.258390 -0.134850
1.0 0.241551 -0.175937 -0.187426
2.0 0.342522 -0.089426 -0.172579
3.0 0.336619 -0.009214 -0.097453
4.0 0.258450 0.052363 -0.032196
5.0 0.233156 0.053026 -0.020442
6.0 0.174558 0.083610 -0.042470
7.0 0.086932 0.140113 -0.082529
8.0 0.001102 0.196892 -0.123428
9.0 -0.039565 0.241420 -0.140107
10.0 -0.004974 0.280810 -0.126177
11.0 0.032781 0.317340 -0.108681
12.0 0.014493 0.266837 -0.126275
13.0 -0.024526 0.091427 -0.153651
14.0 -0.067285 -0.158707 -0.152444
15.0 -0.329401 -0.642601 -0.101595
16.0 -0.735348 -0.993441 0.234542
17.0 -0.640431 -0.973740 0.299037
18.0 -0.433681 -0.903899 0.214038
19.0 -0.300973 -0.825864 0.119277
20.0 -0.269266 -0.737774 0.060193
21.0 -0.249575 -0.615119 0.039606
22.0 -0.202032 -0.486985 0.057900
23.0 -0.165676 -0.377798 0.114184
24.0 -0.153899 -0.284622 0.186605
25.0 -0.155824 -0.210336 0.229278
26.0 -0.152115 -0.170042 0.221835
27.0 -0.137590 -0.181318 0.167415
28.0 -0.098365 -0.224873 0.075347
29.0 0.036042 -0.296620 -0.047682
30.0 0.130966 -0.260605 -0.136816
31.0 0.241698 -0.175061 -0.189508
32.0 0.345101 -0.084456 -0.173333
33.0 0.341777 -0.001450 -0.095918
34.0 0.265744 0.061545 -0.028167
35.0 0.241371 0.062918 -0.014029
36.0 0.182406 0.093142 -0.033475
37.0 0.092220 0.146344 -0.072982
38.0 0.003468 0.198444 -0.114992
39.0 -0.039044 0.238862 -0.133439
40.0 -0.005019 0.275899 -0.121739
41.0 0.033011 0.313300 -0.106439
42.0 0.012723 0.265430 -0.128092
43.0 -0.027048 0.091689 -0.157358
44.0 -0.066580 -0.156269 -0.154354
45.0 -0.328064 -0.639631 -0.103410
46.0 -0.735360 -0.994350 0.233427
47.0 -0.642255 -0.974373 0.299977
48.0 -0.434991 -0.903846 0.215239
49.0 -0.301807 -0.824843 0.120842
50.0 -0.270578 -0.736366 0.062332
51.0 -0.239351 -0.622726 0.034995
52.0 -0.158870 -0.521288 0.040397
53.0 -0.087465 -0.446460 0.093308
54.0 -0.047528 -0.391044 0.174690
55.0 -0.023108 -0.353065 0.232393
56.0 0.021066 -0.352089 0.232843
57.0 0.066119 -0.370705 0.177096
58.0 0.096515 -0.375239 0.081188
59.0 0.125699 -0.346363 -0.031357
"22.joint_LeftShoulder"
"11.joint_Torso2"
24 0.000000 0.000000 0.000000 0.000000 0.000000 0.000000
2
0.0 0.761910 2.104643 -0.238215
59.0 0.761910 2.104643 -0.238215
60
0.0 0.060390 -0.010109 -0.138138
1.0 0.071818 -0.067244 -0.108217
2.0 0.091913 -0.147018 -0.073679
3.0 0.122099 -0.214719 -0.035462
4.0 0.170617 -0.236323 0.002056
5.0 0.237006 -0.210295 0.032933
6.0 0.314061 -0.175443 0.053492
7.0 0.395147 -0.143424 0.061681
8.0 0.472328 -0.105883 0.058712
9.0 0.536711 -0.059558 0.047812
10.0 0.577644 0.003162 0.034908
11.0 0.583045 0.087734 0.018355
12.0 0.554524 0.154473 -0.037333
13.0 0.530496 0.118896 -0.125997
14.0 0.535008 -0.065933 -0.234426
15.0 0.597413 -0.373368 -0.352556
16.0 0.636667 -0.591803 -0.422993
17.0 0.606827 -0.667813 -0.402065
18.0 0.571789 -0.676672 -0.341860
19.0 0.537054 -0.646825 -0.281397
20.0 0.494830 -0.592555 -0.239322
21.0 0.451298 -0.527789 -0.217897
22.0 0.412996 -0.462864 -0.209802
23.0 0.380900 -0.405392 -0.210706
24.0 0.342649 -0.337380 -0.213584
25.0 0.289961 -0.249323 -0.213439
26.0 0.228595 -0.156262 -0.209202
27.0 0.166084 -0.074862 -0.199987
28.0 0.110707 -0.018716 -0.184999
29.0 0.071795 0.004094 -0.164080
30.0 0.060391 -0.010108 -0.138138
31.0 0.071817 -0.067244 -0.108217
32.0 0.091913 -0.147018 -0.073679
33.0 0.122099 -0.214719 -0.035462
34.0 0.170617 -0.236323 0.002056
35.0 0.237895 -0.207738 0.032906
36.0 0.316855 -0.166576 0.053414
37.0 0.399977 -0.126807 0.061629
38.0 0.478613 -0.082365 0.058885
39.0 0.543526 -0.032358 0.048403
40.0 0.584061 0.028481 0.035913
41.0 0.587630 0.104047 0.019408
42.0 0.555033 0.153268 -0.037564
43.0 0.527364 0.103603 -0.128246
44.0 0.530546 -0.081270 -0.237209
45.0 0.594604 -0.384013 -0.355437
46.0 0.636021 -0.596457 -0.424840
47.0 0.606827 -0.667813 -0.402065
48.0 0.572114 -0.674735 -0.341173
49.0 0.537723 -0.643434 -0.280451
50.0 0.495774 -0.588215 -0.238380
51.0 0.452356 -0.522964 -0.217051
52.0 0.414045 -0.458048 -0.209085
53.0 0.381815 -0.400895 -0.210102
54.0 0.341239 -0.328826 -0.212937
55.0 0.282439 -0.228612 -0.212877
56.0 0.213142 -0.119531 -0.209491
57.0 0.144159 -0.025725 -0.201743
58.0 0.087403 0.031745 -0.187709
59.0 0.055016 0.039758 -0.166178
"24.joint_LeftArm"
"22.joint_LeftShoulder"
24 0.000000 0.000000 0.000000 0.000000 0.000000 0.000000
2
0.0 0.748483 -0.165336 -0.009175
59.0 0.748483 -0.165336 -0.009175
60
0.0 0.000000 0.000000 -0.383972
1.0 0.000000 0.000000 -0.383972
2.0 0.000000 0.000000 -0.383972
3.0 0.000000 0.000000 -0.383972
4.0 0.000000 0.000000 -0.383972
5.0 0.000000 -0.000000 -0.383973
6.0 0.000000 0.000000 -0.383972
7.0 0.000000 0.000000 -0.383972
8.0 0.000000 0.000000 -0.383972
9.0 0.000000 -0.000000 -0.383973
10.0 0.000000 0.000000 -0.383972
11.0 0.000000 0.000000 -0.383972
12.0 0.000000 -0.000000 -0.383973
13.0 0.000000 0.000000 -0.383972
14.0 0.000000 -0.000000 -0.383972
15.0 0.000000 0.000000 -0.383972
16.0 0.000000 0.000000 -0.383972
17.0 0.000000 -0.000000 -0.383972
18.0 0.000000 0.000000 -0.383972
19.0 0.000000 0.000000 -0.383972
20.0 0.000000 0.000000 -0.383972
21.0 0.000000 -0.000000 -0.383972
22.0 0.000000 -0.000000 -0.383972
23.0 0.000000 -0.000000 -0.383972
24.0 0.000000 0.000000 -0.383972
25.0 0.000000 0.000000 -0.383972
26.0 0.000000 0.000000 -0.383972
27.0 0.000000 0.000000 -0.383972
28.0 0.000000 -0.000000 -0.383972
29.0 0.000000 0.000000 -0.383972
30.0 0.000000 0.000000 -0.383973
31.0 0.000000 0.000000 -0.383972
32.0 0.000000 0.000000 -0.383972
33.0 0.000000 0.000000 -0.383972
34.0 0.000000 0.000000 -0.383972
35.0 0.000000 0.000000 -0.383972
36.0 0.000000 0.000000 -0.383972
37.0 0.000000 0.000000 -0.383972
38.0 0.000000 0.000000 -0.383972
39.0 0.000000 -0.000000 -0.383972
40.0 0.000000 0.000000 -0.383972
41.0 0.000000 -0.000000 -0.383972
42.0 0.000000 0.000000 -0.383972
43.0 0.000000 0.000000 -0.383972
44.0 0.000000 -0.000000 -0.383972
45.0 0.000000 0.000000 -0.383972
46.0 0.000000 -0.000000 -0.383972
47.0 0.000000 0.000000 -0.383972
48.0 0.000000 0.000000 -0.383972
49.0 0.000000 0.000000 -0.383972
50.0 0.000000 0.000000 -0.383972
51.0 0.000000 0.000000 -0.383972
52.0 0.000000 0.000000 -0.383972
53.0 0.000000 -0.000000 -0.383972
54.0 0.000000 -0.000000 -0.383972
55.0 0.000000 -0.000000 -0.383972
56.0 0.000000 0.000000 -0.383972
57.0 0.000000 -0.000000 -0.383972
58.0 0.000000 -0.000000 -0.383972
59.0 0.000000 0.000000 -0.383972
"25.joint_LeftElbow"
"24.joint_LeftArm"
24 0.000000 0.000000 0.000000 0.000000 0.000000 0.000000
2
0.0 1.638191 -1.253507 -0.024858
59.0 1.638191 -1.253507 -0.024858
60
0.0 -0.228455 -0.241835 0.027721
1.0 -0.236692 -0.250049 0.029722
2.0 -0.262217 -0.275176 0.036335
3.0 -0.304836 -0.315957 0.048730
4.0 -0.366208 -0.371882 0.069404
5.0 -0.438601 -0.433270 0.097755
6.0 -0.511704 -0.490010 0.130306
7.0 -0.582484 -0.539871 0.165153
8.0 -0.645761 -0.580305 0.198756
9.0 -0.697482 -0.610541 0.227753
10.0 -0.735774 -0.631354 0.250020
11.0 -0.753745 -0.640674 0.260688
12.0 -0.738784 -0.632934 0.251796
13.0 -0.711640 -0.618389 0.235909
14.0 -0.658682 -0.588092 0.205879
15.0 -0.601451 -0.552397 0.174998
16.0 -0.570113 -0.531514 0.158844
17.0 -0.580969 -0.538857 0.164376
18.0 -0.636648 -0.574717 0.193787
19.0 -0.709480 -0.617204 0.234661
20.0 -0.746038 -0.636712 0.256095
21.0 -0.742209 -0.634725 0.253824
22.0 -0.715140 -0.620302 0.237940
23.0 -0.665562 -0.592174 0.209704
24.0 -0.600046 -0.551482 0.174262
25.0 -0.526599 -0.500916 0.137381
26.0 -0.449298 -0.441906 0.102283
27.0 -0.372724 -0.377614 0.071785
28.0 -0.303017 -0.314248 0.048168
29.0 -0.250020 -0.263232 0.033097
30.0 -0.228456 -0.241837 0.027721
31.0 -0.236692 -0.250048 0.029722
32.0 -0.262217 -0.275176 0.036336
33.0 -0.304836 -0.315957 0.048730
34.0 -0.366209 -0.371883 0.069405
35.0 -0.438974 -0.433575 0.097911
36.0 -0.512241 -0.490407 0.130558
37.0 -0.582254 -0.539720 0.165036
38.0 -0.643904 -0.579173 0.197742
39.0 -0.693940 -0.608549 0.225726
40.0 -0.731665 -0.629183 0.247598
41.0 -0.751038 -0.639288 0.259072
42.0 -0.738782 -0.632935 0.251796
43.0 -0.709384 -0.617151 0.234604
44.0 -0.652003 -0.584085 0.202186
45.0 -0.594077 -0.547570 0.171146
46.0 -0.566359 -0.528949 0.156946
47.0 -0.580969 -0.538857 0.164376
48.0 -0.638285 -0.575728 0.194676
49.0 -0.712186 -0.618689 0.236226
50.0 -0.749225 -0.638357 0.257991
51.0 -0.745386 -0.636375 0.255708
52.0 -0.717981 -0.621846 0.239591
53.0 -0.667922 -0.593565 0.211022
54.0 -0.601886 -0.552680 0.175225
55.0 -0.527919 -0.501872 0.138015
56.0 -0.450165 -0.442601 0.102654
57.0 -0.373226 -0.378055 0.071971
58.0 -0.303253 -0.314468 0.048239
59.0 -0.250084 -0.263294 0.033114
"26.joint_LeftWrist"
"25.joint_LeftElbow"
24 0.000000 0.000000 0.000000 0.000000 0.000000 0.000000
2
0.0 1.639727 -1.373887 0.032935
59.0 1.639727 -1.373887 0.032935
60
0.0 0.358287 0.246650 0.249632
1.0 0.431164 0.233013 0.248526
2.0 0.496143 0.225274 0.239414
3.0 0.550575 0.221609 0.223470
4.0 0.592543 0.220690 0.204838
5.0 0.620750 0.220038 0.185703
6.0 0.632177 0.230150 0.169273
7.0 0.629645 0.255414 0.156752
8.0 0.616502 0.281908 0.140890
9.0 0.596614 0.302456 0.115588
10.0 0.579344 0.309045 0.073462
11.0 0.574222 0.294285 0.010505
12.0 0.579480 0.288592 -0.049431
13.0 0.550463 0.350882 -0.077718
14.0 0.399347 0.473662 -0.099496
15.0 0.075257 0.615516 -0.180641
16.0 -0.220841 0.643287 -0.303623
17.0 -0.359738 0.565667 -0.364677
18.0 -0.404902 0.478260 -0.378888
19.0 -0.388985 0.396047 -0.375660
20.0 -0.346851 0.290681 -0.376729
21.0 -0.289919 0.173844 -0.385913
22.0 -0.223606 0.066517 -0.399333
23.0 -0.152686 -0.023231 -0.407501
24.0 -0.062613 -0.100015 -0.410206
25.0 0.050621 -0.154502 -0.389830
26.0 0.160178 -0.121867 -0.269517
27.0 0.235564 -0.033538 -0.081898
28.0 0.275234 0.087718 0.097610
29.0 0.304616 0.203440 0.211678
30.0 0.358288 0.246651 0.249632
31.0 0.431164 0.233013 0.248526
32.0 0.496143 0.225274 0.239414
33.0 0.550575 0.221609 0.223470
34.0 0.592543 0.220690 0.204838
35.0 0.620448 0.219803 0.185827
36.0 0.630816 0.228738 0.169489
37.0 0.626505 0.251973 0.156843
38.0 0.611338 0.276174 0.140640
39.0 0.589910 0.295150 0.115045
40.0 0.572361 0.301969 0.073034
41.0 0.569107 0.289818 0.010564
42.0 0.578589 0.289301 -0.048928
43.0 0.551576 0.353706 -0.078953
44.0 0.399610 0.473233 -0.104363
45.0 0.072826 0.612535 -0.186686
46.0 -0.222854 0.641217 -0.306558
47.0 -0.359739 0.565667 -0.364678
48.0 -0.404072 0.479157 -0.377947
49.0 -0.387610 0.397310 -0.374298
50.0 -0.345291 0.291928 -0.375364
51.0 -0.288431 0.174868 -0.384780
52.0 -0.222368 0.067278 -0.398454
53.0 -0.151687 -0.022718 -0.406868
54.0 -0.057632 -0.101149 -0.412711
55.0 0.067602 -0.160247 -0.400786
56.0 0.191930 -0.137443 -0.288462
57.0 0.275150 -0.063569 -0.101751
58.0 0.310807 0.048670 0.084124
59.0 0.327123 0.172428 0.206162
