Bones: 19
"12.joint_HipMaster"
""
24 0.000000 0.000000 0.000000 0.000000 0.000000 0.000000
60
0.0 -0.040001 7.450361 -0.000023
1.0 -0.012454 7.310437 0.003024
2.0 0.007246 7.253568 0.011366
3.0 0.020133 7.264060 0.023804
4.0 0.027241 7.326217 0.039138
5.0 0.029602 7.424347 0.056170
6.0 0.028250 7.542754 0.073697
7.0 0.024218 7.665746 0.090524
8.0 0.018539 7.777628 0.105450
9.0 0.012246 7.862706 0.117274
10.0 0.006372 7.905286 0.124799
11.0 0.001952 7.892542 0.126824
12.0 0.000017 7.835432 0.122151
13.0 0.000237 7.755774 0.109580
14.0 0.001009 7.675424 0.087912
15.0 0.002249 7.616237 0.055947
16.0 0.003883 7.600065 0.012485
17.0 0.005844 7.638906 -0.031348
18.0 0.008055 7.719346 -0.050273
19.0 0.010449 7.824650 -0.050060
20.0 0.012952 7.938084 -0.037821
21.0 0.015496 8.042913 -0.020665
22.0 0.018005 8.122403 -0.005707
23.0 0.020410 8.159818 0.000000
24.0 0.022640 8.139803 0.000000
25.0 0.024622 8.066327 0.000000
26.0 0.026287 7.953571 0.000001
27.0 0.027562 7.815237 0.000000
28.0 0.028375 7.665026 0.000000
29.0 0.028656 7.516642 0.000000
30.0 0.028333 7.383788 0.000000
31.0 0.027333 7.280164 0.000000
32.0 0.025588 7.219474 0.000001
33.0 0.023024 7.218871 0.000001
34.0 0.019571 7.278198 0.000000
35.0 0.015156 7.379287 0.000000
36.0 0.009709 7.503852 0.000000
37.0 0.003158 7.633609 0.000000
38.0 -0.003977 7.750271 -0.004560
39.0 -0.009128 7.835555 -0.017156
40.0 -0.012168 7.870598 -0.033924
41.0 -0.013301 7.834523 -0.050972
42.0 -0.012735 7.746786 -0.064410
43.0 -0.010673 7.638317 -0.070347
44.0 -0.007322 7.540047 -0.064889
45.0 -0.002888 7.482907 -0.044147
46.0 0.002423 7.496065 -0.004230
47.0 0.008405 7.566712 0.042219
48.0 0.014854 7.673914 0.075148
49.0 0.021562 7.804720 0.096061
50.0 0.028324 7.946176 0.106593
51.0 0.034935 8.085332 0.108373
52.0 0.039711 8.209234 0.103036
53.0 0.030456 8.304930 0.092213
54.0 0.009229 8.359469 0.077536
55.0 -0.018085 8.355194 0.060639
56.0 -0.045602 8.258520 0.043154
57.0 -0.067436 8.089804 0.026713
58.0 -0.077704 7.878942 0.012948
59.0 -0.070521 7.655830 0.003492
60
0.0 3.123646 0.247031 -3.100846
1.0 3.123902 0.281197 -3.099425
2.0 3.124229 0.305634 -3.097792
3.0 3.123989 0.316626 -3.096007
4.0 3.122532 0.313498 -3.094132
5.0 3.119206 0.301048 -3.092231
6.0 3.113373 0.280642 -3.090367
7.0 3.102833 0.253551 -3.088603
8.0 3.083695 0.221034 -3.086997
9.0 3.058541 0.184358 -3.085618
10.0 3.030403 0.144781 -3.084525
11.0 3.002293 0.103570 -3.083783
12.0 2.977241 0.061992 -3.083453
13.0 2.958263 0.021309 -3.083596
14.0 2.948384 -0.017213 -3.084277
15.0 2.950752 -0.052315 -3.085559
16.0 2.968552 -0.082729 -3.087504
17.0 2.998814 -0.107196 -3.090173
18.0 3.037163 -0.124445 -3.093629
19.0 3.079212 -0.133216 -3.097972
20.0 3.120583 -0.131092 -3.103499
21.0 -3.126291 -0.113221 -3.110152
22.0 -3.099423 -0.084939 -3.117787
23.0 -3.086484 -0.052963 -3.126261
24.0 -3.089258 -0.024000 -3.135434
25.0 -3.103002 -0.004778 3.138026
26.0 -3.122304 -0.001952 3.127886
27.0 3.141441 -0.015722 3.117478
28.0 3.127278 -0.040723 3.106942
29.0 3.123772 -0.073083 3.096423
30.0 3.132488 -0.108921 3.086062
31.0 -3.133901 -0.144360 3.075999
32.0 -3.113279 -0.175521 3.066382
33.0 -3.093095 -0.198526 3.057349
34.0 -3.077619 -0.209494 3.049044
35.0 -3.071107 -0.206822 3.041611
36.0 -3.085569 -0.194409 3.035193
37.0 -3.125204 -0.174563 3.029929
38.0 3.100597 -0.149514 3.025962
39.0 3.032898 -0.121491 3.023438
40.0 2.962311 -0.092725 3.022496
41.0 2.896270 -0.065442 3.023282
42.0 2.842205 -0.041877 3.025935
43.0 2.807545 -0.024255 3.030602
44.0 2.798202 -0.014807 3.037387
45.0 2.801216 -0.014766 3.045689
46.0 2.811073 -0.021783 3.055072
47.0 2.826794 -0.034163 3.065324
48.0 2.847416 -0.050287 3.076236
49.0 2.871963 -0.068563 3.087600
50.0 2.899471 -0.087384 3.099204
51.0 2.928963 -0.105147 3.110839
52.0 2.959468 -0.120246 3.122296
53.0 2.990021 -0.131075 3.133364
54.0 3.019653 -0.136030 -3.139350
55.0 3.047382 -0.121957 -3.129687
56.0 3.072250 -0.065144 -3.121045
57.0 3.093281 0.018335 -3.113629
58.0 3.109505 0.110309 -3.107650
59.0 3.119949 0.192598 -3.103318
"28.joint_RightHip"
"12.joint_HipMaster"
24 0.000000 0.000000 0.000000 0.000000 0.000000 0.000000
2
0.0 -0.674227 -0.727983 -0.131169
59.0 -0.674227 -0.727983 -0.131169
60
0.0 -0.376352 -0.253286 -0.000383
1.0 -0.430348 -0.237785 -0.041604
2.0 -0.469126 -0.214124 -0.083125
3.0 -0.487937 -0.190706 -0.123593
4.0 -0.481333 -0.172497 -0.160933
5.0 -0.448232 -0.157975 -0.192978
6.0 -0.395026 -0.141976 -0.218982
7.0 -0.323635 -0.123415 -0.238387
8.0 -0.236251 -0.102301 -0.250694
9.0 -0.146473 -0.080462 -0.254372
10.0 -0.075795 -0.060538 -0.248091
11.0 -0.045148 -0.045419 -0.231234
12.0 -0.038798 -0.028301 -0.214458
13.0 -0.044194 -0.007691 -0.201083
14.0 -0.055743 0.012391 -0.188754
15.0 -0.071794 0.030175 -0.178056
16.0 -0.091831 0.043930 -0.169976
17.0 -0.108418 0.053031 -0.165231
18.0 -0.117070 0.057407 -0.164254
19.0 -0.116362 0.057240 -0.167450
20.0 -0.104608 0.058306 -0.174822
21.0 -0.080613 0.072626 -0.186670
22.0 -0.040010 0.096142 -0.203893
23.0 0.028355 0.124016 -0.225648
24.0 0.006556 0.151425 -0.249628
25.0 -0.064896 0.172096 -0.273943
26.0 -0.111828 0.179348 -0.297884
27.0 -0.142252 0.172070 -0.322598
28.0 -0.163144 0.153780 -0.349824
29.0 -0.180767 0.125984 -0.380088
30.0 -0.197100 0.090924 -0.412151
31.0 -0.207887 0.052791 -0.443711
32.0 -0.208738 0.015984 -0.472950
33.0 -0.193586 -0.015052 -0.498602
34.0 -0.158573 -0.035174 -0.520909
35.0 -0.098949 -0.040369 -0.541239
36.0 0.001195 -0.029441 -0.556826
37.0 0.095318 -0.012140 -0.551404
38.0 0.119846 0.006256 -0.526478
39.0 0.092681 0.018636 -0.483207
40.0 0.066431 0.019833 -0.426198
41.0 0.044525 0.006871 -0.361419
42.0 0.029218 -0.021018 -0.294164
43.0 0.014932 -0.060405 -0.229216
44.0 -0.007554 -0.098007 -0.167484
45.0 -0.025488 -0.117113 -0.113474
46.0 -0.032471 -0.112783 -0.071852
47.0 -0.029810 -0.101307 -0.031412
48.0 -0.021217 -0.085404 0.008206
49.0 -0.007036 -0.065845 0.045220
50.0 0.012899 -0.044363 0.077946
51.0 0.039016 -0.023213 0.105103
52.0 0.071811 -0.005077 0.125863
53.0 0.111401 0.007046 0.139821
54.0 0.153995 0.001587 0.145252
55.0 0.123268 -0.050035 0.137749
56.0 -0.000871 -0.113186 0.122480
57.0 -0.115668 -0.176232 0.099850
58.0 -0.217269 -0.224619 0.071084
59.0 -0.305346 -0.249715 0.037605
"29.!joint_RightKnee"
"28.joint_RightHip"
24 0.000000 0.000000 0.000000 0.000000 0.000000 0.000000
2
0.0 -0.133781 -3.476813 -0.240881
59.0 -0.133781 -3.476813 -0.240881
60
0.0 0.939558 -0.000000 0.000000
1.0 1.017133 -0.000001 0.000001
2.0 1.056257 -0.000001 -0.000000
3.0 1.056122 -0.000000 0.000000
4.0 1.014111 -0.000000 0.000000
5.0 0.932097 -0.000000 0.000000
6.0 0.826133 -0.000000 0.000000
7.0 0.705210 -0.000000 0.000000
8.0 0.581500 -0.000000 0.000000
9.0 0.474643 -0.000000 0.000000
10.0 0.419288 -0.000001 -0.000000
11.0 0.448786 -0.000000 0.000000
12.0 0.518923 -0.000000 0.000000
13.0 0.596593 -0.000000 0.000000
14.0 0.664206 -0.000000 0.000000
15.0 0.710581 -0.000000 0.000001
16.0 0.726373 -0.000000 0.000000
17.0 0.704784 -0.000000 0.000000
18.0 0.650330 -0.000000 0.000000
19.0 0.567867 -0.000000 0.000000
20.0 0.460930 -0.000000 0.000000
21.0 0.332083 -0.000000 0.000000
22.0 0.182282 -0.000000 0.000000
23.0 -0.000243 -0.000000 -0.000000
24.0 0.032782 -0.000000 0.000000
25.0 0.196644 0.000000 0.000000
26.0 0.335528 -0.000000 0.000000
27.0 0.455419 -0.000000 0.000000
28.0 0.555605 -0.000000 0.000000
29.0 0.634830 -0.000000 0.000000
30.0 0.691373 -0.000000 0.000000
31.0 0.722470 -0.000000 0.000000
32.0 0.723638 -0.000000 0.000000
33.0 0.685345 -0.000000 0.000000
34.0 0.602242 -0.000000 0.000000
35.0 0.470355 -0.000000 0.000000
36.0 0.284544 -0.000000 0.000000
37.0 0.145366 0.000000 0.000000
38.0 0.172412 0.000000 0.000000
39.0 0.322485 -0.000000 0.000000
40.0 0.484282 -0.000000 0.000000
41.0 0.641096 -0.000000 0.000000
42.0 0.772607 -0.000000 0.000000
43.0 0.869952 -0.000000 0.000000
44.0 0.932141 -0.000000 0.000000
45.0 0.957785 -0.000000 0.000000
46.0 0.945130 -0.000000 0.000000
47.0 0.900796 -0.000000 0.000000
48.0 0.832830 -0.000000 0.000001
49.0 0.744334 -0.000000 0.000000
50.0 0.637730 -0.000001 -0.000000
51.0 0.514999 -0.000000 0.000000
52.0 0.377972 0.000000 0.000000
53.0 0.229191 -0.000000 0.000000
54.0 0.079036 0.000000 0.000000
55.0 0.085764 -0.000000 0.000000
56.0 0.294866 -0.000000 0.000000
57.0 0.495571 0.000000 0.000000
58.0 0.673661 0.000000 0.000000
59.0 0.823578 -0.000000 0.000000
"30.!joint_RightFoot"
"29.!joint_RightKnee"
24 0.000000 0.000000 0.000000 0.000000 0.000000 0.000000
2
0.0 -0.030686 -3.274578 -0.524998
59.0 -0.030686 -3.274578 -0.524998
60
0.0 -0.444557 -0.264982 0.016216
1.0 -0.457960 -0.212227 0.020827
2.0 -0.451745 -0.175013 0.016728
3.0 -0.427701 -0.149410 0.006175
4.0 -0.385591 -0.131224 -0.010570
5.0 -0.326322 -0.116072 -0.032602
6.0 -0.257625 -0.105166 -0.053624
7.0 -0.184114 -0.096958 -0.069714
8.0 -0.113071 -0.089988 -0.076690
9.0 -0.057071 -0.087639 -0.079398
10.0 -0.033773 -0.092725 -0.082915
11.0 -0.058670 -0.106354 -0.087026
12.0 -0.105739 -0.130294 -0.080497
13.0 -0.158072 -0.162265 -0.060415
14.0 -0.207393 -0.198159 -0.032493
15.0 -0.246741 -0.232001 -0.002428
16.0 -0.269242 -0.261849 0.024227
17.0 -0.271040 -0.287057 0.042864
18.0 -0.255322 -0.306572 0.051952
19.0 -0.222606 -0.318773 0.050812
20.0 -0.173085 -0.325820 0.040947
21.0 -0.106568 -0.333434 0.024459
22.0 -0.022735 -0.341227 0.000897
23.0 0.085426 -0.348305 -0.032842
24.0 0.082954 -0.359371 -0.031137
25.0 0.013629 -0.374363 -0.007549
26.0 -0.037925 -0.391755 0.008208
27.0 -0.074209 -0.413216 0.016361
28.0 -0.103928 -0.436416 0.025656
29.0 -0.128556 -0.457191 0.043502
30.0 -0.145262 -0.474951 0.066437
31.0 -0.151502 -0.490128 0.090861
32.0 -0.143765 -0.503897 0.112705
33.0 -0.115591 -0.518050 0.126268
34.0 -0.063282 -0.534007 0.128152
35.0 0.015560 -0.552536 0.116597
36.0 0.123066 -0.572214 0.085296
37.0 0.201393 -0.580891 0.047468
38.0 0.178074 -0.577089 0.047292
39.0 0.080028 -0.564267 0.070236
40.0 -0.026967 -0.548893 0.082834
41.0 -0.134377 -0.535991 0.085381
42.0 -0.230400 -0.529391 0.077341
43.0 -0.308422 -0.530663 0.063104
44.0 -0.365317 -0.544694 0.053148
45.0 -0.400383 -0.573293 0.058517
46.0 -0.412250 -0.612830 0.079571
47.0 -0.407000 -0.661539 0.095956
48.0 -0.387163 -0.717094 0.102793
49.0 -0.351795 -0.776346 0.096347
50.0 -0.298553 -0.834939 0.071948
51.0 -0.224485 -0.887499 0.025119
52.0 -0.128656 -0.928789 -0.045531
53.0 -0.014298 -0.952049 -0.136670
54.0 0.098721 -0.942772 -0.229488
55.0 0.059646 -0.880772 -0.199617
56.0 -0.121288 -0.773198 -0.072238
57.0 -0.255408 -0.624732 -0.005382
58.0 -0.347311 -0.474751 0.014580
59.0 -0.408864 -0.350696 0.014505
"32.joint_LeftHip"
"12.joint_HipMaster"
24 0.000000 0.000000 0.000000 0.000000 0.000000 0.000000
2
0.0 0.674223 -0.727984 -0.131174
59.0 0.674223 -0.727984 -0.131174
60
0.0 -0.291806 0.072571 0.268046
1.0 -0.287564 0.046098 0.299092
2.0 -0.262269 0.012584 0.328245
3.0 -0.224492 -0.026649 0.353324
4.0 -0.180423 -0.068461 0.373121
5.0 -0.133270 -0.105641 0.386634
6.0 -0.088764 -0.134135 0.392889
7.0 -0.079573 -0.132632 0.377720
8.0 -0.112686 -0.094849 0.331680
9.0 -0.155910 -0.026467 0.260931
10.0 -0.185776 0.061358 0.173463
11.0 -0.194316 0.151147 0.079572
12.0 -0.181276 0.234057 -0.007715
13.0 -0.157654 0.295543 -0.075343
14.0 -0.147119 0.322551 -0.111392
15.0 -0.162435 0.318225 -0.121007
16.0 -0.185108 0.307637 -0.134258
17.0 -0.205563 0.292312 -0.150040
18.0 -0.218674 0.273205 -0.165736
19.0 -0.223160 0.241809 -0.181588
20.0 -0.217537 0.178718 -0.197748
21.0 -0.201112 0.108589 -0.210943
22.0 -0.177056 0.052549 -0.221642
23.0 -0.157760 0.033920 -0.232679
24.0 -0.164507 0.075168 -0.246323
25.0 -0.193589 0.164902 -0.260192
26.0 -0.226044 0.273687 -0.269591
27.0 -0.254393 0.379396 -0.272495
28.0 -0.286584 0.464009 -0.266622
29.0 -0.346429 0.503361 -0.230189
30.0 -0.424647 0.495963 -0.170967
31.0 -0.503290 0.443328 -0.095682
32.0 -0.563249 0.344407 -0.008296
33.0 -0.586070 0.211785 0.085463
34.0 -0.567295 0.071627 0.173130
35.0 -0.514835 -0.047520 0.236993
36.0 -0.437425 -0.127219 0.258292
37.0 -0.355093 -0.149420 0.225507
38.0 -0.265236 -0.144010 0.175867
39.0 -0.171811 -0.132128 0.130823
40.0 -0.090291 -0.115605 0.093780
41.0 -0.036578 -0.097434 0.066094
42.0 -0.010736 -0.080339 0.046726
43.0 -0.011073 -0.066959 0.033666
44.0 -0.036787 -0.059858 0.024663
45.0 -0.064463 -0.060640 0.016569
46.0 -0.080096 -0.067161 0.009324
47.0 -0.085774 -0.078501 0.004073
48.0 -0.085604 -0.093647 0.002005
49.0 -0.080419 -0.111084 0.004014
50.0 -0.071152 -0.125069 0.011838
51.0 -0.059613 -0.105590 0.032140
52.0 -0.046465 -0.065333 0.058061
53.0 -0.034855 -0.027244 0.083164
54.0 -0.033561 -0.013268 0.104894
55.0 -0.057943 -0.017116 0.126323
56.0 -0.119551 0.001894 0.151826
57.0 -0.186530 0.032977 0.179274
58.0 -0.239636 0.063325 0.207791
59.0 -0.274116 0.080528 0.237337
"33.!joint_LeftKnee"
"32.joint_LeftHip"
24 0.000000 0.000000 0.000000 0.000000 0.000000 0.000000
2
0.0 0.133781 -3.476814 -0.240874
59.0 0.133781 -3.476814 -0.240874
60
0.0 0.890660 -0.000000 0.000000
1.0 0.927910 -0.000000 0.000000
2.0 0.915174 -0.000000 0.000000
3.0 0.864405 -0.000000 0.000000
4.0 0.785586 0.000000 0.000000
5.0 0.688981 -0.000001 -0.000000
6.0 0.588036 -0.000000 0.000000
7.0 0.547431 0.000000 0.000000
8.0 0.593801 -0.000000 0.000000
9.0 0.670632 -0.000000 0.000000
10.0 0.736119 -0.000000 0.000000
11.0 0.775327 -0.000000 0.000000
12.0 0.783639 -0.000000 0.000000
13.0 0.773790 -0.000000 0.000000
14.0 0.778644 -0.000001 -0.000000
15.0 0.806850 -0.000000 0.000000
16.0 0.812148 -0.000000 0.000000
17.0 0.785179 -0.000000 0.000000
18.0 0.730426 -0.000000 0.000000
19.0 0.652855 -0.000000 0.000000
20.0 0.557024 -0.000000 0.000000
21.0 0.449219 -0.000000 0.000000
22.0 0.342895 -0.000000 0.000000
23.0 0.270688 0.000000 0.000000
24.0 0.283550 0.000000 0.000000
25.0 0.368454 -0.000000 0.000000
26.0 0.479000 -0.000000 0.000000
27.0 0.591269 0.000000 0.000000
28.0 0.707771 -0.000000 0.000000
29.0 0.852607 -0.000000 0.000000
30.0 0.987198 -0.000000 0.000000
31.0 1.078265 -0.000000 0.000000
32.0 1.104860 0.000000 0.000000
33.0 1.056149 -0.000000 0.000000
34.0 0.946200 -0.000000 0.000000
35.0 0.807248 -0.000000 0.000000
36.0 0.685958 -0.000000 0.000000
37.0 0.633769 -0.000000 0.000000
38.0 0.611989 -0.000000 0.000000
39.0 0.600369 -0.000000 0.000000
40.0 0.612221 -0.000000 0.000000
41.0 0.663180 -0.000000 0.000000
42.0 0.737506 -0.000000 0.000000
43.0 0.815757 -0.000000 0.000000
44.0 0.883514 -0.000000 0.000000
45.0 0.925527 -0.000000 0.000000
46.0 0.928790 -0.000000 0.000000
47.0 0.900407 -0.000000 0.000000
48.0 0.849502 -0.000000 0.000000
49.0 0.779956 -0.000000 0.000000
50.0 0.695368 -0.000000 0.000000
51.0 0.599754 -0.000000 0.000000
52.0 0.498801 -0.000000 0.000000
53.0 0.402626 -0.000000 0.000000
54.0 0.331339 -0.000000 0.000000
55.0 0.323877 -0.000000 0.000000
56.0 0.420098 -0.000000 0.000000
57.0 0.556509 -0.000000 0.000000
58.0 0.690870 -0.000000 0.000000
59.0 0.805544 -0.000000 0.000000
"34.!joint_LeftFoot"
"33.!joint_LeftKnee"
24 0.000000 0.000000 0.000000 0.000000 0.000000 0.000000
2
0.0 0.030688 -3.274577 -0.524990
59.0 0.030688 -3.274577 -0.524990
60
0.0 -0.350712 0.325074 -0.091652
1.0 -0.391335 0.368736 -0.173889
2.0 -0.411177 0.419209 -0.255313
3.0 -0.414332 0.476650 -0.328489
4.0 -0.403192 0.540086 -0.386928
5.0 -0.379732 0.606422 -0.425567
6.0 -0.345832 0.669255 -0.440855
7.0 -0.322151 0.701972 -0.424070
8.0 -0.325149 0.693312 -0.377293
9.0 -0.338548 0.656684 -0.297213
10.0 -0.355673 0.606398 -0.189948
11.0 -0.377720 0.554837 -0.073280
12.0 -0.398720 0.501931 0.040243
13.0 -0.415120 0.448194 0.133941
14.0 -0.430155 0.395484 0.189308
15.0 -0.442203 0.344854 0.210629
16.0 -0.437527 0.291974 0.237014
17.0 -0.415141 0.238283 0.265229
18.0 -0.380873 0.187549 0.289349
19.0 -0.333945 0.153401 0.304361
20.0 -0.268770 0.161644 0.306101
21.0 -0.193068 0.200896 0.304492
22.0 -0.119304 0.251009 0.307762
23.0 -0.070955 0.286551 0.315550
24.0 -0.084778 0.287793 0.316128
25.0 -0.153401 0.255713 0.310806
26.0 -0.244157 0.202488 0.311098
27.0 -0.337915 0.143210 0.321397
28.0 -0.427728 0.094936 0.332970
29.0 -0.504054 0.064975 0.312142
30.0 -0.543774 0.044707 0.256953
31.0 -0.535384 0.037772 0.166493
32.0 -0.482535 0.062955 0.040772
33.0 -0.405106 0.134288 -0.103371
34.0 -0.331232 0.246293 -0.234886
35.0 -0.276051 0.370874 -0.325474
36.0 -0.242818 0.469052 -0.360096
37.0 -0.236086 0.506019 -0.338005
38.0 -0.238329 0.512077 -0.296279
39.0 -0.242830 0.509348 -0.255547
40.0 -0.256734 0.498112 -0.220931
41.0 -0.288454 0.478906 -0.196715
42.0 -0.328333 0.455270 -0.176865
43.0 -0.364735 0.430408 -0.155109
44.0 -0.389400 0.406460 -0.127984
45.0 -0.397525 0.384545 -0.094365
46.0 -0.384753 0.364613 -0.054240
47.0 -0.356109 0.345551 -0.012079
48.0 -0.316564 0.326600 0.028399
49.0 -0.268725 0.306256 0.065813
50.0 -0.215437 0.280352 0.100126
51.0 -0.163273 0.221866 0.137353
52.0 -0.115323 0.145811 0.168446
53.0 -0.071994 0.078113 0.186280
54.0 -0.036982 0.044850 0.188772
55.0 -0.028733 0.057091 0.178231
56.0 -0.073904 0.100303 0.154792
57.0 -0.143312 0.159566 0.114959
58.0 -0.218036 0.222282 0.058032
59.0 -0.289655 0.279380 -0.013034
"10.joint_Torso"
"12.joint_HipMaster"
24 0.000000 0.000000 0.000000 0.000000 0.000000 0.000000
2
0.0 0.000000 0.044082 0.000009
59.0 0.000000 0.044082 0.000009
60
0.0 0.416326 0.275228 0.115348
1.0 0.413880 0.314803 0.110345
2.0 0.401753 0.354319 0.101355
3.0 0.383366 0.388138 0.089528
4.0 0.362879 0.413674 0.076378
5.0 0.345063 0.433836 0.063901
6.0 0.334240 0.448185 0.053993
7.0 0.336218 0.456099 0.049275
8.0 0.356882 0.456787 0.053024
9.0 0.391969 0.449311 0.066820
10.0 0.435844 0.432034 0.093755
11.0 0.480523 0.404603 0.124592
12.0 0.519501 0.367930 0.149930
13.0 0.548297 0.323658 0.161787
14.0 0.564078 0.272393 0.153500
15.0 0.564549 0.217591 0.126171
16.0 0.545958 0.161561 0.088916
17.0 0.508489 0.105590 0.052266
18.0 0.443975 0.052121 0.025794
19.0 0.356488 0.005559 0.016760
20.0 0.256825 -0.026674 0.016560
21.0 0.155828 -0.035936 0.019190
22.0 0.079888 -0.024410 0.021829
23.0 0.047764 0.003354 0.023248
24.0 0.055631 0.037606 0.024427
25.0 0.093131 0.069458 0.026853
26.0 0.149191 0.090485 0.030926
27.0 0.212785 0.098771 0.035636
28.0 0.273049 0.098068 0.039609
29.0 0.319210 0.090746 0.041871
30.0 0.344464 0.079008 0.042351
31.0 0.347791 0.064741 0.041737
32.0 0.328311 0.049779 0.040561
33.0 0.289478 0.035958 0.038980
34.0 0.242257 0.025117 0.036755
35.0 0.197971 -0.003370 0.035814
36.0 0.175274 -0.064990 0.036471
37.0 0.185567 -0.132236 0.032246
38.0 0.229175 -0.176300 0.020167
39.0 0.300601 -0.169917 0.006608
40.0 0.387535 -0.135959 -0.000706
41.0 0.478937 -0.095365 0.000117
42.0 0.564072 -0.052951 0.009130
43.0 0.632185 -0.012762 0.024125
44.0 0.673682 0.022212 0.041291
45.0 0.697444 0.049849 0.057029
46.0 0.704917 0.071014 0.070626
47.0 0.692965 0.085874 0.081785
48.0 0.653968 0.094367 0.090488
49.0 0.591324 0.096399 0.096728
50.0 0.515195 0.091902 0.100152
51.0 0.435789 0.080246 0.101339
52.0 0.363382 0.060409 0.101011
53.0 0.308294 0.035673 0.100564
54.0 0.279879 0.010175 0.100915
55.0 0.278439 -0.000434 0.103395
56.0 0.299154 0.030056 0.108397
57.0 0.333050 0.088363 0.112724
58.0 0.370466 0.158991 0.115152
59.0 0.401503 0.226433 0.115816
"11.joint_Torso2"
"10.joint_Torso"
24 0.000000 0.000000 0.000000 0.000000 0.000000 0.000000
2
0.0 0.000000 2.073170 -0.360720
59.0 0.000000 2.073170 -0.360720
60
0.0 0.000000 0.000000 -0.000000
1.0 0.000000 0.000000 0.000000
2.0 -0.000000 -0.000000 0.000000
3.0 -0.000000 -0.000000 0.000000
4.0 0.000000 -0.000000 -0.000000
5.0 0.000000 0.000000 0.000000
6.0 0.000000 0.000000 -0.000000
7.0 0.000000 -0.000000 -0.000000
8.0 -0.000000 0.000000 -0.000000
9.0 0.000000 -0.000000 0.000000
10.0 0.000000 -0.000000 -0.000000
11.0 -0.000000 0.000000 -0.000000
12.0 -0.000000 0.000000 -0.000000
13.0 -0.000000 0.000000 -0.000000
14.0 0.000000 -0.000000 0.000000
15.0 -0.000000 0.000000 -0.000000
16.0 -0.000000 -0.000000 0.000000
17.0 0.000000 -0.000000 0.000000
18.0 -0.000000 -0.000000 0.000000
19.0 0.000000 0.000000 -0.000000
20.0 0.000000 0.000000 -0.000000
21.0 0.000000 0.000000 0.000000
22.0 -0.000000 0.000000 0.000000
23.0 -0.000000 0.000000 -0.000000
24.0 -0.000000 -0.000000 0.000000
25.0 -0.000000 -0.000000 -0.000000
26.0 0.000000 -0.000000 -0.000000
27.0 -0.000000 -0.000000 0.000000
28.0 0.000000 0.000000 -0.000000
29.0 -0.000000 -0.000000 0.000000
30.0 -0.000000 0.000000 0.000000
31.0 -0.000000 -0.000000 -0.000000
32.0 0.000000 0.000000 0.000000
33.0 -0.000000 0.000000 0.000000
34.0 0.000000 -0.000000 -0.000000
35.0 -0.000000 0.000000 -0.000000
36.0 0.000000 -0.000000 0.000000
37.0 0.000000 -0.000000 -0.000000
38.0 0.000000 0.000000 0.000000
39.0 -0.000000 -0.000000 -0.000000
40.0 -0.000000 -0.000000 0.000000
41.0 -0.000000 -0.000000 -0.000000
42.0 -0.000000 -0.000000 -0.000000
43.0 0.000000 -0.000000 0.000000
44.0 0.000000 -0.000000 0.000000
45.0 0.000000 -0.000000 0.000000
46.0 -0.000000 -0.000000 0.000000
47.0 0.000000 0.000000 -0.000000
48.0 0.000000 -0.000000 0.000000
49.0 -0.000000 0.000000 -0.000000
50.0 -0.000000 -0.000000 -0.000000
51.0 0.000000 -0.000000 0.000000
52.0 -0.000000 0.000000 -0.000000
53.0 0.000000 -0.000000 0.000000
54.0 0.000000 -0.000000 -0.000000
55.0 -0.000000 0.000000 0.000000
56.0 -0.000000 0.000000 0.000000
57.0 -0.000000 -0.000000 0.000000
58.0 0.000000 0.000000 -0.000000
59.0 -0.000000 -0.000000 -0.000000
"13.joint_Neck"
"11.joint_Torso2"
24 0.000000 0.000000 0.000000 0.000000 0.000000 0.000000
2
0.0 0.000000 2.094352 -0.266449
59.0 0.000000 2.094352 -0.266449
60
0.0 -0.123861 -0.074247 -0.023627
1.0 -0.114414 -0.080392 -0.014942
2.0 -0.097084 -0.093415 0.000035
3.0 -0.075119 -0.112650 0.019265
4.0 -0.051747 -0.137245 0.040796
5.0 -0.030048 -0.166020 0.062946
6.0 -0.012858 -0.197437 0.084414
7.0 -0.002748 -0.229673 0.104319
8.0 -0.000567 -0.260926 0.121757
9.0 -0.003645 -0.290448 0.133224
10.0 -0.007987 -0.318729 0.132431
11.0 -0.012420 -0.342902 0.124020
12.0 -0.016856 -0.359508 0.113465
13.0 -0.021739 -0.364620 0.106019
14.0 -0.027255 -0.352995 0.106094
15.0 -0.031503 -0.325924 0.113861
16.0 -0.030285 -0.289101 0.123127
17.0 -0.019429 -0.248790 0.128054
18.0 0.012743 -0.212148 0.121774
19.0 0.063840 -0.183121 0.101735
20.0 0.125484 -0.159772 0.078511
21.0 0.190412 -0.149491 0.058518
22.0 0.235831 -0.156677 0.043468
23.0 0.248010 -0.175889 0.033024
24.0 0.233164 -0.197005 0.026390
25.0 0.196973 -0.209240 0.029779
26.0 0.145275 -0.208818 0.042236
27.0 0.083882 -0.201157 0.060121
28.0 0.018837 -0.187384 0.079139
29.0 -0.043711 -0.169429 0.095372
30.0 -0.097535 -0.149995 0.105642
31.0 -0.136313 -0.132144 0.107618
32.0 -0.153572 -0.118671 0.099576
33.0 -0.148178 -0.109040 0.085515
34.0 -0.127322 -0.100960 0.071963
35.0 -0.096728 -0.074551 0.053909
36.0 -0.063791 -0.009887 0.029313
37.0 -0.037720 0.068039 0.007126
38.0 -0.025513 0.128928 -0.009031
39.0 -0.029827 0.143588 -0.017732
40.0 -0.046579 0.131582 -0.023316
41.0 -0.071991 0.110375 -0.027970
42.0 -0.102199 0.081806 -0.030672
43.0 -0.133460 0.047819 -0.030725
44.0 -0.162136 0.010371 -0.028047
45.0 -0.184626 -0.028674 -0.023304
46.0 -0.197420 -0.067139 -0.016716
47.0 -0.196849 -0.103251 -0.009882
48.0 -0.174374 -0.135609 -0.006183
49.0 -0.132279 -0.162681 -0.007608
50.0 -0.079715 -0.182406 -0.013276
51.0 -0.025951 -0.192687 -0.021592
52.0 0.019536 -0.191291 -0.030119
53.0 0.047413 -0.180568 -0.035737
54.0 0.049553 -0.163768 -0.036798
55.0 0.028342 -0.143598 -0.034650
56.0 -0.007429 -0.122380 -0.031649
57.0 -0.049059 -0.102474 -0.029224
58.0 -0.087992 -0.086273 -0.027632
59.0 -0.115745 -0.076107 -0.026138
"14.joint_Head"
"13.joint_Neck"
24 0.000000 0.000000 0.000000 0.000000 0.000000 0.000000
2
0.0 0.000000 0.645011 0.006356
59.0 0.000000 0.645011 0.006356
60
0.0 -0.060532 -0.004875 -0.019388
1.0 -0.060150 -0.006367 -0.020657
2.0 -0.059291 -0.008389 -0.022248
3.0 -0.057999 -0.010856 -0.024103
4.0 -0.056317 -0.013684 -0.026165
5.0 -0.054283 -0.016784 -0.028381
6.0 -0.051940 -0.020073 -0.030704
7.0 -0.049331 -0.023456 -0.033089
8.0 -0.046493 -0.026843 -0.035493
9.0 -0.043468 -0.030138 -0.037885
10.0 -0.040300 -0.033237 -0.040232
11.0 -0.037029 -0.036047 -0.042510
12.0 -0.033698 -0.038459 -0.044697
13.0 -0.030353 -0.040372 -0.046778
14.0 -0.027033 -0.041673 -0.048735
15.0 -0.023785 -0.042260 -0.050555
16.0 -0.020652 -0.042019 -0.052225
17.0 -0.017679 -0.040844 -0.053725
18.0 -0.014908 -0.038602 -0.055041
19.0 -0.012366 -0.033924 -0.056641
20.0 -0.010095 -0.026118 -0.058713
21.0 -0.008309 -0.009072 -0.063483
22.0 -0.007141 0.019801 -0.069695
23.0 -0.006403 0.052902 -0.073108
24.0 -0.005417 0.081774 -0.071503
25.0 -0.004431 0.095646 -0.069203
26.0 -0.003518 0.092452 -0.067177
27.0 -0.002758 0.079846 -0.066461
28.0 -0.001893 0.060905 -0.066317
29.0 -0.000828 0.038602 -0.065806
30.0 0.000260 0.015830 -0.063790
31.0 0.000918 -0.004629 -0.058894
32.0 0.000491 -0.020082 -0.049524
33.0 -0.001126 -0.028967 -0.039084
34.0 -0.003442 -0.029638 -0.031781
35.0 -0.006262 -0.019988 -0.027375
36.0 -0.009191 -0.008266 -0.023953
37.0 -0.012089 0.001763 -0.020746
38.0 -0.014782 0.009848 -0.017690
39.0 -0.017123 0.016070 -0.014719
40.0 -0.019617 0.021086 -0.011841
41.0 -0.022243 0.025027 -0.008962
42.0 -0.024979 0.028005 -0.005983
43.0 -0.027799 0.030127 -0.002792
44.0 -0.030680 0.031503 0.000714
45.0 -0.033584 0.032237 0.004623
46.0 -0.036412 0.032204 0.007696
47.0 -0.039121 0.031382 0.009388
48.0 -0.041723 0.029869 0.009866
49.0 -0.044222 0.027760 0.009299
50.0 -0.046614 0.025154 0.007853
51.0 -0.048894 0.022149 0.005695
52.0 -0.051048 0.018846 0.002991
53.0 -0.053058 0.015351 -0.000095
54.0 -0.054902 0.011771 -0.003406
55.0 -0.056550 0.008218 -0.006781
56.0 -0.057967 0.004812 -0.010067
57.0 -0.059119 0.001673 -0.013117
58.0 -0.059959 -0.001077 -0.015781
59.0 -0.060447 -0.003301 -0.017918
"16.joint_RightShoulder"
"11.joint_Torso2"
24 0.000000 0.000000 0.000000 0.000000 0.000000 0.000000
2
0.0 -0.789728 2.120316 -0.238215
59.0 -0.789728 2.120316 -0.238215
60
0.0 0.320038 0.218789 -0.016852
1.0 0.306383 0.293102 0.036275
2.0 0.222653 0.389021 0.048148
3.0 0.028680 0.494052 -0.002614
4.0 -0.269177 0.560152 -0.123323
5.0 -0.582268 0.568062 -0.294223
6.0 -0.817305 0.535806 -0.471907
7.0 -0.946708 0.508819 -0.644166
8.0 -0.987916 0.511368 -0.797474
9.0 -0.958427 0.571299 -0.904190
10.0 -0.879727 0.681773 -0.950422
11.0 -0.732162 0.803374 -0.891143
12.0 -0.494358 0.876409 -0.703744
13.0 -0.223911 0.852450 -0.460689
14.0 -0.025662 0.739295 -0.283326
15.0 0.077167 0.591173 -0.201096
16.0 0.133693 0.436251 -0.183365
17.0 0.169652 0.285410 -0.201112
18.0 0.182947 0.138370 -0.226922
19.0 0.150680 -0.019871 -0.237091
20.0 0.043259 -0.190607 -0.208686
21.0 -0.154585 -0.343809 -0.094383
22.0 -0.361024 -0.405608 0.044335
23.0 -0.462385 -0.393603 0.097649
24.0 -0.423567 -0.351450 0.048051
25.0 -0.285761 -0.287541 -0.048850
26.0 -0.115763 -0.204680 -0.126841
27.0 0.044832 -0.131548 -0.152038
28.0 0.174110 -0.085578 -0.134634
29.0 0.253820 -0.065076 -0.098590
30.0 0.287579 -0.055307 -0.063861
31.0 0.289430 -0.058226 -0.042181
32.0 0.285603 -0.072705 -0.042931
33.0 0.313448 -0.098495 -0.071693
34.0 0.374925 -0.126531 -0.129099
35.0 0.462312 -0.130215 -0.218211
36.0 0.550838 -0.091937 -0.330884
37.0 0.627876 -0.031278 -0.428951
38.0 0.678030 0.023290 -0.492892
39.0 0.709386 0.044913 -0.505420
40.0 0.713545 0.052724 -0.464647
41.0 0.679798 0.056407 -0.390888
42.0 0.609794 0.058116 -0.302300
43.0 0.514917 0.064281 -0.213467
44.0 0.414804 0.075144 -0.137112
45.0 0.333109 0.083858 -0.082100
46.0 0.290938 0.087216 -0.054144
47.0 0.279863 0.079240 -0.056847
48.0 0.262612 0.050414 -0.089003
49.0 0.205363 -0.027756 -0.143684
50.0 0.083258 -0.185800 -0.198060
51.0 -0.097692 -0.353971 -0.216104
52.0 -0.280794 -0.441248 -0.210554
53.0 -0.407155 -0.470977 -0.213337
54.0 -0.438735 -0.483515 -0.235330
55.0 -0.320976 -0.462310 -0.279312
56.0 -0.071289 -0.348371 -0.317485
57.0 0.164379 -0.145969 -0.288566
58.0 0.284182 0.033262 -0.193299
59.0 0.314285 0.145970 -0.092344
"18.joint_RightArm"
"16.joint_RightShoulder"
24 0.000000 0.000000 0.000000 0.000000 0.000000 0.000000
2
0.0 -0.645846 -0.165336 -0.009176
59.0 -0.645846 -0.165336 -0.009176
60
0.0 -0.000000 0.000000 0.383972
1.0 -0.000000 -0.000000 0.383972
2.0 -0.000000 0.000000 0.383972
3.0 -0.000000 0.000000 0.383972
4.0 -0.000000 -0.000000 0.383972
5.0 -0.000000 -0.000000 0.383972
6.0 -0.000000 0.000000 0.383972
7.0 -0.000000 0.000000 0.383972
8.0 -0.000000 0.000000 0.383972
9.0 -0.000000 -0.000000 0.383972
10.0 -0.000000 0.000000 0.383972
11.0 -0.000000 0.000000 0.383972
12.0 -0.000000 0.000000 0.383972
13.0 -0.000000 0.000000 0.383972
14.0 -0.000000 -0.000000 0.383972
15.0 -0.000000 -0.000000 0.383972
16.0 -0.000000 0.000000 0.383972
17.0 -0.000000 0.000000 0.383972
18.0 -0.000000 0.000000 0.383972
19.0 -0.000000 0.000000 0.383972
20.0 -0.000000 0.000000 0.383972
21.0 -0.000000 0.000000 0.383972
22.0 -0.000000 -0.000000 0.383972
23.0 -0.000000 0.000000 0.383972
24.0 -0.000000 0.000000 0.383972
25.0 -0.000000 0.000000 0.383972
26.0 -0.000000 0.000000 0.383972
27.0 -0.000000 0.000000 0.383972
28.0 -0.000000 0.000000 0.383972
29.0 -0.000000 0.000000 0.383972
30.0 -0.000000 0.000000 0.383972
31.0 -0.000000 -0.000000 0.383972
32.0 0.000000 -0.000000 0.383972
33.0 -0.000000 0.000000 0.383972
34.0 -0.000000 0.000000 0.383972
35.0 -0.000000 0.000000 0.383972
36.0 -0.000000 0.000000 0.383972
37.0 -0.000000 0.000000 0.383972
38.0 -0.000000 0.000000 0.383972
39.0 -0.000000 -0.000000 0.383972
40.0 -0.000000 0.000000 0.383972
41.0 -0.000000 0.000000 0.383972
42.0 -0.000000 0.000000 0.383972
43.0 -0.000000 0.000000 0.383972
44.0 -0.000000 0.000000 0.383972
45.0 -0.000000 -0.000000 0.383972
46.0 -0.000000 0.000000 0.383972
47.0 -0.000000 0.000000 0.383972
48.0 -0.000000 -0.000000 0.383972
49.0 -0.000000 0.000000 0.383972
50.0 -0.000000 0.000000 0.383972
51.0 -0.000000 -0.000000 0.383972
52.0 -0.000000 0.000000 0.383972
53.0 -0.000000 0.000000 0.383972
54.0 -0.000000 0.000000 0.383972
55.0 -0.000000 0.000000 0.383972
56.0 -0.000000 0.000000 0.383972
57.0 -0.000000 0.000000 0.383972
58.0 -0.000000 0.000000 0.383972
59.0 -0.000000 0.000000 0.383972
"19.joint_RightElbow"
"18.joint_RightArm"
24 0.000000 0.000000 0.000000 0.000000 0.000000 0.000000
2
0.0 -1.638188 -1.253509 -0.024857
59.0 -1.638188 -1.253509 -0.024857
60
0.0 -1.694900 0.721019 -0.808073
1.0 -1.797284 0.711989 -0.875384
2.0 -1.981190 0.681970 -0.993709
3.0 -2.141526 0.640273 -1.092369
4.0 -2.211000 0.617337 -1.133274
5.0 -2.187081 0.625579 -1.119338
6.0 -2.132075 0.643157 -1.086708
7.0 -2.129244 0.644011 -1.085009
8.0 -2.139883 0.640777 -1.091388
9.0 -2.135105 0.642240 -1.088526
10.0 -2.093540 0.654356 -1.063411
11.0 -2.001449 0.677532 -1.006451
12.0 -1.861123 0.703622 -0.916920
13.0 -1.693397 0.721111 -0.807080
14.0 -1.530501 0.724503 -0.699134
15.0 -1.418784 0.719191 -0.625232
16.0 -1.417434 0.719088 -0.624343
17.0 -1.518035 0.724221 -0.690871
18.0 -1.695650 0.720971 -0.808568
19.0 -1.915993 0.694704 -0.952259
20.0 -2.098067 0.653088 -1.066166
21.0 -2.209549 0.617847 -1.132433
22.0 -2.264944 0.597375 -1.164090
23.0 -2.292757 0.586326 -1.179618
24.0 -2.297539 0.584372 -1.182262
25.0 -2.274832 0.593507 -1.169639
26.0 -2.208521 0.618208 -1.131838
27.0 -2.086144 0.656403 -1.058899
28.0 -1.890481 0.699052 -0.935874
29.0 -1.611319 0.724472 -0.752741
30.0 -1.274298 0.702909 -0.530789
31.0 -0.933686 0.618909 -0.320127
32.0 -0.645713 0.489941 -0.167317
33.0 -0.456340 0.372359 -0.087746
34.0 -0.342103 0.289033 -0.050521
35.0 -0.308840 0.263181 -0.041434
36.0 -0.353144 0.297464 -0.053720
37.0 -0.457573 0.373209 -0.088196
38.0 -0.563778 0.442317 -0.130426
39.0 -0.636744 0.484971 -0.163112
40.0 -0.686426 0.511757 -0.186889
41.0 -0.717996 0.527836 -0.202587
42.0 -0.726553 0.532071 -0.206915
43.0 -0.718632 0.528154 -0.202906
44.0 -0.720224 0.528943 -0.203711
45.0 -0.774641 0.554885 -0.231811
46.0 -0.933445 0.618825 -0.319987
47.0 -1.210915 0.692298 -0.490040
48.0 -1.537616 0.724632 -0.703853
49.0 -1.831563 0.707762 -0.897738
50.0 -2.029037 0.671107 -1.023687
51.0 -2.126949 0.644700 -1.083629
52.0 -2.169936 0.631263 -1.109252
53.0 -2.200146 0.621122 -1.126970
54.0 -2.265601 0.597121 -1.164460
55.0 -2.338956 0.566803 -1.204828
56.0 -2.346980 0.563259 -1.209129
57.0 -2.236747 0.608049 -1.148092
58.0 -2.020158 0.673223 -1.018156
59.0 -1.789127 0.712904 -0.870048
"20.joint_RightWrist"
"19.joint_RightElbow"
24 0.000000 0.000000 0.000000 0.000000 0.000000 0.000000
2
0.0 -1.770163 -1.372886 0.032934
59.0 -1.770163 -1.372886 0.032934
60
0.0 0.029002 -0.059994 -0.134742
1.0 0.099359 -0.058619 -0.196075
2.0 0.173533 -0.070913 -0.233649
3.0 0.232690 -0.097990 -0.249869
4.0 0.227897 -0.128185 -0.238611
5.0 0.126873 -0.132330 -0.225190
6.0 -0.021258 -0.104573 -0.228933
7.0 -0.129410 -0.072505 -0.271733
8.0 -0.189897 -0.039004 -0.327200
9.0 -0.179675 -0.005297 -0.360273
10.0 -0.085010 0.005173 -0.370807
11.0 0.040024 0.002974 -0.377847
12.0 0.113251 0.001452 -0.405965
13.0 0.100885 -0.017233 -0.426471
14.0 0.041414 -0.064220 -0.404775
15.0 0.002737 -0.137544 -0.357318
16.0 -0.011735 -0.226262 -0.306276
17.0 -0.055251 -0.299976 -0.264596
18.0 -0.154454 -0.317389 -0.248960
19.0 -0.255349 -0.302654 -0.265125
20.0 -0.350564 -0.322542 -0.293814
21.0 -0.358735 -0.364460 -0.349713
22.0 -0.293887 -0.322881 -0.430916
23.0 -0.270021 -0.215508 -0.455514
24.0 -0.277892 -0.159681 -0.428863
25.0 -0.261461 -0.157417 -0.365423
26.0 -0.183312 -0.159188 -0.275295
27.0 -0.039060 -0.156510 -0.194807
28.0 0.103854 -0.156551 -0.149539
29.0 0.169053 -0.125955 -0.107591
30.0 0.210801 -0.050930 -0.087281
31.0 0.272531 0.004362 -0.098214
32.0 0.330806 0.033390 -0.133169
33.0 0.387199 0.020029 -0.174342
34.0 0.445968 -0.011241 -0.198520
35.0 0.527240 -0.047331 -0.199162
36.0 0.626032 -0.087441 -0.174901
37.0 0.706975 -0.136492 -0.140033
38.0 0.727652 -0.176785 -0.097634
39.0 0.693204 -0.204605 -0.066746
40.0 0.629190 -0.227387 -0.059808
41.0 0.550085 -0.238234 -0.068179
42.0 0.453440 -0.227338 -0.080710
43.0 0.336315 -0.195325 -0.093618
44.0 0.206535 -0.151242 -0.109199
45.0 0.083779 -0.111342 -0.132275
46.0 -0.022041 -0.105528 -0.162873
47.0 -0.133686 -0.154852 -0.173093
48.0 -0.246940 -0.256565 -0.189807
49.0 -0.335874 -0.390785 -0.223355
50.0 -0.391406 -0.508887 -0.261839
51.0 -0.364189 -0.568377 -0.328164
52.0 -0.283001 -0.520187 -0.397674
53.0 -0.221850 -0.430433 -0.373774
54.0 -0.163076 -0.402389 -0.275239
55.0 -0.168081 -0.367241 -0.156632
56.0 -0.194903 -0.222040 -0.094525
57.0 -0.181176 -0.030124 -0.121043
58.0 -0.141915 0.073453 -0.152757
59.0 -0.077557 0.063914 -0.145306
"22.joint_LeftShoulder"
"11.joint_Torso2"
24 0.000000 0.000000 0.000000 0.000000 0.000000 0.000000
2
0.0 0.761910 2.104643 -0.238215
59.0 0.761910 2.104643 -0.238215
60
0.0 -0.027637 -0.510188 -0.103800
1.0 0.066187 -0.407864 -0.145867
2.0 0.193775 -0.275185 -0.143325
3.0 0.319500 -0.122753 -0.089645
4.0 0.411527 0.039865 0.011886
5.0 0.444033 0.200168 0.146170
6.0 0.409461 0.332888 0.285302
7.0 0.322623 0.406203 0.395445
8.0 0.226481 0.411399 0.453894
9.0 0.186382 0.369071 0.452135
10.0 0.166777 0.263037 0.383783
11.0 0.172515 0.117912 0.274015
12.0 0.202001 -0.033926 0.147611
13.0 0.239927 -0.164751 0.027128
14.0 0.267874 -0.264622 -0.068484
15.0 0.273537 -0.335140 -0.128680
16.0 0.278095 -0.372083 -0.148105
17.0 0.290436 -0.367960 -0.120510
18.0 0.271659 -0.325431 -0.048929
19.0 0.194548 -0.219481 0.050813
20.0 0.057860 -0.031023 0.149736
21.0 -0.101682 0.195795 0.222722
22.0 -0.233120 0.380357 0.276866
23.0 -0.277126 0.487081 0.330083
24.0 -0.199542 0.499738 0.384819
25.0 -0.038037 0.392538 0.420262
26.0 0.106810 0.185650 0.385304
27.0 0.185593 -0.055887 0.278176
28.0 0.200668 -0.272433 0.138503
29.0 0.182722 -0.453926 0.004549
30.0 0.163391 -0.619393 -0.096310
31.0 0.160155 -0.797842 -0.149394
32.0 0.107769 -1.003790 -0.129685
33.0 -0.127200 -1.189258 0.059379
34.0 -0.719580 -1.269845 0.591267
35.0 -1.229451 -1.168171 1.063194
36.0 -1.290411 -0.990881 1.126391
37.0 -1.212527 -0.826774 1.072606
38.0 -1.128058 -0.699713 1.036117
39.0 -1.067661 -0.642542 1.029560
40.0 -0.987831 -0.676053 1.018107
41.0 -0.870365 -0.773221 0.979730
42.0 -0.686917 -0.889264 0.840306
43.0 -0.400945 -0.948747 0.544530
44.0 -0.089482 -0.888600 0.192146
45.0 0.091226 -0.710276 -0.044483
46.0 0.148820 -0.502621 -0.134531
47.0 0.130298 -0.321844 -0.144196
48.0 0.069588 -0.183094 -0.125077
49.0 -0.022798 -0.074468 -0.101003
50.0 -0.157986 0.007610 -0.087045
51.0 -0.320200 0.055636 -0.086769
52.0 -0.469571 0.067757 -0.084965
53.0 -0.566793 0.050777 -0.055585
54.0 -0.589220 0.017767 0.017822
55.0 -0.494774 -0.052076 0.122443
56.0 -0.302213 -0.201237 0.189217
57.0 -0.135844 -0.381916 0.173812
58.0 -0.053802 -0.502324 0.080675
59.0 -0.045792 -0.541549 -0.027050
"24.joint_LeftArm"
"22.joint_LeftShoulder"
24 0.000000 0.000000 0.000000 0.000000 0.000000 0.000000
2
0.0 0.748483 -0.165336 -0.009175
59.0 0.748483 -0.165336 -0.009175
60
0.0 0.000000 0.000000 -0.383972
1.0 0.000000 0.000000 -0.383972
2.0 0.000000 -0.000000 -0.383972
3.0 0.000000 0.000000 -0.383972
4.0 0.000000 -0.000000 -0.383972
5.0 0.000000 0.000000 -0.383972
6.0 0.000000 -0.000000 -0.383973
7.0 0.000000 -0.000000 -0.383972
8.0 0.000000 0.000000 -0.383972
9.0 0.000000 0.000000 -0.383972
10.0 0.000000 0.000000 -0.383972
11.0 0.000000 -0.000000 -0.383972
12.0 0.000000 -0.000000 -0.383972
13.0 0.000000 0.000000 -0.383972
14.0 0.000000 0.000000 -0.383972
15.0 0.000000 -0.000000 -0.383973
16.0 0.000000 0.000000 -0.383972
17.0 0.000000 0.000000 -0.383972
18.0 0.000000 0.000000 -0.383972
19.0 0.000000 0.000000 -0.383972
20.0 0.000000 0.000000 -0.383972
21.0 0.000000 -0.000000 -0.383973
22.0 0.000000 0.000000 -0.383972
23.0 0.000000 0.000000 -0.383972
24.0 0.000000 -0.000000 -0.383972
25.0 0.000000 0.000000 -0.383972
26.0 0.000000 0.000000 -0.383972
27.0 0.000000 0.000000 -0.383972
28.0 0.000000 0.000000 -0.383972
29.0 0.000000 0.000000 -0.383972
30.0 0.000000 -0.000000 -0.383972
31.0 0.000000 0.000000 -0.383972
32.0 0.000000 -0.000000 -0.383972
33.0 0.000000 -0.000000 -0.383972
34.0 0.000000 -0.000000 -0.383972
35.0 0.000000 -0.000000 -0.383972
36.0 0.000000 0.000000 -0.383972
37.0 0.000000 0.000000 -0.383972
38.0 0.000000 0.000000 -0.383972
39.0 0.000000 0.000000 -0.383972
40.0 0.000000 -0.000000 -0.383972
41.0 0.000000 -0.000000 -0.383972
42.0 0.000000 0.000000 -0.383972
43.0 0.000000 0.000000 -0.383972
44.0 0.000000 -0.000000 -0.383972
45.0 0.000000 0.000000 -0.383972
46.0 0.000000 0.000000 -0.383973
47.0 0.000000 -0.000000 -0.383972
48.0 0.000000 -0.000000 -0.383972
49.0 0.000000 0.000000 -0.383972
50.0 0.000000 0.000000 -0.383972
51.0 0.000000 0.000000 -0.383972
52.0 0.000000 -0.000000 -0.383972
53.0 0.000000 0.000000 -0.383972
54.0 0.000000 0.000000 -0.383972
55.0 0.000000 0.000000 -0.383973
56.0 0.000000 0.000000 -0.383972
57.0 0.000000 0.000000 -0.383973
58.0 0.000000 -0.000000 -0.383972
59.0 0.000000 -0.000000 -0.383972
"25.joint_LeftElbow"
"24.joint_LeftArm"
24 0.000000 0.000000 0.000000 0.000000 0.000000 0.000000
2
0.0 1.638191 -1.253507 -0.024858
59.0 1.638191 -1.253507 -0.024858
60
0.0 -0.746556 -0.636979 0.256402
1.0 -0.829189 -0.676795 0.306861
2.0 -0.938759 -0.721133 0.377381
3.0 -1.003255 -0.743085 0.420482
4.0 -0.968974 -0.731782 0.397441
5.0 -0.827110 -0.675862 0.305560
6.0 -0.616128 -0.561850 0.182751
7.0 -0.391759 -0.394130 0.078941
8.0 -0.222788 -0.236156 0.026382
9.0 -0.177244 -0.189721 0.016780
10.0 -0.144315 -0.155366 0.011143
11.0 -0.139099 -0.149870 0.010353
12.0 -0.178615 -0.191138 0.017038
13.0 -0.267832 -0.280632 0.037873
14.0 -0.408463 -0.408334 0.085457
15.0 -0.576451 -0.535816 0.162067
16.0 -0.813345 -0.669602 0.296987
17.0 -1.209242 -0.794924 0.563977
18.0 -1.670732 -0.825916 0.901103
19.0 -2.042288 -0.770833 1.168709
20.0 -2.263018 -0.698370 1.317016
21.0 -2.342326 -0.663556 1.366939
22.0 -2.313452 -0.676817 1.349014
23.0 -2.225657 -0.713067 1.292795
24.0 -2.113224 -0.751183 1.217619
25.0 -1.979349 -0.785626 1.124534
26.0 -1.812135 -0.813786 1.004517
27.0 -1.587943 -0.828311 0.840179
28.0 -1.317399 -0.812127 0.641836
29.0 -1.084166 -0.766620 0.475915
30.0 -0.997617 -0.741281 0.416675
31.0 -1.097208 -0.770017 0.484975
32.0 -1.271573 -0.805626 0.608692
33.0 -1.446001 -0.824458 0.735740
34.0 -1.574468 -0.828378 0.830252
35.0 -1.669872 -0.825958 0.900470
36.0 -1.773374 -0.818139 0.976294
37.0 -1.868962 -0.805957 1.045659
38.0 -1.954570 -0.790796 1.106971
39.0 -2.005451 -0.779781 1.142934
40.0 -2.023410 -0.775523 1.155528
41.0 -2.000376 -0.780949 1.139364
42.0 -1.909479 -0.799297 1.074789
43.0 -1.752837 -0.820128 0.961295
44.0 -1.582009 -0.828350 0.835807
45.0 -1.455732 -0.825044 0.742884
46.0 -1.469083 -0.825772 0.752690
47.0 -1.604714 -0.828102 0.852531
48.0 -1.793383 -0.815991 0.990878
49.0 -1.975207 -0.786514 1.121604
50.0 -2.106310 -0.753242 1.212897
51.0 -2.171836 -0.732423 1.257208
52.0 -2.186415 -0.727386 1.266925
53.0 -2.184139 -0.728183 1.265411
54.0 -2.197543 -0.723439 1.274304
55.0 -2.202613 -0.721613 1.277654
56.0 -2.098577 -0.755507 1.207603
57.0 -1.810067 -0.814038 1.003014
58.0 -1.347676 -0.815806 0.663841
59.0 -0.910314 -0.710500 0.358724
"26.joint_LeftWrist"
"25.joint_LeftElbow"
24 0.000000 0.000000 0.000000 0.000000 0.000000 0.000000
2
0.0 1.639727 -1.373887 0.032935
59.0 1.639727 -1.373887 0.032935
60
0.0 0.266623 0.017972 0.281147
1.0 0.544341 0.190491 0.362283
2.0 0.802932 0.322578 0.470503
3.0 0.991264 0.392607 0.540594
4.0 1.069214 0.395448 0.511547
5.0 1.038139 0.313583 0.372468
6.0 0.978073 0.156415 0.204371
7.0 0.937016 -0.022266 0.086565
8.0 0.905630 -0.154906 0.030164
9.0 0.890555 -0.179235 0.016135
10.0 0.815309 -0.166624 0.042589
11.0 0.714353 -0.120095 0.080804
12.0 0.628467 -0.056957 0.097053
13.0 0.566464 -0.003070 0.079340
14.0 0.500954 0.022950 0.018104
15.0 0.392269 0.014460 -0.074270
16.0 0.206933 0.020019 -0.150908
17.0 -0.014415 0.075398 -0.159146
18.0 -0.227387 0.175323 -0.087463
19.0 -0.370373 0.317842 0.025213
20.0 -0.412592 0.484515 0.120203
21.0 -0.397554 0.625610 0.160296
22.0 -0.391237 0.684131 0.144137
23.0 -0.426302 0.649334 0.088787
24.0 -0.445768 0.560598 0.028176
25.0 -0.390042 0.427174 0.038850
26.0 -0.230555 0.289489 0.139097
27.0 -0.071893 0.250226 0.242233
28.0 0.026935 0.223521 0.273120
29.0 0.041681 0.119183 0.231271
30.0 0.024420 -0.026491 0.160951
31.0 0.025829 -0.120852 0.106651
32.0 0.045797 -0.152465 0.087913
33.0 0.055499 -0.131598 0.077717
34.0 0.002151 -0.103787 0.103431
35.0 -0.082258 -0.101124 0.169636
36.0 -0.143878 -0.118507 0.211461
37.0 -0.156356 -0.129003 0.199945
38.0 -0.144863 -0.127939 0.175846
39.0 -0.129835 -0.120670 0.164260
40.0 -0.060195 -0.050253 0.177477
41.0 0.018784 0.064461 0.232083
42.0 0.080876 0.148138 0.269338
43.0 0.120345 0.164355 0.268017
44.0 0.119539 0.128423 0.295257
45.0 0.021260 0.133816 0.351948
46.0 -0.111201 0.202704 0.280927
47.0 -0.223735 0.264909 0.172849
48.0 -0.311109 0.316782 0.114052
49.0 -0.382788 0.352964 0.109159
50.0 -0.424384 0.367566 0.139794
51.0 -0.438737 0.350618 0.182822
52.0 -0.433082 0.305434 0.224828
53.0 -0.398481 0.262975 0.266658
54.0 -0.320654 0.253540 0.300663
55.0 -0.244887 0.224999 0.356202
56.0 -0.213013 0.115578 0.434813
57.0 -0.192043 0.016068 0.504569
58.0 -0.144479 -0.025053 0.499324
59.0 -0.021069 -0.029360 0.413210
