Bones: 19
"12.joint_HipMaster"
""
24 0.000000 0.000000 0.000000 0.000000 0.000000 0.000000
60
0.0 -0.499982 8.040953 -0.000000
1.0 -0.445014 8.099248 -0.000000
2.0 -0.388351 8.134327 -0.000000
3.0 -0.331226 8.145036 -0.000000
4.0 -0.274874 8.130221 -0.000000
5.0 -0.220530 8.088729 -0.000000
6.0 -0.169428 8.019404 -0.000000
7.0 -0.122801 7.921095 -0.000000
8.0 -0.081884 7.796313 -0.000000
9.0 -0.047911 7.655346 -0.000000
10.0 -0.022116 7.503206 -0.000000
11.0 -0.005735 7.344628 -0.000000
12.0 -0.000000 7.184351 0.000000
13.0 -0.000000 7.027111 0.000000
14.0 -0.000000 6.877643 0.000000
15.0 -0.000000 6.740687 0.000000
16.0 -0.000000 6.620979 0.000000
17.0 -0.000000 6.523254 0.000000
18.0 -0.000000 6.452251 0.000001
19.0 -0.000000 6.412706 0.000000
20.0 -0.000000 6.409357 0.000000
21.0 -0.000000 6.446939 0.000000
22.0 -0.000000 6.530190 0.000000
23.0 -0.000000 6.663847 0.000000
24.0 -0.000000 6.852647 0.000000
25.0 -0.000000 7.101325 0.000000
26.0 -0.000000 7.414620 0.000000
27.0 -0.000000 7.764671 0.000000
28.0 -0.000000 8.042902 0.000000
29.0 -0.000000 8.249639 0.000000
30.0 -0.000000 8.390538 0.000000
31.0 -0.000000 8.471251 0.000000
32.0 -0.000000 8.497434 0.000000
33.0 -0.000000 8.474742 0.000000
34.0 -0.000000 8.408827 0.000000
35.0 -0.001059 8.305343 -0.000000
36.0 -0.009219 8.169946 -0.000000
37.0 -0.024741 8.008290 -0.000000
38.0 -0.046794 7.826029 -0.000000
39.0 -0.074546 7.628815 -0.000000
40.0 -0.107164 7.422306 -0.000000
41.0 -0.143816 7.212154 -0.000000
42.0 -0.183670 7.004014 -0.000000
43.0 -0.225894 6.803539 -0.000000
44.0 -0.269656 6.616384 -0.000000
45.0 -0.314123 6.448204 -0.000000
46.0 -0.358463 6.304652 -0.000000
47.0 -0.401847 6.191382 -0.000000
48.0 -0.443438 6.114049 -0.000000
49.0 -0.482407 6.078308 -0.000000
50.0 -0.517921 6.089811 -0.000000
51.0 -0.549149 6.154215 -0.000000
52.0 -0.575257 6.277170 -0.000000
53.0 -0.595414 6.464335 -0.000000
54.0 -0.608787 6.725676 -0.000000
55.0 -0.614546 7.011909 -0.000000
56.0 -0.611857 7.289806 -0.000000
57.0 -0.599887 7.545513 -0.000000
58.0 -0.577807 7.765177 -0.000000
59.0 -0.544782 7.934941 -0.000000
60
0.0 -3.141592 -0.283095 2.717208
1.0 -3.123378 -0.278571 2.672225
2.0 -3.105292 -0.274675 2.632899
3.0 -3.087561 -0.271678 2.598914
4.0 -3.070426 -0.269862 2.569949
5.0 -3.054110 -0.269510 2.545689
6.0 -3.038846 -0.270897 2.525816
7.0 -3.024869 -0.274307 2.510014
8.0 -3.012411 -0.280015 2.497964
9.0 -3.001696 -0.288307 2.489348
10.0 -2.992959 -0.304942 2.483851
11.0 -2.986433 -0.344004 2.481154
12.0 -2.982353 -0.389567 2.481256
13.0 -2.980937 -0.422923 2.485908
14.0 -2.981432 -0.429405 2.495536
15.0 -2.982923 -0.422693 2.510264
16.0 -2.985415 -0.408772 2.530227
17.0 -2.988913 -0.390485 2.555549
18.0 -2.993415 -0.370666 2.586354
19.0 -2.998934 -0.352152 2.622777
20.0 -3.005468 -0.337782 2.664944
21.0 -3.013026 -0.330386 2.712981
22.0 -3.021608 -0.332810 2.768727
23.0 -3.031226 -0.352561 2.832820
24.0 -3.041875 -0.389056 2.903578
25.0 -3.053563 -0.432975 2.979325
26.0 -3.066301 -0.474997 3.058381
27.0 -3.080083 -0.505815 3.139067
28.0 -3.094922 -0.518024 -3.063479
29.0 -3.110814 -0.518435 -2.984569
30.0 -3.127774 -0.511469 -2.909062
31.0 3.137695 -0.500149 -2.838641
32.0 3.120755 -0.487485 -2.774983
33.0 3.104146 -0.476500 -2.719768
34.0 3.087087 -0.470212 -2.674670
35.0 3.068787 -0.471643 -2.638003
36.0 3.048471 -0.481410 -2.607093
37.0 3.025345 -0.497011 -2.582154
38.0 2.998636 -0.516760 -2.563394
39.0 2.967551 -0.538976 -2.551025
40.0 2.931307 -0.561978 -2.545254
41.0 2.889119 -0.584086 -2.546292
42.0 2.840208 -0.603611 -2.554355
43.0 2.783784 -0.618877 -2.569646
44.0 2.722916 -0.628201 -2.592379
45.0 2.679181 -0.629895 -2.622764
46.0 2.653788 -0.622732 -2.662336
47.0 2.644003 -0.608742 -2.711521
48.0 2.647103 -0.589247 -2.768867
49.0 2.660363 -0.565222 -2.832927
50.0 2.684643 -0.537656 -2.902251
51.0 2.735337 -0.507526 -2.975388
52.0 2.804593 -0.475816 -3.050889
53.0 2.880589 -0.443509 -3.127303
54.0 2.951516 -0.411587 3.080004
55.0 3.006874 -0.381030 3.006114
56.0 3.048332 -0.352820 2.935660
57.0 3.079566 -0.327939 2.870093
58.0 3.103542 -0.307369 2.810862
59.0 3.123230 -0.292094 2.759417
"28.joint_RightHip"
"12.joint_HipMaster"
24 0.000000 0.000000 0.000000 0.000000 0.000000 0.000000
2
0.0 -0.674227 -0.727983 -0.131169
59.0 -0.674227 -0.727983 -0.131169
60
0.0 -0.156001 0.044849 -0.687123
1.0 -0.134624 0.040370 -0.728123
2.0 -0.115831 0.034107 -0.754520
3.0 -0.102402 0.025209 -0.767857
4.0 -0.095417 0.013475 -0.770505
5.0 -0.094220 0.000396 -0.766511
6.0 -0.100934 -0.014215 -0.757785
7.0 -0.118091 -0.030449 -0.746096
8.0 -0.147178 -0.048919 -0.733329
9.0 -0.184822 -0.068786 -0.720241
10.0 -0.223025 -0.092431 -0.706442
11.0 -0.247791 -0.129156 -0.691067
12.0 -0.268421 -0.166166 -0.677584
13.0 -0.297862 -0.190117 -0.664262
14.0 -0.343379 -0.192995 -0.648652
15.0 -0.393298 -0.189954 -0.627193
16.0 -0.445358 -0.187366 -0.598786
17.0 -0.495960 -0.186027 -0.564491
18.0 -0.541004 -0.186160 -0.525330
19.0 -0.576773 -0.186198 -0.482352
20.0 -0.599975 -0.185291 -0.437206
21.0 -0.608155 -0.184068 -0.391059
22.0 -0.601560 -0.186572 -0.338615
23.0 -0.578460 -0.199253 -0.278813
24.0 -0.545407 -0.220521 -0.215740
25.0 -0.501769 -0.240020 -0.152529
26.0 -0.443818 -0.244513 -0.091622
27.0 -0.369709 -0.227607 -0.034476
28.0 -0.300848 -0.191427 0.024144
29.0 -0.235019 -0.147896 0.082635
30.0 -0.172707 -0.106432 0.138521
31.0 -0.120105 -0.075551 0.189821
32.0 -0.092161 -0.064523 0.234392
33.0 -0.098310 -0.073920 0.269694
34.0 -0.128113 -0.097552 0.292920
35.0 -0.168166 -0.129142 0.305771
36.0 -0.213545 -0.161850 0.314071
37.0 -0.258448 -0.185491 0.318779
38.0 -0.298906 -0.199160 0.319980
39.0 -0.331601 -0.208879 0.316874
40.0 -0.353630 -0.215643 0.309327
41.0 -0.362248 -0.219953 0.297466
42.0 -0.357632 -0.223542 0.284175
43.0 -0.346120 -0.235708 0.281787
44.0 -0.320898 -0.253726 0.283714
45.0 -0.299962 -0.265260 0.284005
46.0 -0.275940 -0.261063 0.269652
47.0 -0.242550 -0.231885 0.233140
48.0 -0.212095 -0.188971 0.189828
49.0 -0.186189 -0.138836 0.140513
50.0 -0.168337 -0.090344 0.079273
51.0 -0.181934 -0.045108 0.006629
52.0 -0.218261 -0.007606 -0.077516
53.0 -0.260042 0.017722 -0.169589
54.0 -0.287548 0.030519 -0.263648
55.0 -0.291019 0.036847 -0.355127
56.0 -0.276066 0.041200 -0.440930
57.0 -0.248686 0.045057 -0.518732
58.0 -0.214649 0.047699 -0.586893
59.0 -0.180886 0.048088 -0.643650
"29.!joint_RightKnee"
"28.joint_RightHip"
24 0.000000 0.000000 0.000000 0.000000 0.000000 0.000000
2
0.0 -0.133781 -3.476813 -0.240881
59.0 -0.133781 -3.476813 -0.240881
60
0.0 0.810448 -0.000000 0.000000
1.0 0.767576 -0.000000 0.000000
2.0 0.742479 -0.000000 0.000001
3.0 0.736356 -0.000000 0.000000
4.0 0.747472 -0.000000 0.000000
5.0 0.771575 -0.000000 0.000000
6.0 0.809072 -0.000000 0.000000
7.0 0.861189 -0.000000 0.000000
8.0 0.927179 -0.000000 0.000000
9.0 1.000599 -0.000000 0.000000
10.0 1.077144 -0.000000 0.000000
11.0 1.153003 -0.000000 0.000000
12.0 1.225820 -0.000000 0.000000
13.0 1.294702 -0.000000 0.000000
14.0 1.357692 -0.000000 0.000000
15.0 1.413018 -0.000000 0.000000
16.0 1.460560 -0.000000 0.000000
17.0 1.498807 -0.000000 0.000000
18.0 1.526238 -0.000000 0.000000
19.0 1.541517 -0.000000 0.000000
20.0 1.543302 -0.000001 -0.000000
21.0 1.530042 -0.000000 0.000000
22.0 1.499414 -0.000000 0.000000
23.0 1.448225 -0.000000 0.000000
24.0 1.373952 -0.000001 0.000001
25.0 1.270388 -0.000000 0.000000
26.0 1.128110 -0.000000 0.000000
27.0 0.946115 -0.000000 0.000000
28.0 0.770555 -0.000000 0.000000
29.0 0.606328 -0.000000 0.000000
30.0 0.459649 0.000000 0.000000
31.0 0.345150 -0.000000 0.000000
32.0 0.290725 0.000000 0.000000
33.0 0.316416 0.000000 0.000000
34.0 0.402195 0.000000 0.000000
35.0 0.515923 -0.000000 0.000000
36.0 0.641890 0.000000 0.000000
37.0 0.771257 -0.000000 0.000000
38.0 0.899174 -0.000000 0.000000
39.0 1.022750 -0.000000 0.000001
40.0 1.139862 -0.000000 0.000000
41.0 1.248605 -0.000000 0.000000
42.0 1.349312 -0.000000 0.000000
43.0 1.436510 -0.000001 -0.000000
44.0 1.497425 -0.000000 0.000000
45.0 1.538071 -0.000000 0.000000
46.0 1.566854 -0.000001 -0.000000
47.0 1.591816 -0.000000 0.000000
48.0 1.609888 -0.000001 -0.000000
49.0 1.618180 -0.000000 0.000000
50.0 1.614872 -0.000000 0.000000
51.0 1.600322 -0.000000 0.000000
52.0 1.569333 -0.000000 0.000000
53.0 1.515050 -0.000000 0.000000
54.0 1.428993 -0.000000 0.000000
55.0 1.323679 -0.000000 0.000000
56.0 1.209766 -0.000000 0.000000
57.0 1.092619 -0.000000 0.000000
58.0 0.979442 -0.000000 0.000000
59.0 0.880590 -0.000000 0.000000
"30.!joint_RightFoot"
"29.!joint_RightKnee"
24 0.000000 0.000000 0.000000 0.000000 0.000000 0.000000
2
0.0 -0.030686 -3.274578 -0.524998
59.0 -0.030686 -3.274578 -0.524998
60
0.0 -0.267845 -0.356902 0.307748
1.0 -0.267604 -0.318433 0.271275
2.0 -0.281822 -0.279417 0.229226
3.0 -0.308129 -0.244260 0.182000
4.0 -0.343111 -0.217705 0.131642
5.0 -0.382756 -0.204270 0.083613
6.0 -0.425133 -0.206897 0.042008
7.0 -0.468077 -0.219717 0.005975
8.0 -0.508765 -0.237412 -0.025596
9.0 -0.543994 -0.259074 -0.052277
10.0 -0.573783 -0.284715 -0.072902
11.0 -0.600301 -0.314212 -0.086187
12.0 -0.623015 -0.345396 -0.090880
13.0 -0.640548 -0.377125 -0.089257
14.0 -0.653806 -0.408476 -0.085265
15.0 -0.665254 -0.438796 -0.083463
16.0 -0.672803 -0.466577 -0.087523
17.0 -0.675156 -0.488998 -0.098342
18.0 -0.672357 -0.504979 -0.114151
19.0 -0.664601 -0.514867 -0.130991
20.0 -0.652017 -0.518557 -0.144897
21.0 -0.634307 -0.515899 -0.153269
22.0 -0.609370 -0.508464 -0.159677
23.0 -0.580756 -0.483787 -0.150047
24.0 -0.543729 -0.434877 -0.116142
25.0 -0.492339 -0.373552 -0.064342
26.0 -0.419441 -0.312262 -0.002612
27.0 -0.327061 -0.265086 0.061826
28.0 -0.237888 -0.238407 0.115079
29.0 -0.150459 -0.229850 0.145571
30.0 -0.067677 -0.228086 0.160116
31.0 0.004251 -0.224390 0.164607
32.0 0.052659 -0.205990 0.163831
33.0 0.066081 -0.172829 0.162859
34.0 0.051572 -0.135850 0.162875
35.0 0.022522 -0.105235 0.167770
36.0 -0.013632 -0.090230 0.177893
37.0 -0.048873 -0.098611 0.199401
38.0 -0.076764 -0.110321 0.222850
39.0 -0.096544 -0.105804 0.232362
40.0 -0.110304 -0.091587 0.228243
41.0 -0.120593 -0.073694 0.212521
42.0 -0.130073 -0.058381 0.186004
43.0 -0.132187 -0.057638 0.139630
44.0 -0.123412 -0.071315 0.085075
45.0 -0.111910 -0.092131 0.037914
46.0 -0.114461 -0.111415 0.015048
47.0 -0.146720 -0.128190 0.035103
48.0 -0.191513 -0.151671 0.082321
49.0 -0.241916 -0.178959 0.145895
50.0 -0.292247 -0.202207 0.212950
51.0 -0.334752 -0.222735 0.277240
52.0 -0.364946 -0.243967 0.334809
53.0 -0.380506 -0.269253 0.380213
54.0 -0.378669 -0.300214 0.407345
55.0 -0.367388 -0.329720 0.415919
56.0 -0.351042 -0.354677 0.410724
57.0 -0.330899 -0.375046 0.396287
58.0 -0.307704 -0.385606 0.372791
59.0 -0.284649 -0.381145 0.342251
"32.joint_LeftHip"
"12.joint_HipMaster"
24 0.000000 0.000000 0.000000 0.000000 0.000000 0.000000
2
0.0 0.674223 -0.727984 -0.131174
59.0 0.674223 -0.727984 -0.131174
60
0.0 -0.038370 0.198721 -0.345987
1.0 0.014275 0.201335 -0.375118
2.0 0.044188 0.201864 -0.393611
3.0 0.039392 0.200367 -0.403735
4.0 0.004119 0.196932 -0.407670
5.0 -0.048308 0.191721 -0.407616
6.0 -0.110265 0.184982 -0.405881
7.0 -0.179339 0.177037 -0.404993
8.0 -0.254007 0.168257 -0.407812
9.0 -0.329009 0.156315 -0.417029
10.0 -0.398551 0.114727 -0.435595
11.0 -0.453060 0.040345 -0.460883
12.0 -0.489475 -0.030718 -0.495004
13.0 -0.517899 -0.082556 -0.525229
14.0 -0.550162 -0.110270 -0.548038
15.0 -0.583906 -0.125145 -0.559527
16.0 -0.619802 -0.131451 -0.559430
17.0 -0.657353 -0.130259 -0.547909
18.0 -0.693249 -0.122643 -0.525265
19.0 -0.723412 -0.109571 -0.491928
20.0 -0.745507 -0.087427 -0.448460
21.0 -0.758110 -0.058312 -0.394267
22.0 -0.763387 -0.034541 -0.320626
23.0 -0.760614 -0.028506 -0.227213
24.0 -0.749932 -0.044517 -0.119592
25.0 -0.729632 -0.077859 -0.004297
26.0 -0.695477 -0.125741 0.112753
27.0 -0.645394 -0.188636 0.228586
28.0 -0.595538 -0.240628 0.340252
29.0 -0.545771 -0.264903 0.442019
30.0 -0.495284 -0.249055 0.528434
31.0 -0.436932 -0.213625 0.600222
32.0 -0.377635 -0.187777 0.661941
33.0 -0.328594 -0.186702 0.714254
34.0 -0.305322 -0.202043 0.753619
35.0 -0.319734 -0.225889 0.781248
36.0 -0.366437 -0.249288 0.801991
37.0 -0.431384 -0.260633 0.814521
38.0 -0.493805 -0.253435 0.816119
39.0 -0.548675 -0.238680 0.807235
40.0 -0.593101 -0.230362 0.790099
41.0 -0.623467 -0.237010 0.765063
42.0 -0.635229 -0.256326 0.730953
43.0 -0.623219 -0.284499 0.686232
44.0 -0.585956 -0.314503 0.630450
45.0 -0.544655 -0.329042 0.570781
46.0 -0.501825 -0.326317 0.508564
47.0 -0.458539 -0.309439 0.443269
48.0 -0.415224 -0.291963 0.371299
49.0 -0.373416 -0.269982 0.294600
50.0 -0.339112 -0.236060 0.219234
51.0 -0.335498 -0.181723 0.154827
52.0 -0.351319 -0.115012 0.095812
53.0 -0.368296 -0.051178 0.033218
54.0 -0.367527 0.005703 -0.033442
55.0 -0.341398 0.055131 -0.100917
56.0 -0.296107 0.098051 -0.165389
57.0 -0.237084 0.134727 -0.224096
58.0 -0.169251 0.164677 -0.274891
59.0 -0.099154 0.186641 -0.316036
"33.!joint_LeftKnee"
"32.joint_LeftHip"
24 0.000000 0.000000 0.000000 0.000000 0.000000 0.000000
2
0.0 0.133781 -3.476814 -0.240874
59.0 0.133781 -3.476814 -0.240874
60
0.0 0.437546 0.000000 0.000000
1.0 0.321840 -0.000000 0.000000
2.0 0.256592 -0.000000 0.000000
3.0 0.263701 -0.000000 0.000000
4.0 0.332461 0.000000 0.000000
5.0 0.433840 -0.000000 0.000000
6.0 0.550195 0.000000 0.000000
7.0 0.674225 -0.000000 0.000000
8.0 0.800517 -0.000001 0.000002
9.0 0.920588 -0.000000 0.000000
10.0 1.031387 -0.000000 0.000000
11.0 1.131225 -0.000001 -0.000000
12.0 1.211977 -0.000000 0.000000
13.0 1.272065 -0.000000 0.000000
14.0 1.319120 -0.000000 0.000000
15.0 1.358800 -0.000001 -0.000000
16.0 1.394523 -0.000000 0.000000
17.0 1.428344 -0.000000 0.000000
18.0 1.458024 -0.000000 0.000000
19.0 1.479645 -0.000000 0.000000
20.0 1.491969 -0.000000 0.000000
21.0 1.493278 -0.000000 0.000000
22.0 1.481380 -0.000000 0.000000
23.0 1.452613 -0.000000 0.000000
24.0 1.400778 -0.000001 0.000001
25.0 1.318654 -0.000000 0.000000
26.0 1.198015 -0.000000 0.000000
27.0 1.042297 -0.000000 0.000000
28.0 0.897796 -0.000000 0.000000
29.0 0.771441 -0.000000 0.000000
30.0 0.665075 -0.000000 0.000000
31.0 0.560515 -0.000000 0.000000
32.0 0.462708 -0.000000 0.000000
33.0 0.389641 -0.000000 0.000000
34.0 0.369103 -0.000000 0.000000
35.0 0.418134 -0.000000 0.000000
36.0 0.522126 -0.000000 0.000000
37.0 0.659713 -0.000000 0.000000
38.0 0.794776 -0.000000 0.000000
39.0 0.922724 -0.000000 0.000000
40.0 1.042736 -0.000000 0.000000
41.0 1.154677 -0.000000 0.000000
42.0 1.257949 -0.000000 0.000000
43.0 1.351328 -0.000000 0.000000
44.0 1.432852 -0.000000 0.000000
45.0 1.500933 -0.000002 0.000001
46.0 1.555467 -0.000000 0.000000
47.0 1.595831 -0.000000 0.000000
48.0 1.620991 -0.000000 0.000000
49.0 1.629554 -0.000001 0.000001
50.0 1.620138 -0.000001 -0.000000
51.0 1.592709 -0.000000 0.000000
52.0 1.543429 -0.000000 0.000000
53.0 1.466632 -0.000000 0.000000
54.0 1.353758 -0.000000 0.000000
55.0 1.217614 -0.000000 0.000000
56.0 1.068006 -0.000000 0.000000
57.0 0.908214 -0.000000 0.000000
58.0 0.742729 0.000000 0.000000
59.0 0.579708 -0.000000 0.000000
"34.!joint_LeftFoot"
"33.!joint_LeftKnee"
24 0.000000 0.000000 0.000000 0.000000 0.000000 0.000000
2
0.0 0.030688 -3.274577 -0.524990
59.0 0.030688 -3.274577 -0.524990
60
0.0 -0.115106 0.006868 -0.055686
1.0 -0.048445 -0.048572 -0.056557
2.0 0.003653 -0.099208 -0.064475
3.0 0.028910 -0.143934 -0.071065
4.0 0.031061 -0.180997 -0.070660
5.0 0.023349 -0.207197 -0.062433
6.0 0.013822 -0.219260 -0.047717
7.0 0.005748 -0.214256 -0.028422
8.0 0.003005 -0.174660 -0.015167
9.0 0.007787 -0.059768 -0.038813
10.0 0.004990 0.098194 -0.091637
11.0 -0.009371 0.237851 -0.136394
12.0 -0.016378 0.312716 -0.122432
13.0 -0.016081 0.371184 -0.096775
14.0 -0.017091 0.424770 -0.077756
15.0 -0.021461 0.469880 -0.066430
16.0 -0.029665 0.505405 -0.061851
17.0 -0.042898 0.529997 -0.063578
18.0 -0.060067 0.542534 -0.070253
19.0 -0.078729 0.542042 -0.079535
20.0 -0.097906 0.525204 -0.085360
21.0 -0.116926 0.492192 -0.086118
22.0 -0.135442 0.446484 -0.091307
23.0 -0.148911 0.393744 -0.103242
24.0 -0.153543 0.341503 -0.123144
25.0 -0.148209 0.298493 -0.152583
26.0 -0.130445 0.277192 -0.191697
27.0 -0.103510 0.282908 -0.235389
28.0 -0.081951 0.259168 -0.255740
29.0 -0.066574 0.215404 -0.265752
30.0 -0.053084 0.182896 -0.280467
31.0 -0.038448 0.177416 -0.298103
32.0 -0.029403 0.185806 -0.310362
33.0 -0.038108 0.215476 -0.319977
34.0 -0.073561 0.249933 -0.327624
35.0 -0.139876 0.276363 -0.336955
36.0 -0.226403 0.288041 -0.349353
37.0 -0.319201 0.278651 -0.358312
38.0 -0.398484 0.250556 -0.352112
39.0 -0.467305 0.216005 -0.333351
40.0 -0.530422 0.187664 -0.310508
41.0 -0.589784 0.172681 -0.290346
42.0 -0.642889 0.169266 -0.274145
43.0 -0.690420 0.175115 -0.262275
44.0 -0.732569 0.188297 -0.254644
45.0 -0.767536 0.209707 -0.248920
46.0 -0.797675 0.239517 -0.244344
47.0 -0.822446 0.275386 -0.241589
48.0 -0.842664 0.322436 -0.249677
49.0 -0.855780 0.373608 -0.262825
50.0 -0.857303 0.419655 -0.270672
51.0 -0.837616 0.449661 -0.256901
52.0 -0.796501 0.459537 -0.218354
53.0 -0.733252 0.448619 -0.169605
54.0 -0.646748 0.414616 -0.119245
55.0 -0.552771 0.360297 -0.078981
56.0 -0.459153 0.291871 -0.054378
57.0 -0.366914 0.216755 -0.045036
58.0 -0.276537 0.141564 -0.047143
59.0 -0.190097 0.070977 -0.053908
"10.joint_Torso"
"12.joint_HipMaster"
24 0.000000 0.000000 0.000000 0.000000 0.000000 0.000000
2
0.0 0.000000 0.044082 0.000009
59.0 0.000000 0.044082 0.000009
60
0.0 0.191633 -0.635675 -0.094276
1.0 0.121770 -0.703785 -0.078249
2.0 0.038695 -0.759276 -0.055518
3.0 -0.048735 -0.784505 -0.031842
4.0 -0.129232 -0.762283 -0.016186
5.0 -0.191425 -0.673593 -0.018232
6.0 -0.229227 -0.516878 -0.041589
7.0 -0.244695 -0.345125 -0.069703
8.0 -0.218100 -0.216737 -0.092172
9.0 -0.129153 -0.186959 -0.103460
10.0 -0.014397 -0.221226 -0.106301
11.0 0.087517 -0.298874 -0.102782
12.0 0.133860 -0.398608 -0.096113
13.0 0.128238 -0.496287 -0.088087
14.0 0.106906 -0.571962 -0.080428
15.0 0.078259 -0.633541 -0.071659
16.0 0.051256 -0.681313 -0.062057
17.0 0.034888 -0.712491 -0.052674
18.0 0.037457 -0.724325 -0.044838
19.0 0.058229 -0.714073 -0.039745
20.0 0.092878 -0.678982 -0.037993
21.0 0.138980 -0.616925 -0.046581
22.0 0.191158 -0.525038 -0.065890
23.0 0.239074 -0.431990 -0.085830
24.0 0.267560 -0.363227 -0.102156
25.0 0.277122 -0.310260 -0.114409
26.0 0.269759 -0.264757 -0.121922
27.0 0.246891 -0.218519 -0.123939
28.0 0.210131 -0.165290 -0.119572
29.0 0.163196 -0.112876 -0.107544
30.0 0.111664 -0.066576 -0.090384
31.0 0.061466 -0.030194 -0.072114
32.0 0.015493 -0.007636 -0.053934
33.0 -0.021649 -0.018311 -0.038238
34.0 -0.045117 -0.070517 -0.027553
35.0 -0.052188 -0.151609 -0.019022
36.0 -0.040558 -0.247257 -0.003260
37.0 0.005619 -0.338966 0.014529
38.0 0.081858 -0.408660 0.026645
39.0 0.181203 -0.443294 0.025070
40.0 0.298656 -0.462825 -0.000658
41.0 0.421911 -0.470269 -0.046084
42.0 0.537632 -0.463402 -0.105928
43.0 0.631213 -0.439876 -0.174622
44.0 0.691092 -0.398885 -0.244019
45.0 0.705087 -0.347247 -0.300491
46.0 0.687224 -0.289654 -0.344697
47.0 0.656243 -0.232114 -0.380810
48.0 0.629010 -0.181395 -0.409424
49.0 0.617519 -0.148052 -0.423785
50.0 0.616110 -0.134691 -0.426605
51.0 0.604021 -0.147874 -0.418792
52.0 0.582374 -0.183159 -0.401144
53.0 0.555351 -0.232185 -0.372879
54.0 0.527326 -0.287021 -0.335093
55.0 0.502352 -0.342002 -0.291953
56.0 0.473168 -0.397057 -0.246486
57.0 0.427773 -0.453162 -0.201375
58.0 0.353717 -0.511180 -0.159432
59.0 0.268193 -0.571853 -0.123115
"11.joint_Torso2"
"10.joint_Torso"
24 0.000000 0.000000 0.000000 0.000000 0.000000 0.000000
2
0.0 0.000000 2.073170 -0.360720
59.0 0.000000 2.073170 -0.360720
60
0.0 -0.000000 0.000000 -0.000000
1.0 0.000000 -0.000000 0.000000
2.0 0.000000 0.000000 0.000000
3.0 0.000000 0.000000 0.000000
4.0 0.000000 -0.000000 -0.000000
5.0 -0.000000 -0.000000 -0.000000
6.0 0.000000 -0.000000 -0.000000
7.0 0.000000 0.000000 0.000000
8.0 0.000000 -0.000000 0.000000
9.0 0.000000 0.000000 0.000000
10.0 -0.000000 0.000000 -0.000000
11.0 0.000000 0.000000 -0.000000
12.0 -0.000000 0.000000 0.000000
13.0 0.000000 -0.000000 0.000000
14.0 -0.000000 0.000000 0.000000
15.0 -0.000000 0.000000 0.000000
16.0 0.000000 0.000000 0.000000
17.0 0.000000 0.000000 0.000000
18.0 0.000000 -0.000000 0.000000
19.0 -0.000000 0.000000 -0.000000
20.0 0.000000 0.000000 0.000000
21.0 0.000000 0.000000 0.000000
22.0 -0.000000 0.000000 0.000000
23.0 -0.000000 0.000000 -0.000000
24.0 -0.000000 -0.000000 0.000000
25.0 0.000000 0.000000 -0.000000
26.0 0.000000 0.000000 -0.000000
27.0 0.000000 -0.000000 -0.000000
28.0 -0.000000 -0.000000 -0.000000
29.0 0.000000 0.000000 0.000000
30.0 0.000000 -0.000000 -0.000000
31.0 0.000000 -0.000000 -0.000000
32.0 0.000000 -0.000000 0.000000
33.0 0.000000 -0.000000 -0.000000
34.0 0.000000 0.000000 -0.000000
35.0 -0.000000 0.000000 0.000000
36.0 -0.000000 0.000000 0.000000
37.0 0.000000 0.000000 0.000000
38.0 0.000000 -0.000000 -0.000000
39.0 -0.000000 -0.000000 0.000000
40.0 0.000000 -0.000000 -0.000000
41.0 -0.000000 -0.000000 0.000000
42.0 0.000000 -0.000000 0.000000
43.0 0.000000 -0.000000 0.000000
44.0 0.000000 -0.000000 -0.000000
45.0 -0.000000 -0.000000 0.000000
46.0 -0.000000 -0.000000 0.000000
47.0 0.000000 -0.000000 0.000000
48.0 0.000000 -0.000000 -0.000000
49.0 -0.000000 0.000000 0.000000
50.0 -0.000000 0.000000 0.000000
51.0 -0.000000 -0.000000 0.000000
52.0 0.000000 0.000000 0.000000
53.0 -0.000000 -0.000000 -0.000000
54.0 -0.000000 0.000000 0.000000
55.0 -0.000000 0.000000 0.000000
56.0 0.000000 0.000000 0.000000
57.0 -0.000000 -0.000000 0.000000
58.0 -0.000000 0.000000 -0.000000
59.0 0.000000 -0.000000 0.000000
"13.joint_Neck"
"11.joint_Torso2"
24 0.000000 0.000000 0.000000 0.000000 0.000000 0.000000
2
0.0 0.000000 2.094352 -0.266449
59.0 0.000000 2.094352 -0.266449
60
0.0 -0.015772 0.200300 -0.142519
1.0 -0.014756 0.226280 -0.177163
2.0 -0.012725 0.262641 -0.208195
3.0 -0.004090 0.294303 -0.231458
4.0 0.018678 0.308744 -0.246277
5.0 0.063696 0.286153 -0.253860
6.0 0.131199 0.217138 -0.256650
7.0 0.200394 0.145406 -0.259143
8.0 0.235332 0.109840 -0.255660
9.0 0.205308 0.117893 -0.246257
10.0 0.153553 0.130913 -0.237279
11.0 0.111599 0.133183 -0.224840
12.0 0.106477 0.143506 -0.203871
13.0 0.118257 0.158475 -0.176224
14.0 0.092517 0.168868 -0.150473
15.0 0.049893 0.173689 -0.130846
16.0 0.023721 0.175015 -0.112037
17.0 0.006058 0.173810 -0.095351
18.0 -0.010814 0.171283 -0.083297
19.0 -0.025927 0.169434 -0.076607
20.0 -0.034998 0.162222 -0.073692
21.0 -0.031676 0.138237 -0.064133
22.0 -0.011735 0.091298 -0.038078
23.0 0.005177 0.039943 -0.001276
24.0 0.012723 0.004627 0.035761
25.0 0.014618 -0.020075 0.068568
26.0 0.012977 -0.038839 0.094091
27.0 0.010609 -0.055240 0.110202
28.0 0.009117 -0.070594 0.120232
29.0 0.009479 -0.086340 0.126937
30.0 0.012830 -0.104360 0.131409
31.0 0.019326 -0.126448 0.136371
32.0 0.030374 -0.157709 0.141534
33.0 0.050008 -0.179775 0.146867
34.0 0.080824 -0.178575 0.154572
35.0 0.124425 -0.160684 0.163920
36.0 0.172993 -0.131146 0.166248
37.0 0.200962 -0.094984 0.165097
38.0 0.205489 -0.061746 0.163351
39.0 0.189387 -0.037620 0.166719
40.0 0.161200 -0.008856 0.180064
41.0 0.126999 0.025468 0.196104
42.0 0.091425 0.061155 0.210573
43.0 0.051667 0.092600 0.222586
44.0 0.017373 0.114805 0.228364
45.0 -0.001493 0.129614 0.226855
46.0 -0.004108 0.141705 0.221617
47.0 0.001428 0.154939 0.215236
48.0 0.006185 0.171801 0.207242
49.0 0.005520 0.193246 0.188789
50.0 0.009582 0.215866 0.164415
51.0 0.016746 0.235027 0.134902
52.0 0.022722 0.244790 0.101594
53.0 0.015510 0.244979 0.066427
54.0 -0.007463 0.237040 0.031425
55.0 -0.036584 0.223331 -0.001867
56.0 -0.062424 0.207061 -0.032719
57.0 -0.073216 0.192403 -0.060686
58.0 -0.056534 0.184677 -0.085515
59.0 -0.030311 0.187057 -0.111546
"14.joint_Head"
"13.joint_Neck"
24 0.000000 0.000000 0.000000 0.000000 0.000000 0.000000
2
0.0 0.000000 0.645011 0.006356
59.0 0.000000 0.645011 0.006356
60
0.0 0.007381 0.197920 -0.148065
1.0 0.013841 0.248424 -0.164806
2.0 0.036792 0.293065 -0.180771
3.0 0.071947 0.326535 -0.194686
4.0 0.115995 0.340019 -0.205725
5.0 0.164622 0.329035 -0.214535
6.0 0.211850 0.294199 -0.222190
7.0 0.251129 0.235945 -0.228308
8.0 0.273793 0.160674 -0.231171
9.0 0.263003 0.105984 -0.232396
10.0 0.217794 0.083442 -0.232802
11.0 0.157447 0.088756 -0.235914
12.0 0.102360 0.098211 -0.237756
13.0 0.064514 0.106023 -0.233073
14.0 0.062430 0.119675 -0.220281
15.0 0.078498 0.134376 -0.205661
16.0 0.081524 0.144529 -0.199843
17.0 0.080266 0.156648 -0.197593
18.0 0.083279 0.175317 -0.198573
19.0 0.087441 0.198603 -0.201413
20.0 0.087912 0.219361 -0.203782
21.0 0.078941 0.237242 -0.204861
22.0 0.055211 0.247445 -0.204262
23.0 0.033011 0.249788 -0.195225
24.0 0.026194 0.243025 -0.170826
25.0 0.029749 0.220097 -0.130816
26.0 0.041944 0.175252 -0.077430
27.0 0.058088 0.118061 -0.018779
28.0 0.076344 0.054142 0.034882
29.0 0.096735 -0.010514 0.076192
30.0 0.118891 -0.067332 0.104849
31.0 0.142442 -0.107282 0.122371
32.0 0.166836 -0.118566 0.131471
33.0 0.189777 -0.097351 0.136125
34.0 0.207986 -0.048139 0.139755
35.0 0.216800 0.015838 0.145574
36.0 0.213941 0.084559 0.150037
37.0 0.201402 0.148216 0.150205
38.0 0.180873 0.196790 0.146479
39.0 0.154820 0.222752 0.142529
40.0 0.128503 0.234104 0.140382
41.0 0.106532 0.233422 0.142054
42.0 0.093180 0.221142 0.148875
43.0 0.093904 0.195444 0.160792
44.0 0.103630 0.157457 0.172002
45.0 0.110136 0.114394 0.181480
46.0 0.108969 0.071223 0.188096
47.0 0.103752 0.031433 0.193924
48.0 0.098318 -0.001727 0.202345
49.0 0.096472 -0.025357 0.210885
50.0 0.091677 -0.037301 0.211721
51.0 0.087305 -0.039288 0.204647
52.0 0.088426 -0.030803 0.187816
53.0 0.105171 -0.017112 0.158880
54.0 0.138005 -0.001147 0.117036
55.0 0.174598 0.018262 0.065939
56.0 0.203306 0.042957 0.011858
57.0 0.204850 0.073654 -0.040820
58.0 0.138466 0.110313 -0.087710
59.0 0.052132 0.152172 -0.124698
"16.joint_RightShoulder"
"11.joint_Torso2"
24 0.000000 0.000000 0.000000 0.000000 0.000000 0.000000
2
0.0 -0.789728 2.120316 -0.238215
59.0 -0.789728 2.120316 -0.238215
60
0.0 0.276717 0.238998 -0.115243
1.0 0.294545 0.307796 -0.111798
2.0 0.329672 0.360316 -0.105691
3.0 0.372554 0.385562 -0.093875
4.0 0.414471 0.372761 -0.073253
5.0 0.447249 0.306333 -0.044866
6.0 0.472643 0.179509 -0.021050
7.0 0.475951 0.047387 -0.015573
8.0 0.444635 -0.030717 -0.026599
9.0 0.368782 -0.001256 -0.049186
10.0 0.289268 0.089912 -0.097838
11.0 0.227187 0.187247 -0.173467
12.0 0.170280 0.275408 -0.256469
13.0 0.109626 0.335045 -0.305312
14.0 0.055175 0.336381 -0.301733
15.0 0.000224 0.280083 -0.241806
16.0 -0.064630 0.204104 -0.144095
17.0 -0.132518 0.132772 -0.026187
18.0 -0.198608 0.085748 0.086321
19.0 -0.259714 0.090915 0.149414
20.0 -0.304004 0.142559 0.118918
21.0 -0.325722 0.202301 -0.017700
22.0 -0.294210 0.229844 -0.227941
23.0 -0.169724 0.273103 -0.461619
24.0 0.024387 0.357111 -0.586277
25.0 0.242260 0.474181 -0.604907
26.0 0.464338 0.552406 -0.549398
27.0 0.630377 0.551525 -0.453240
28.0 0.679578 0.467752 -0.378206
29.0 0.647149 0.349254 -0.353848
30.0 0.584616 0.220986 -0.378632
31.0 0.496010 0.114272 -0.427654
32.0 0.354546 0.028865 -0.487442
33.0 0.295215 -0.104325 -0.576278
34.0 0.185782 -0.251044 -0.647663
35.0 0.036240 -0.410815 -0.668057
36.0 -0.039062 -0.605554 -0.624896
37.0 -0.191222 -0.758290 -0.515556
38.0 -0.299143 -0.817804 -0.416135
39.0 -0.335314 -0.838495 -0.375788
40.0 -0.331596 -0.829364 -0.374001
41.0 -0.306976 -0.809548 -0.388755
42.0 -0.289554 -0.796874 -0.393576
43.0 -0.304906 -0.809578 -0.365545
44.0 -0.372040 -0.860671 -0.287118
45.0 -0.429763 -0.902718 -0.210711
46.0 -0.463069 -0.934423 -0.148663
47.0 -0.475113 -0.961319 -0.097358
48.0 -0.472021 -0.985982 -0.051876
49.0 -0.456427 -1.009324 -0.013341
50.0 -0.424570 -1.022002 0.006463
51.0 -0.342618 -0.997245 0.011125
52.0 -0.194417 -0.902866 -0.000343
53.0 -0.028587 -0.728338 -0.027516
54.0 0.094106 -0.514763 -0.052920
55.0 0.169149 -0.338655 -0.077583
56.0 0.217517 -0.186444 -0.096667
57.0 0.246451 -0.054483 -0.109405
58.0 0.262299 0.061186 -0.116055
59.0 0.270769 0.158863 -0.117545
"18.joint_RightArm"
"16.joint_RightShoulder"
24 0.000000 0.000000 0.000000 0.000000 0.000000 0.000000
2
0.0 -0.645846 -0.165336 -0.009176
59.0 -0.645846 -0.165336 -0.009176
60
0.0 -0.000000 -0.000000 0.383972
1.0 -0.000000 0.000000 0.383972
2.0 -0.000000 0.000000 0.383972
3.0 -0.000000 0.000000 0.383972
4.0 -0.000000 -0.000000 0.383972
5.0 -0.000000 0.000000 0.383972
6.0 -0.000000 0.000000 0.383972
7.0 -0.000000 0.000000 0.383972
8.0 -0.000000 0.000000 0.383972
9.0 -0.000000 0.000000 0.383972
10.0 -0.000000 0.000000 0.383972
11.0 -0.000000 0.000000 0.383972
12.0 -0.000000 0.000000 0.383972
13.0 -0.000000 -0.000000 0.383972
14.0 -0.000000 0.000000 0.383972
15.0 -0.000000 -0.000000 0.383972
16.0 -0.000000 0.000000 0.383972
17.0 -0.000000 0.000000 0.383972
18.0 -0.000000 0.000000 0.383972
19.0 -0.000000 0.000000 0.383972
20.0 -0.000000 -0.000000 0.383972
21.0 -0.000000 0.000000 0.383972
22.0 -0.000000 0.000000 0.383972
23.0 -0.000000 -0.000000 0.383972
24.0 -0.000000 0.000000 0.383972
25.0 -0.000000 0.000000 0.383972
26.0 -0.000000 -0.000000 0.383972
27.0 -0.000000 0.000000 0.383972
28.0 -0.000000 0.000000 0.383972
29.0 -0.000000 0.000000 0.383972
30.0 -0.000000 0.000000 0.383972
31.0 -0.000000 -0.000000 0.383972
32.0 -0.000000 0.000000 0.383972
33.0 -0.000000 -0.000000 0.383972
34.0 -0.000000 0.000000 0.383972
35.0 -0.000000 0.000000 0.383972
36.0 -0.000000 -0.000000 0.383972
37.0 -0.000000 -0.000000 0.383972
38.0 -0.000000 -0.000000 0.383972
39.0 -0.000000 0.000000 0.383972
40.0 -0.000000 0.000000 0.383972
41.0 -0.000000 0.000000 0.383972
42.0 -0.000000 0.000000 0.383972
43.0 -0.000000 0.000000 0.383972
44.0 -0.000000 0.000000 0.383972
45.0 -0.000000 0.000000 0.383972
46.0 -0.000000 -0.000000 0.383972
47.0 -0.000000 0.000000 0.383972
48.0 -0.000000 -0.000000 0.383972
49.0 -0.000000 -0.000000 0.383972
50.0 -0.000000 0.000000 0.383972
51.0 -0.000000 0.000000 0.383972
52.0 -0.000000 0.000000 0.383972
53.0 -0.000000 -0.000000 0.383972
54.0 -0.000000 0.000000 0.383972
55.0 -0.000000 0.000000 0.383972
56.0 -0.000000 0.000000 0.383972
57.0 -0.000000 0.000000 0.383972
58.0 -0.000000 0.000000 0.383972
59.0 -0.000000 0.000000 0.383972
"19.joint_RightElbow"
"18.joint_RightArm"
24 0.000000 0.000000 0.000000 0.000000 0.000000 0.000000
2
0.0 -1.638188 -1.253509 -0.024857
59.0 -1.638188 -1.253509 -0.024857
60
0.0 -1.743891 0.717362 -0.840367
1.0 -1.706722 0.720246 -0.815877
2.0 -1.658946 0.722931 -0.784297
3.0 -1.604769 0.724595 -0.748397
4.0 -1.550609 0.724799 -0.712471
5.0 -1.501663 0.723730 -0.680019
6.0 -1.458401 0.721790 -0.651385
7.0 -1.415588 0.718946 -0.623126
8.0 -1.368539 0.714749 -0.592194
9.0 -1.328661 0.710304 -0.566107
10.0 -1.335459 0.711120 -0.570545
11.0 -1.387060 0.716537 -0.604354
12.0 -1.426392 0.719752 -0.630249
13.0 -1.427671 0.719842 -0.631093
14.0 -1.442167 0.720819 -0.640660
15.0 -1.477031 0.722741 -0.663708
16.0 -1.519070 0.724246 -0.691555
17.0 -1.572398 0.724892 -0.726925
18.0 -1.641452 0.723628 -0.772712
19.0 -1.710030 0.720020 -0.818060
20.0 -1.782386 0.713635 -0.865636
21.0 -1.861398 0.703581 -0.917098
22.0 -1.948583 0.688634 -0.973058
23.0 -2.014289 0.674597 -1.014491
24.0 -1.992682 0.679481 -1.000946
25.0 -1.886723 0.699662 -0.933454
26.0 -1.662011 0.722794 -0.786326
27.0 -1.317729 0.708941 -0.558982
28.0 -0.917331 0.613107 -0.310670
29.0 -0.600362 0.464199 -0.146466
30.0 -0.391567 0.326190 -0.065533
31.0 -0.199160 0.173621 -0.017559
32.0 0.048226 -0.042717 -0.001048
33.0 0.048227 -0.042717 -0.001047
34.0 0.048227 -0.042716 -0.001046
35.0 0.048227 -0.042716 -0.001048
36.0 -0.166745 0.146087 -0.012378
37.0 -0.296094 0.253098 -0.038173
38.0 -0.419314 0.346322 -0.074703
39.0 -0.521924 0.416071 -0.112984
40.0 -0.583882 0.454465 -0.139152
41.0 -0.620617 0.475884 -0.155652
42.0 -0.636382 0.484769 -0.162943
43.0 -0.633179 0.482979 -0.161451
44.0 -0.617957 0.474368 -0.154433
45.0 -0.606430 0.467730 -0.149197
46.0 -0.614868 0.472597 -0.153023
47.0 -0.656608 0.495899 -0.172478
48.0 -0.745936 0.541465 -0.216837
49.0 -0.914022 0.611912 -0.308767
50.0 -1.146308 0.679214 -0.449094
51.0 -1.397786 0.717491 -0.611405
52.0 -1.586934 0.724824 -0.736568
53.0 -1.672298 0.722297 -0.793133
54.0 -1.697975 0.720824 -0.810104
55.0 -1.761347 0.715768 -0.851838
56.0 -1.815668 0.709798 -0.887385
57.0 -1.840125 0.706609 -0.903303
58.0 -1.826584 0.708414 -0.894498
59.0 -1.788680 0.712953 -0.869756
"20.joint_RightWrist"
"19.joint_RightElbow"
24 0.000000 0.000000 0.000000 0.000000 0.000000 0.000000
2
0.0 -1.770163 -1.372886 0.032934
59.0 -1.770163 -1.372886 0.032934
60
0.0 0.551509 -0.457901 -0.493458
1.0 0.557365 -0.410460 -0.499201
2.0 0.543656 -0.368401 -0.491988
3.0 0.523396 -0.333541 -0.481044
4.0 0.512448 -0.305553 -0.476618
5.0 0.521122 -0.283369 -0.485953
6.0 0.531261 -0.265934 -0.502590
7.0 0.533000 -0.263094 -0.516456
8.0 0.510818 -0.283414 -0.516439
9.0 0.461420 -0.330513 -0.498330
10.0 0.401345 -0.393434 -0.470481
11.0 0.327118 -0.446511 -0.419524
12.0 0.230906 -0.471332 -0.322304
13.0 0.106397 -0.448704 -0.199446
14.0 -0.026515 -0.383041 -0.087110
15.0 -0.149642 -0.308876 -0.020065
16.0 -0.264906 -0.268402 -0.062133
17.0 -0.338435 -0.301059 -0.205579
18.0 -0.331741 -0.358788 -0.343132
19.0 -0.354247 -0.459088 -0.364203
20.0 -0.440798 -0.631191 -0.319036
21.0 -0.632841 -0.791249 -0.147788
22.0 -0.831721 -0.769292 0.108098
23.0 -0.696644 -0.576237 0.197486
24.0 -0.238269 -0.382561 0.207073
25.0 0.336795 -0.345487 0.123246
26.0 0.828180 -0.363887 -0.086585
27.0 0.964557 -0.288002 -0.279204
28.0 0.493996 -0.151706 -0.215926
29.0 0.245915 -0.084160 -0.227724
30.0 0.150950 -0.100225 -0.287260
31.0 0.084473 -0.162232 -0.384353
32.0 -0.057886 -0.230820 -0.468907
33.0 -0.040221 -0.319632 -0.556752
34.0 -0.039276 -0.361496 -0.646125
35.0 -0.086890 -0.361032 -0.706532
36.0 0.000416 -0.324806 -0.763500
37.0 0.001312 -0.290425 -0.722185
38.0 0.018472 -0.344378 -0.668876
39.0 0.068586 -0.459068 -0.632977
40.0 -0.014271 -0.489839 -0.579877
41.0 -0.251311 -0.420472 -0.552642
42.0 -0.367138 -0.442821 -0.548889
43.0 -0.311104 -0.534958 -0.524635
44.0 -0.266045 -0.480988 -0.559265
45.0 -0.278841 -0.369174 -0.637013
46.0 -0.344418 -0.259717 -0.728295
47.0 -0.427104 -0.187063 -0.806271
48.0 -0.465843 -0.165452 -0.861254
49.0 -0.339982 -0.201682 -0.930897
50.0 0.037756 -0.151530 -1.072222
51.0 0.441823 0.090557 -0.972041
52.0 0.596074 0.028160 -0.546085
53.0 0.216524 -0.184894 -0.264921
54.0 -0.208254 -0.188570 -0.242671
55.0 -0.312051 -0.150423 -0.297772
56.0 -0.237827 -0.191779 -0.315171
57.0 -0.045441 -0.281698 -0.326996
58.0 0.208432 -0.388732 -0.371616
59.0 0.442560 -0.461227 -0.445891
"22.joint_LeftShoulder"
"11.joint_Torso2"
24 0.000000 0.000000 0.000000 0.000000 0.000000 0.000000
2
0.0 0.761910 2.104643 -0.238215
59.0 0.761910 2.104643 -0.238215
60
0.0 0.311742 0.454720 0.459618
1.0 0.245794 0.557961 0.552416
2.0 0.358785 0.718525 0.718876
3.0 0.482727 0.838953 0.929486
4.0 0.559690 0.911114 1.122473
5.0 0.495050 0.946732 1.191338
6.0 0.243764 0.945767 1.071906
7.0 0.020402 0.945907 0.864483
8.0 -0.223736 0.908024 0.673622
9.0 -0.325799 0.953960 0.555203
10.0 -0.367821 1.025824 0.448254
11.0 -0.401496 1.084851 0.344319
12.0 -0.391390 1.133309 0.284647
13.0 -0.333242 1.190390 0.289841
14.0 -0.246733 1.264638 0.341102
15.0 -0.127298 1.333150 0.438347
16.0 0.028008 1.386538 0.581469
17.0 0.179546 1.418975 0.726069
18.0 0.231606 1.430124 0.769038
19.0 0.150399 1.407299 0.660555
20.0 0.028011 1.328110 0.477694
21.0 -0.044229 1.186479 0.323457
22.0 -0.071033 0.982996 0.217534
23.0 -0.069123 0.741800 0.156186
24.0 -0.028749 0.465044 0.138645
25.0 0.038129 0.131375 0.136857
26.0 0.098099 -0.235540 0.138903
27.0 0.136651 -0.568183 0.136373
28.0 0.161791 -0.809780 0.130331
29.0 0.195425 -0.985138 0.108993
30.0 0.258694 -1.130129 0.045467
31.0 0.353948 -1.228098 -0.057846
32.0 0.438264 -1.275820 -0.148039
33.0 0.442861 -1.252088 -0.145652
34.0 0.405711 -1.157696 -0.085370
35.0 0.375916 -1.015272 -0.028752
36.0 0.349999 -0.829462 0.018160
37.0 0.314489 -0.605517 0.058655
38.0 0.252458 -0.347084 0.081641
39.0 0.136816 -0.066353 0.063376
40.0 -0.053274 0.225314 -0.029537
41.0 -0.305421 0.432841 -0.172434
42.0 -0.545002 0.521560 -0.289631
43.0 -0.706538 0.529094 -0.335865
44.0 -0.776068 0.493955 -0.321415
45.0 -0.772524 0.443232 -0.271185
46.0 -0.697980 0.387155 -0.182802
47.0 -0.515931 0.295638 -0.016369
48.0 -0.257706 0.094458 0.239572
49.0 -0.030192 -0.243451 0.477902
50.0 0.108804 -0.545880 0.555417
51.0 0.221393 -0.708691 0.480703
52.0 0.325394 -0.751986 0.335654
53.0 0.397531 -0.709865 0.196375
54.0 0.436402 -0.628441 0.109127
55.0 0.448426 -0.511173 0.086429
56.0 0.452974 -0.349145 0.112290
57.0 0.449692 -0.134758 0.178096
58.0 0.413973 0.100355 0.267644
59.0 0.351983 0.305448 0.367241
"24.joint_LeftArm"
"22.joint_LeftShoulder"
24 0.000000 0.000000 0.000000 0.000000 0.000000 0.000000
2
0.0 0.748483 -0.165336 -0.009175
59.0 0.748483 -0.165336 -0.009175
60
0.0 0.000000 0.000000 -0.383972
1.0 0.000000 0.000000 -0.383972
2.0 0.000000 -0.000000 -0.383972
3.0 0.000000 0.000000 -0.383972
4.0 0.000000 -0.000000 -0.383972
5.0 0.000000 0.000000 -0.383972
6.0 0.000000 -0.000000 -0.383972
7.0 0.000000 -0.000000 -0.383972
8.0 0.000000 -0.000000 -0.383972
9.0 0.000000 0.000000 -0.383972
10.0 0.000000 -0.000000 -0.383972
11.0 0.000000 0.000000 -0.383972
12.0 0.000000 0.000000 -0.383972
13.0 0.000000 0.000000 -0.383972
14.0 0.000000 0.000000 -0.383972
15.0 0.000000 -0.000000 -0.383972
16.0 0.000000 0.000000 -0.383972
17.0 0.000000 0.000000 -0.383972
18.0 0.000000 0.000000 -0.383972
19.0 0.000000 0.000000 -0.383972
20.0 0.000000 0.000000 -0.383972
21.0 0.000000 -0.000000 -0.383972
22.0 0.000000 0.000000 -0.383972
23.0 0.000000 -0.000000 -0.383972
24.0 0.000000 0.000000 -0.383972
25.0 0.000000 0.000000 -0.383972
26.0 0.000000 0.000000 -0.383973
27.0 0.000000 0.000000 -0.383972
28.0 0.000000 0.000000 -0.383972
29.0 0.000000 -0.000000 -0.383972
30.0 0.000000 -0.000000 -0.383972
31.0 0.000000 0.000000 -0.383972
32.0 0.000000 0.000000 -0.383972
33.0 0.000000 -0.000000 -0.383972
34.0 0.000000 -0.000000 -0.383972
35.0 0.000000 0.000000 -0.383972
36.0 -0.000000 0.000000 -0.383972
37.0 0.000000 0.000000 -0.383972
38.0 0.000000 0.000000 -0.383972
39.0 0.000000 0.000000 -0.383972
40.0 0.000000 -0.000000 -0.383972
41.0 0.000000 0.000000 -0.383972
42.0 0.000000 0.000000 -0.383972
43.0 0.000000 0.000000 -0.383972
44.0 0.000000 -0.000000 -0.383972
45.0 0.000000 -0.000000 -0.383972
46.0 0.000000 0.000000 -0.383973
47.0 0.000000 0.000000 -0.383972
48.0 0.000000 0.000000 -0.383973
49.0 0.000000 0.000000 -0.383973
50.0 0.000000 -0.000000 -0.383972
51.0 0.000000 0.000000 -0.383972
52.0 0.000000 0.000000 -0.383972
53.0 0.000000 0.000000 -0.383972
54.0 -0.000000 -0.000000 -0.383972
55.0 0.000000 0.000000 -0.383972
56.0 0.000000 -0.000000 -0.383972
57.0 0.000000 0.000000 -0.383972
58.0 0.000000 0.000000 -0.383972
59.0 0.000000 -0.000000 -0.383973
"25.joint_LeftElbow"
"24.joint_LeftArm"
24 0.000000 0.000000 0.000000 0.000000 0.000000 0.000000
2
0.0 1.638191 -1.253507 -0.024858
59.0 1.638191 -1.253507 -0.024858
60
0.0 -0.239112 -0.252451 0.030322
1.0 0.039547 0.043027 0.000852
2.0 0.039547 0.043028 0.000851
3.0 0.039547 0.043028 0.000851
4.0 0.039549 0.043028 0.000852
5.0 0.039548 0.043028 0.000850
6.0 0.039547 0.043027 0.000852
7.0 -0.125340 -0.135317 0.008407
8.0 -0.127605 -0.137720 0.008713
9.0 -0.181009 -0.193610 0.017494
10.0 -0.283485 -0.295717 0.042313
11.0 -0.394800 -0.396736 0.080111
12.0 -0.523732 -0.498832 0.136008
13.0 -0.647509 -0.581367 0.199717
14.0 -0.763306 -0.645520 0.266416
15.0 -0.880219 -0.698592 0.339241
16.0 -0.986088 -0.737527 0.408908
17.0 -1.063142 -0.760915 0.461379
18.0 -1.100538 -0.770868 0.487292
19.0 -1.122448 -0.776289 0.502594
20.0 -1.152802 -0.783316 0.523930
21.0 -1.218176 -0.796592 0.570356
22.0 -1.329013 -0.813596 0.650268
23.0 -1.443363 -0.824290 0.733803
24.0 -1.528957 -0.827933 0.796736
25.0 -1.600939 -0.828161 0.849750
26.0 -1.598772 -0.828192 0.848154
27.0 -1.533640 -0.828027 0.800183
28.0 -1.483744 -0.826467 0.763467
29.0 -1.473352 -0.825983 0.755827
30.0 -1.459397 -0.825253 0.745575
31.0 -1.452651 -0.824863 0.740622
32.0 -1.463952 -0.825502 0.748921
33.0 -1.513171 -0.827536 0.785116
34.0 -1.599772 -0.828179 0.848889
35.0 -1.704228 -0.823968 0.925698
36.0 -1.818350 -0.813015 1.009031
37.0 -1.941839 -0.793314 1.097912
38.0 -2.056462 -0.767164 1.178560
39.0 -2.155086 -0.738026 1.245977
40.0 -2.250804 -0.703291 1.309146
41.0 -2.330413 -0.669110 1.359580
42.0 -2.381662 -0.644371 1.390857
43.0 -2.394945 -0.637594 1.398795
44.0 -2.367352 -0.651501 1.382225
45.0 -2.311468 -0.677701 1.347771
46.0 -2.243523 -0.706169 1.304430
47.0 -2.177972 -0.730321 1.261305
48.0 -2.122162 -0.748472 1.223709
49.0 -2.062778 -0.765489 1.182938
50.0 -1.979971 -0.785490 1.124974
51.0 -1.864012 -0.806709 1.042090
52.0 -1.721918 -0.822711 0.938667
53.0 -1.571909 -0.828379 0.828368
54.0 -1.426973 -0.823170 0.721784
55.0 -1.257582 -0.803413 0.598614
56.0 -1.109925 -0.773226 0.493838
57.0 -0.957122 -0.727682 0.389543
58.0 -0.725815 -0.626066 0.244166
59.0 -0.457298 -0.448291 0.105724
"26.joint_LeftWrist"
"25.joint_LeftElbow"
24 0.000000 0.000000 0.000000 0.000000 0.000000 0.000000
2
0.0 1.639727 -1.373887 0.032935
59.0 1.639727 -1.373887 0.032935
60
0.0 0.408443 -0.136029 0.423667
1.0 0.224360 -0.186906 0.635081
2.0 0.197102 -0.129448 0.777729
3.0 0.116477 -0.055209 0.861751
4.0 0.007039 0.020907 0.870144
5.0 -0.104316 0.083210 0.815490
6.0 -0.196170 0.128690 0.733945
7.0 -0.120699 0.182104 0.681063
8.0 -0.199571 0.217834 0.614991
9.0 -0.286810 0.276170 0.524591
10.0 -0.357833 0.361293 0.447605
11.0 -0.412674 0.440230 0.396608
12.0 -0.418450 0.494082 0.386540
13.0 -0.394750 0.509814 0.388776
14.0 -0.365299 0.503294 0.384112
15.0 -0.325241 0.486358 0.394523
16.0 -0.291179 0.456955 0.419514
17.0 -0.280992 0.411292 0.459885
18.0 -0.273909 0.376560 0.509327
19.0 -0.141812 0.443745 0.541162
20.0 -0.015633 0.486384 0.574120
21.0 -0.027994 0.371064 0.568123
22.0 -0.180416 0.117980 0.505595
23.0 -0.183272 0.093309 0.360586
24.0 -0.164871 0.160501 0.205555
25.0 -0.152877 0.247388 0.106096
26.0 -0.162981 0.321923 0.044623
27.0 -0.200680 0.363325 -0.030542
28.0 -0.256636 0.371917 -0.139413
29.0 -0.337809 0.357794 -0.223713
30.0 -0.439241 0.335102 -0.246595
31.0 -0.544897 0.324481 -0.231183
32.0 -0.656759 0.338195 -0.197012
33.0 -0.763745 0.381757 -0.160327
34.0 -0.846882 0.451712 -0.117020
35.0 -0.898197 0.529301 -0.050210
36.0 -0.920140 0.591529 0.035456
37.0 -0.910613 0.627213 0.116658
38.0 -0.887008 0.642990 0.142458
39.0 -0.847281 0.660247 0.079559
40.0 -0.788258 0.701889 -0.072844
41.0 -0.751838 0.788688 -0.258454
42.0 -0.762332 0.904740 -0.442274
43.0 -0.775112 0.999183 -0.585149
44.0 -0.753816 1.046355 -0.680826
45.0 -0.703959 1.051233 -0.743383
46.0 -0.644837 1.022483 -0.768514
47.0 -0.585311 0.952876 -0.692697
48.0 -0.564453 0.865729 -0.483898
49.0 -0.565701 0.784258 -0.166765
50.0 -0.501524 0.705556 0.104066
51.0 -0.381317 0.608612 0.258382
52.0 -0.232402 0.509784 0.331961
53.0 -0.072886 0.421746 0.367524
54.0 0.069522 0.361024 0.400227
55.0 0.157650 0.320353 0.410169
56.0 0.229404 0.292315 0.396817
57.0 0.298172 0.245930 0.347259
58.0 0.367064 0.141759 0.287746
59.0 0.417448 -0.011511 0.296227
