Bones: 47
"ParentNode"
""
0 0.000000 0.000000 0.000000 0.000000 0.000000 0.000000
2
0.000000 0.000000 0.000000 -0.000000
59.000000 0.000000 0.000000 -0.000000
2
0.000000 0.000000 -0.000000 0.000000
59.000000 0.000000 -0.000000 0.000000
"Center"
"ParentNode"
0 0.000000 0.000000 0.000000 0.000000 0.000000 0.000000
60
0.000000 -0.000001 8.156963 -0.000018
1.000000 -0.023368 8.171027 -0.000018
2.000000 -0.045861 8.234123 -0.000018
3.000000 -0.067430 8.326150 -0.000018
4.000000 -0.088027 8.427008 -0.000018
5.000000 -0.107605 8.516593 -0.000018
6.000000 -0.126115 8.574808 -0.000018
7.000000 -0.143509 8.584079 -0.000018
8.000000 -0.159739 8.556942 -0.000018
9.000000 -0.174756 8.505890 -0.000018
10.000000 -0.188514 8.439510 -0.000018
11.000000 -0.200962 8.366380 -0.000018
12.000000 -0.212054 8.295088 -0.000018
13.000000 -0.221741 8.234212 -0.000018
14.000000 -0.229975 8.192340 -0.000018
15.000000 -0.236708 8.178052 -0.000018
16.000000 -0.241891 8.208390 -0.000018
17.000000 -0.245477 8.285161 -0.000018
18.000000 -0.247417 8.388104 -0.000018
19.000000 -0.247664 8.496881 -0.000018
20.000000 -0.246168 8.591155 -0.000018
21.000000 -0.242882 8.650585 -0.000018
22.000000 -0.237758 8.656646 -0.000018
23.000000 -0.230748 8.614894 -0.000018
24.000000 -0.221803 8.540426 -0.000018
25.000000 -0.210875 8.447152 -0.000018
26.000000 -0.197916 8.348988 -0.000018
27.000000 -0.182878 8.259843 -0.000018
28.000000 -0.165713 8.193630 -0.000018
29.000000 -0.146373 8.164261 -0.000018
30.000000 -0.124809 8.183092 -0.000018
31.000000 -0.102377 8.243378 -0.000018
32.000000 -0.080516 8.330690 -0.000018
33.000000 -0.059298 8.430573 -0.000018
34.000000 -0.038798 8.528569 -0.000018
35.000000 -0.019091 8.610226 -0.000018
36.000000 -0.000248 8.661090 -0.000018
37.000000 0.017654 8.667829 -0.000018
38.000000 0.034543 8.635058 -0.000018
39.000000 0.050345 8.574101 -0.000018
40.000000 0.064985 8.494923 -0.000018
41.000000 0.078389 8.407488 -0.000018
42.000000 0.090484 8.321756 -0.000018
43.000000 0.101196 8.247690 -0.000018
44.000000 0.110451 8.195254 -0.000018
45.000000 0.118174 8.174411 -0.000018
46.000000 0.124292 8.200431 -0.000018
47.000000 0.128731 8.273144 -0.000018
48.000000 0.131417 8.373652 -0.000018
49.000000 0.132276 8.482971 -0.000018
50.000000 0.131234 8.582110 -0.000018
51.000000 0.128218 8.652086 -0.000018
52.000000 0.123152 8.674075 -0.000018
53.000000 0.115964 8.645612 -0.000018
54.000000 0.106579 8.581192 -0.000018
55.000000 0.094924 8.493627 -0.000018
56.000000 0.080924 8.395724 -0.000018
57.000000 0.064505 8.300297 -0.000018
58.000000 0.045594 8.220154 -0.000018
59.000000 0.024117 8.168106 -0.000018
60
0.000000 -3.111187 -0.052077 3.058284
1.000000 -3.111941 -0.031174 3.042862
2.000000 -3.113505 -0.011897 3.029447
3.000000 -3.115779 0.005818 3.018139
4.000000 -3.118662 0.022036 3.009037
5.000000 -3.122056 0.036821 3.002241
6.000000 -3.125858 0.050239 2.997852
7.000000 -3.129969 0.062354 2.995967
8.000000 -3.134289 0.073230 2.996688
9.000000 -3.138718 0.082933 3.000115
10.000000 3.140030 0.091527 3.006346
11.000000 3.135684 0.099076 3.015482
12.000000 3.131532 0.105645 3.027622
13.000000 3.127671 0.111300 3.042868
14.000000 3.124203 0.116103 3.060552
15.000000 3.121227 0.120121 3.077571
16.000000 3.118844 0.123418 3.093606
17.000000 3.117155 0.126059 3.108681
18.000000 3.116259 0.128107 3.122822
19.000000 3.116414 0.129629 3.136056
20.000000 3.117937 0.130688 -3.134781
21.000000 3.120627 0.131238 -3.123287
22.000000 3.124263 0.130377 -3.112625
23.000000 3.128626 0.127979 -3.102769
24.000000 3.133494 0.124149 -3.093693
25.000000 3.138648 0.118988 -3.085371
26.000000 -3.139318 0.112601 -3.077780
27.000000 -3.134252 0.105093 -3.070890
28.000000 -3.129563 0.096568 -3.064680
29.000000 -3.125468 0.087130 -3.059122
30.000000 -3.122188 0.076882 -3.054190
31.000000 -3.119945 0.065929 -3.049859
32.000000 -3.118958 0.054374 -3.046105
33.000000 -3.119257 0.042322 -3.042901
34.000000 -3.120632 0.029876 -3.040220
35.000000 -3.122906 0.017142 -3.038039
36.000000 -3.125904 0.004222 -3.036331
37.000000 -3.129449 -0.008780 -3.035071
38.000000 -3.133365 -0.021759 -3.034232
39.000000 -3.137475 -0.034611 -3.033790
40.000000 3.141583 -0.047233 -3.034006
41.000000 3.137614 -0.059519 -3.035424
42.000000 3.133979 -0.071368 -3.038008
43.000000 3.130853 -0.082673 -3.041706
44.000000 3.128415 -0.093331 -3.046468
45.000000 3.126841 -0.103240 -3.052241
46.000000 3.126306 -0.112293 -3.058973
47.000000 3.127003 -0.120388 -3.066613
48.000000 3.128930 -0.127419 -3.075108
49.000000 3.131880 -0.133285 -3.084407
50.000000 3.135644 -0.137879 -3.094457
51.000000 3.140012 -0.141100 -3.105207
52.000000 -3.138410 -0.142840 -3.116606
53.000000 -3.133460 -0.142973 -3.128601
54.000000 -3.128533 -0.139828 -3.141141
55.000000 -3.123839 -0.132745 3.129014
56.000000 -3.119587 -0.122118 3.115542
57.000000 -3.115986 -0.108342 3.101681
58.000000 -3.113247 -0.091813 3.087483
59.000000 -3.111578 -0.072926 3.072999
"Groove"
"Center"
0 0.000000 0.000000 0.000000 0.000000 0.000000 0.000000
2
0.000000 0.000000 0.427938 0.000000
59.000000 0.000000 0.427938 0.000000
2
0.000000 0.000000 -0.000000 0.000000
59.000000 0.000000 0.000000 -0.000000
"Waist"
"Groove"
0 0.000000 0.000000 0.000000 0.000000 0.000000 0.000000
2
0.000000 0.000000 0.000000 0.000000
59.000000 0.000000 0.000000 0.000000
2
0.000000 0.000000 -0.000000 -0.000000
59.000000 0.000000 0.000000 0.000000
"UpperBody"
"Waist"
0 0.000000 0.000000 0.000000 0.000000 0.000000 0.000000
2
0.000000 0.000000 0.000001 -0.000001
59.000000 0.000000 0.000001 -0.000001
60
0.000000 0.107598 0.020608 -0.021136
1.000000 0.099570 0.027428 -0.030707
2.000000 0.079252 0.033181 -0.038805
3.000000 0.053469 0.037980 -0.045418
4.000000 0.029028 0.041927 -0.050541
5.000000 0.012727 0.045119 -0.054177
6.000000 0.011179 0.047649 -0.056326
7.000000 0.023110 0.049605 -0.057002
8.000000 0.043887 0.051067 -0.056213
9.000000 0.070679 0.052120 -0.053970
10.000000 0.100646 0.052841 -0.050286
11.000000 0.130936 0.053308 -0.045162
12.000000 0.158731 0.053599 -0.038239
13.000000 0.181214 0.053791 -0.029172
14.000000 0.195452 0.053963 -0.018533
15.000000 0.196770 0.054271 -0.009326
16.000000 0.178991 0.054847 -0.001768
17.000000 0.148212 0.055822 0.004265
18.000000 0.111948 0.057319 0.008900
19.000000 0.077557 0.059541 0.012253
20.000000 0.052346 0.062567 0.014421
21.000000 0.043882 0.066267 0.015529
22.000000 0.050610 0.069648 0.015681
23.000000 0.067606 0.072490 0.015007
24.000000 0.091764 0.074798 0.013652
25.000000 0.119982 0.076580 0.011763
26.000000 0.149161 0.077845 0.009487
27.000000 0.176198 0.078610 0.006979
28.000000 0.197995 0.078895 0.004387
29.000000 0.211437 0.078726 0.001865
30.000000 0.213335 0.078130 -0.000438
31.000000 0.200621 0.077144 -0.002375
32.000000 0.177800 0.075799 -0.003805
33.000000 0.151237 0.074129 -0.004603
34.000000 0.127050 0.072160 -0.004663
35.000000 0.111382 0.069914 -0.003883
36.000000 0.109936 0.067406 -0.002176
37.000000 0.118244 0.064647 0.000401
38.000000 0.132063 0.061646 0.003758
39.000000 0.149743 0.058415 0.007805
40.000000 0.169659 0.054968 0.012175
41.000000 0.190214 0.051331 0.016220
42.000000 0.209811 0.047531 0.019877
43.000000 0.226853 0.043607 0.023102
44.000000 0.239742 0.039593 0.025855
45.000000 0.246883 0.035523 0.028098
46.000000 0.244429 0.031434 0.029801
47.000000 0.222329 0.027361 0.030931
48.000000 0.186119 0.023330 0.031470
49.000000 0.143624 0.019351 0.031394
50.000000 0.102669 0.015438 0.030683
51.000000 0.071073 0.011594 0.029309
52.000000 0.056634 0.007830 0.027236
53.000000 0.055685 0.004173 0.024428
54.000000 0.059849 0.002194 0.020818
55.000000 0.067654 0.002457 0.016331
56.000000 0.077572 0.004476 0.010898
57.000000 0.088076 0.007772 0.004466
58.000000 0.097617 0.011867 -0.003002
59.000000 0.104643 0.016298 -0.011532
"UpperBody2"
"UpperBody"
0 0.000000 0.000000 0.000000 0.000000 0.000000 0.000000
2
0.000000 0.000000 1.703150 -0.000001
59.000000 0.000000 1.703150 -0.000001
2
0.000000 -0.000000 -0.000000 0.000000
59.000000 -0.000000 0.000000 -0.000000
"Neck"
"UpperBody2"
0 0.000000 0.000000 0.000000 0.000000 0.000000 0.000000
2
0.000000 0.000000 1.873467 -0.255475
59.000000 0.000000 1.873467 -0.255475
60
0.000000 0.102191 -0.110351 0.053091
1.000000 0.119474 -0.097993 0.043601
2.000000 0.160453 -0.086452 0.032627
3.000000 0.212331 -0.075174 0.021287
4.000000 0.262347 -0.063908 0.010377
5.000000 0.297760 -0.052721 0.000384
6.000000 0.306120 -0.041943 -0.008518
7.000000 0.290696 -0.031975 -0.016653
8.000000 0.260683 -0.023050 -0.024319
9.000000 0.220704 -0.015287 -0.031554
10.000000 0.175385 -0.008691 -0.038272
11.000000 0.129351 -0.003162 -0.044291
12.000000 0.087203 0.001442 -0.049720
13.000000 0.053540 0.005297 -0.054603
14.000000 0.032955 0.008643 -0.058817
15.000000 0.031476 0.011826 -0.062209
16.000000 0.066822 0.015313 -0.064589
17.000000 0.139056 0.018738 -0.065941
18.000000 0.231366 0.021530 -0.066411
19.000000 0.326932 0.022998 -0.066259
20.000000 0.408913 0.022575 -0.065806
21.000000 0.460722 0.019840 -0.065290
22.000000 0.474883 0.015010 -0.064573
23.000000 0.452942 0.008544 -0.063365
24.000000 0.410269 0.000810 -0.061417
25.000000 0.354905 -0.007814 -0.058526
26.000000 0.294313 -0.016952 -0.054600
27.000000 0.235953 -0.026269 -0.049668
28.000000 0.187295 -0.035501 -0.043902
29.000000 0.155822 -0.044488 -0.037612
30.000000 0.149105 -0.053181 -0.031240
31.000000 0.174600 -0.061651 -0.025342
32.000000 0.232179 -0.070189 -0.020053
33.000000 0.308286 -0.078971 -0.015028
34.000000 0.379166 -0.088094 -0.009941
35.000000 0.427315 -0.097525 -0.004384
36.000000 0.436480 -0.107072 0.002278
37.000000 0.420562 -0.116431 0.009863
38.000000 0.391415 -0.125386 0.018083
39.000000 0.352636 -0.133770 0.026832
40.000000 0.307828 -0.141466 0.035941
41.000000 0.260613 -0.148400 0.045173
42.000000 0.214616 -0.154563 0.054240
43.000000 0.173467 -0.159999 0.062819
44.000000 0.140803 -0.164803 0.070548
45.000000 0.120260 -0.169107 0.077056
46.000000 0.117792 -0.173247 0.081563
47.000000 0.147989 -0.178085 0.082147
48.000000 0.203807 -0.183102 0.079548
49.000000 0.272434 -0.187481 0.075058
50.000000 0.341013 -0.190461 0.070146
51.000000 0.396660 -0.191422 0.066396
52.000000 0.426493 -0.189856 0.065362
53.000000 0.429274 -0.185974 0.066239
54.000000 0.404226 -0.180257 0.067244
55.000000 0.354463 -0.172745 0.067926
56.000000 0.290501 -0.163495 0.067847
57.000000 0.222831 -0.152579 0.066606
58.000000 0.161931 -0.140063 0.063869
59.000000 0.118243 -0.125991 0.059404
"Head"
"Neck"
0 0.000000 0.000000 0.000000 0.000000 0.000000 0.000000
2
0.000000 0.000000 0.596102 0.255472
59.000000 0.000000 0.596102 0.255472
60
0.000000 -0.080967 0.024495 -0.014877
1.000000 -0.078529 0.016251 -0.012348
2.000000 -0.072253 0.008679 -0.008865
3.000000 -0.063547 0.001931 -0.004391
4.000000 -0.053814 -0.003923 0.000906
5.000000 -0.044464 -0.008950 0.006724
6.000000 -0.036996 -0.013386 0.012663
7.000000 -0.035187 -0.017467 0.018399
8.000000 -0.037367 -0.021327 0.023722
9.000000 -0.042008 -0.025044 0.028438
10.000000 -0.047600 -0.028649 0.032379
11.000000 -0.052628 -0.032111 0.035405
12.000000 -0.055578 -0.035359 0.037401
13.000000 -0.054936 -0.038292 0.038315
14.000000 -0.049170 -0.040751 0.038370
15.000000 -0.037252 -0.042591 0.037862
16.000000 -0.032752 -0.043337 0.037520
17.000000 -0.045729 -0.042749 0.037805
18.000000 -0.070765 -0.041154 0.038420
19.000000 -0.102417 -0.038870 0.039029
20.000000 -0.135247 -0.036213 0.039334
21.000000 -0.163821 -0.033343 0.039051
22.000000 -0.182663 -0.030171 0.037862
23.000000 -0.187722 -0.026722 0.035975
24.000000 -0.187535 -0.022450 0.034135
25.000000 -0.184379 -0.017147 0.032846
26.000000 -0.179960 -0.010705 0.032573
27.000000 -0.175967 -0.003071 0.033714
28.000000 -0.174118 0.005635 0.036175
29.000000 -0.176185 0.014966 0.038681
30.000000 -0.183878 0.024976 0.040721
31.000000 -0.198550 0.035774 0.041677
32.000000 -0.204819 0.047396 0.040714
33.000000 -0.203398 0.059161 0.037295
34.000000 -0.201846 0.070047 0.032199
35.000000 -0.213889 0.079594 0.026627
36.000000 -0.224945 0.087684 0.022088
37.000000 -0.226191 0.094782 0.018406
38.000000 -0.223810 0.101144 0.015210
39.000000 -0.218311 0.106842 0.012494
40.000000 -0.210211 0.111908 0.010175
41.000000 -0.200033 0.116343 0.008104
42.000000 -0.188315 0.120113 0.006082
43.000000 -0.175593 0.123165 0.003870
44.000000 -0.162411 0.125416 0.001208
45.000000 -0.149029 0.126753 -0.002173
46.000000 -0.135556 0.127020 -0.006520
47.000000 -0.128571 0.125974 -0.012334
48.000000 -0.129064 0.123101 -0.019135
49.000000 -0.134365 0.118116 -0.025926
50.000000 -0.141830 0.111335 -0.031894
51.000000 -0.148844 0.103215 -0.036355
52.000000 -0.152818 0.094298 -0.038838
53.000000 -0.151156 0.085119 -0.039112
54.000000 -0.139695 0.076281 -0.036855
55.000000 -0.126292 0.067783 -0.032834
56.000000 -0.112874 0.059316 -0.028205
57.000000 -0.100552 0.050705 -0.023785
58.000000 -0.090415 0.041943 -0.020057
59.000000 -0.083531 0.033144 -0.017154
"Shoulder_L"
"UpperBody2"
0 0.000000 0.000000 0.000000 0.000000 0.000000 0.000000
2
0.000000 0.596103 1.107049 -0.255475
59.000000 0.596103 1.107049 -0.255475
60
0.000000 0.352676 -0.685186 -0.196435
1.000000 0.371291 -0.686440 -0.215937
2.000000 0.409084 -0.688477 -0.255683
3.000000 0.455590 -0.690168 -0.306986
4.000000 0.500595 -0.690624 -0.360336
5.000000 0.533946 -0.688560 -0.404609
6.000000 0.546157 -0.681961 -0.426963
7.000000 0.536656 -0.667894 -0.421127
8.000000 0.516083 -0.647328 -0.396999
9.000000 0.486940 -0.621443 -0.362017
10.000000 0.452271 -0.592101 -0.322722
11.000000 0.415206 -0.560986 -0.284020
12.000000 0.378563 -0.529698 -0.249493
13.000000 0.345059 -0.499587 -0.221568
14.000000 0.317402 -0.471641 -0.201887
15.000000 0.298026 -0.446078 -0.192138
16.000000 0.287520 -0.422444 -0.194700
17.000000 0.277278 -0.399448 -0.203100
18.000000 0.262821 -0.376237 -0.212078
19.000000 0.246091 -0.353237 -0.218807
20.000000 0.230568 -0.330634 -0.220973
21.000000 0.221534 -0.307680 -0.216812
22.000000 0.225252 -0.282215 -0.206451
23.000000 0.240186 -0.252556 -0.191610
24.000000 0.260398 -0.221001 -0.174423
25.000000 0.281679 -0.189376 -0.156736
26.000000 0.301416 -0.158913 -0.140158
27.000000 0.317848 -0.130787 -0.126106
28.000000 0.329440 -0.106465 -0.115867
29.000000 0.334582 -0.087349 -0.110566
30.000000 0.334520 -0.073038 -0.110234
31.000000 0.329290 -0.056686 -0.114880
32.000000 0.320758 -0.039115 -0.122990
33.000000 0.311886 -0.024592 -0.132558
34.000000 0.304890 -0.015547 -0.142385
35.000000 0.300950 -0.012101 -0.151775
36.000000 0.300813 -0.013092 -0.160225
37.000000 0.307761 -0.017706 -0.167447
38.000000 0.321108 -0.025766 -0.173805
39.000000 0.343583 -0.048201 -0.179508
40.000000 0.372131 -0.082693 -0.185127
41.000000 0.402227 -0.123021 -0.191112
42.000000 0.430299 -0.164539 -0.197626
43.000000 0.453442 -0.203738 -0.204603
44.000000 0.469183 -0.238040 -0.211865
45.000000 0.474095 -0.265612 -0.218936
46.000000 0.464228 -0.282891 -0.225743
47.000000 0.439009 -0.280048 -0.232850
48.000000 0.400868 -0.259921 -0.240142
49.000000 0.352968 -0.228125 -0.247622
50.000000 0.299933 -0.193097 -0.254885
51.000000 0.249006 -0.166961 -0.260766
52.000000 0.210747 -0.164750 -0.262954
53.000000 0.193960 -0.192872 -0.259780
54.000000 0.192585 -0.240382 -0.252381
55.000000 0.205982 -0.308594 -0.241045
56.000000 0.233791 -0.399137 -0.226929
57.000000 0.271136 -0.502092 -0.212862
58.000000 0.309912 -0.598381 -0.202124
59.000000 0.340306 -0.665751 -0.196626
"Arm_L"
"Shoulder_L"
0 0.000000 0.000000 0.000000 0.000000 0.000000 0.000000
2
0.000000 1.107049 0.085159 0.000000
59.000000 1.107049 0.085159 0.000000
2
0.000000 0.000000 -0.000000 -0.383972
59.000000 0.000000 -0.000000 -0.383972
"ArmTwist_L"
"Arm_L"
0 0.000000 0.000000 0.000000 0.000000 0.000000 0.000000
2
0.000000 0.918262 -0.447743 0.041227
59.000000 0.918262 -0.447743 0.041227
2
0.000000 0.000000 -0.000000 0.000000
59.000000 0.000000 -0.000000 0.000000
"Elbow_L"
"ArmTwist_L"
0 0.000000 0.000000 0.000000 0.000000 0.000000 0.000000
2
0.000000 0.943750 -0.584387 -0.041229
59.000000 0.943750 -0.584387 -0.041229
60
0.000000 -0.572656 -0.533246 0.160134
1.000000 -0.548299 -0.516408 0.147940
2.000000 -0.504203 -0.484432 0.126797
3.000000 -0.450243 -0.442664 0.102686
4.000000 -0.396067 -0.397820 0.080600
5.000000 -0.352142 -0.359371 0.064383
6.000000 -0.331361 -0.340549 0.057268
7.000000 -0.345044 -0.352986 0.061912
8.000000 -0.386967 -0.390004 0.077113
9.000000 -0.446571 -0.439717 0.101121
10.000000 -0.515301 -0.492664 0.132001
11.000000 -0.586225 -0.542370 0.167080
12.000000 -0.652409 -0.584331 0.202412
13.000000 -0.706855 -0.615758 0.233143
14.000000 -0.742614 -0.634935 0.254063
15.000000 -0.751327 -0.639437 0.259245
16.000000 -0.720575 -0.623251 0.241104
17.000000 -0.660930 -0.589430 0.207127
18.000000 -0.587533 -0.543240 0.167753
19.000000 -0.515365 -0.492712 0.132032
20.000000 -0.459074 -0.449699 0.106492
21.000000 -0.434382 -0.429835 0.095992
22.000000 -0.451990 -0.444062 0.103435
23.000000 -0.506362 -0.486044 0.127805
24.000000 -0.582434 -0.539838 0.165128
25.000000 -0.667835 -0.593513 0.210973
26.000000 -0.752049 -0.639807 0.259676
27.000000 -0.824950 -0.674891 0.304211
28.000000 -0.876240 -0.696967 0.336685
29.000000 -0.896397 -0.705080 0.349679
30.000000 -0.887217 -0.701422 0.343745
31.000000 -0.855379 -0.688239 0.323371
32.000000 -0.809708 -0.667922 0.294733
33.000000 -0.758871 -0.643280 0.263754
34.000000 -0.710913 -0.617991 0.235488
35.000000 -0.673182 -0.596642 0.213968
36.000000 -0.652636 -0.584467 0.202537
37.000000 -0.653372 -0.584910 0.202942
38.000000 -0.670807 -0.595256 0.212636
39.000000 -0.699615 -0.611735 0.228976
40.000000 -0.734955 -0.630922 0.249536
41.000000 -0.772201 -0.649954 0.271781
42.000000 -0.806848 -0.666593 0.292966
43.000000 -0.834421 -0.679125 0.310141
44.000000 -0.850357 -0.686087 0.320188
45.000000 -0.851062 -0.686390 0.320634
46.000000 -0.830596 -0.677423 0.307741
47.000000 -0.787469 -0.657411 0.281060
48.000000 -0.727650 -0.627049 0.245242
49.000000 -0.658448 -0.587951 0.205749
50.000000 -0.588046 -0.543581 0.168020
51.000000 -0.526077 -0.500537 0.137130
52.000000 -0.484900 -0.469826 0.117941
53.000000 -0.470789 -0.458913 0.111629
54.000000 -0.472739 -0.460431 0.112492
55.000000 -0.486274 -0.470877 0.118563
56.000000 -0.507046 -0.486553 0.128123
57.000000 -0.530559 -0.503778 0.139285
58.000000 -0.552311 -0.519222 0.149924
59.000000 -0.567825 -0.529952 0.157688
"HandTwist_L"
"Elbow_L"
0 0.000000 0.000000 0.000000 0.000000 0.000000 0.000000
2
0.000000 0.600349 -0.288361 0.004105
59.000000 0.600349 -0.288361 0.004105
2
0.000000 -0.000000 0.000000 -0.000000
59.000000 0.000000 -0.000000 0.000000
"Wrist_L"
"HandTwist_L"
0 0.000000 0.000000 0.000000 0.000000 0.000000 0.000000
2
0.000000 1.336147 -0.785051 -0.004107
59.000000 1.336147 -0.785051 -0.004107
60
0.000000 -0.058379 -0.237818 0.373989
1.000000 -0.042297 -0.239594 0.329672
2.000000 -0.030597 -0.217542 0.291408
3.000000 -0.022930 -0.186216 0.257359
4.000000 -0.019010 -0.157576 0.225538
5.000000 -0.017340 -0.141662 0.194607
6.000000 -0.014255 -0.145904 0.163250
7.000000 -0.006644 -0.172435 0.128408
8.000000 0.012190 -0.205514 0.095112
9.000000 0.043862 -0.238181 0.063449
10.000000 0.082336 -0.270297 0.030729
11.000000 0.124237 -0.301293 -0.003908
12.000000 0.167121 -0.330921 -0.039957
13.000000 0.209264 -0.359222 -0.075642
14.000000 0.249363 -0.386664 -0.108068
15.000000 0.285599 -0.414638 -0.133369
16.000000 0.314634 -0.447009 -0.146496
17.000000 0.341657 -0.474247 -0.148182
18.000000 0.371138 -0.484329 -0.136505
19.000000 0.382534 -0.480790 -0.118806
20.000000 0.370687 -0.462363 -0.105678
21.000000 0.349995 -0.424291 -0.101992
22.000000 0.333390 -0.364579 -0.110839
23.000000 0.323900 -0.294749 -0.127350
24.000000 0.315518 -0.233893 -0.138923
25.000000 0.305071 -0.199871 -0.132784
26.000000 0.289367 -0.199748 -0.107110
27.000000 0.263032 -0.228896 -0.071297
28.000000 0.227559 -0.279244 -0.028159
29.000000 0.184349 -0.339877 0.019594
30.000000 0.138683 -0.394154 0.066981
31.000000 0.102694 -0.427351 0.100451
32.000000 0.074808 -0.431877 0.113074
33.000000 0.049375 -0.413499 0.109067
34.000000 0.026683 -0.375227 0.093434
35.000000 0.005456 -0.321542 0.068071
36.000000 -0.015845 -0.258082 0.034966
37.000000 -0.036225 -0.187873 -0.004243
38.000000 -0.059149 -0.118399 -0.045253
39.000000 -0.097250 -0.052262 -0.075459
40.000000 -0.151614 -0.000215 -0.090990
41.000000 -0.209407 0.035195 -0.090634
42.000000 -0.257213 0.058991 -0.072644
43.000000 -0.291264 0.070346 -0.038015
44.000000 -0.313441 0.068772 0.004270
45.000000 -0.323509 0.054411 0.048673
46.000000 -0.320938 0.025216 0.087720
47.000000 -0.300195 -0.022444 0.109729
48.000000 -0.265368 -0.089494 0.116363
49.000000 -0.220983 -0.174306 0.112229
50.000000 -0.172320 -0.270620 0.103539
51.000000 -0.126734 -0.365946 0.098874
52.000000 -0.093564 -0.441245 0.109411
53.000000 -0.073458 -0.481108 0.137607
54.000000 -0.058897 -0.493534 0.173009
55.000000 -0.051485 -0.477464 0.216297
56.000000 -0.052875 -0.431912 0.268340
57.000000 -0.058618 -0.366079 0.321738
58.000000 -0.063186 -0.297935 0.364708
59.000000 -0.063565 -0.248961 0.385380
"Thumb0_L"
"Wrist_L"
0 0.000000 0.000000 0.000000 0.000000 0.000000 0.000000
2
0.000000 0.211393 -0.119377 0.292440
59.000000 0.211393 -0.119377 0.292440
2
0.000000 0.000000 0.000000 0.000000
59.000000 0.000000 0.000000 0.000000
"Thumb1_L"
"Thumb0_L"
0 0.000000 0.000000 0.000000 0.000000 0.000000 0.000000
2
0.000000 0.217009 -0.196038 0.148163
59.000000 0.217009 -0.196038 0.148163
2
0.000000 -0.000000 0.000000 0.000000
59.000000 0.000000 0.000000 0.000000
"IndexFinger1_L"
"Wrist_L"
0 0.000000 0.000000 0.000000 0.000000 0.000000 0.000000
2
0.000000 0.809682 -0.342358 0.193057
59.000000 0.809682 -0.342358 0.193057
2
0.000000 0.000000 0.000000 0.000000
59.000000 0.000000 0.000000 0.000000
"IndexFinger2_L"
"IndexFinger1_L"
0 0.000000 0.000000 0.000000 0.000000 0.000000 0.000000
2
0.000000 0.265565 -0.176418 0.027509
59.000000 0.265565 -0.176418 0.027509
2
0.000000 0.000000 0.000000 -0.000000
59.000000 -0.000000 0.000000 0.000000
"MiddleFinger1_L"
"Wrist_L"
0 0.000000 0.000000 0.000000 0.000000 0.000000 0.000000
2
0.000000 0.814088 -0.343601 -0.003787
59.000000 0.814088 -0.343601 -0.003787
2
0.000000 0.000000 0.000000 -0.000000
59.000000 0.000000 0.000000 0.000000
"MiddleFinger2_L"
"MiddleFinger1_L"
0 0.000000 0.000000 0.000000 0.000000 0.000000 0.000000
2
0.000000 0.281698 -0.162633 -0.004092
59.000000 0.281698 -0.162633 -0.004092
2
0.000000 0.000000 0.000000 0.000000
59.000000 0.000000 0.000000 0.000000
"RingFinger1_L"
"Wrist_L"
0 0.000000 0.000000 0.000000 0.000000 0.000000 0.000000
2
0.000000 0.799423 -0.332222 -0.201428
59.000000 0.799423 -0.332222 -0.201428
2
0.000000 0.000000 0.000000 0.000000
59.000000 0.000000 0.000000 0.000000
"RingFinger2_L"
"RingFinger1_L"
0 0.000000 0.000000 0.000000 0.000000 0.000000 0.000000
2
0.000000 0.226208 -0.154661 -0.026064
59.000000 0.226208 -0.154661 -0.026064
2
0.000000 -0.000000 0.000000 0.000000
59.000000 0.000000 0.000000 0.000000
"LittleFinger1_L"
"Wrist_L"
0 0.000000 0.000000 0.000000 0.000000 0.000000 0.000000
2
0.000000 0.740004 -0.380190 -0.392705
59.000000 0.740004 -0.380190 -0.392705
2
0.000000 0.000000 0.000000 0.000000
59.000000 0.000000 0.000000 0.000000
"LittleFinger2_L"
"LittleFinger1_L"
0 0.000000 0.000000 0.000000 0.000000 0.000000 0.000000
2
0.000000 0.195602 -0.115708 -0.048708
59.000000 0.195602 -0.115708 -0.048708
2
0.000000 -0.000000 0.000000 0.000000
59.000000 0.000000 0.000000 0.000000
"Shoulder_R"
"UpperBody2"
0 0.000000 0.000000 0.000000 0.000000 0.000000 0.000000
2
0.000000 -0.596103 1.107050 -0.255475
59.000000 -0.596103 1.107050 -0.255475
60
0.000000 0.342431 -0.008919 0.085042
1.000000 0.354370 -0.012232 0.088095
2.000000 0.353269 -0.028573 0.097152
3.000000 0.343991 -0.052985 0.109113
4.000000 0.331334 -0.080717 0.121620
5.000000 0.320357 -0.107530 0.133124
6.000000 0.316475 -0.129974 0.142704
7.000000 0.321979 -0.144650 0.150151
8.000000 0.332881 -0.145968 0.155834
9.000000 0.350505 -0.127053 0.159174
10.000000 0.376017 -0.081858 0.159835
11.000000 0.404990 -0.022276 0.159461
12.000000 0.432943 0.038589 0.158719
13.000000 0.455720 0.089011 0.157226
14.000000 0.469539 0.119289 0.154377
15.000000 0.471854 0.122296 0.149821
16.000000 0.460252 0.105736 0.145889
17.000000 0.426111 0.076524 0.145017
18.000000 0.375691 0.037348 0.146059
19.000000 0.316993 -0.006537 0.147595
20.000000 0.262945 -0.048946 0.148240
21.000000 0.230627 -0.084132 0.147155
22.000000 0.216235 -0.099546 0.146573
23.000000 0.215429 -0.095987 0.146435
24.000000 0.223908 -0.077647 0.146232
25.000000 0.238202 -0.046714 0.145748
26.000000 0.255114 -0.006141 0.145190
27.000000 0.271391 0.040101 0.144920
28.000000 0.283880 0.087716 0.145537
29.000000 0.289771 0.132967 0.147956
30.000000 0.286379 0.172701 0.153292
31.000000 0.273214 0.203199 0.162185
32.000000 0.249406 0.217224 0.173988
33.000000 0.214557 0.210891 0.187404
34.000000 0.171867 0.190423 0.200559
35.000000 0.125869 0.161810 0.211724
36.000000 0.084505 0.132423 0.219307
37.000000 0.059987 0.111478 0.222080
38.000000 0.057290 0.107667 0.218572
39.000000 0.068439 0.117280 0.208377
40.000000 0.088124 0.137278 0.192026
41.000000 0.112404 0.164731 0.171070
42.000000 0.138100 0.195931 0.147532
43.000000 0.162665 0.226752 0.123802
44.000000 0.184019 0.253116 0.102443
45.000000 0.200468 0.271767 0.085897
46.000000 0.210145 0.280660 0.076647
47.000000 0.211506 0.279908 0.077935
48.000000 0.202054 0.256615 0.090047
49.000000 0.180101 0.202332 0.109463
50.000000 0.150969 0.130397 0.130741
51.000000 0.122293 0.056799 0.149694
52.000000 0.103077 -0.003398 0.163272
53.000000 0.103785 -0.038086 0.169070
54.000000 0.128500 -0.046758 0.165611
55.000000 0.165084 -0.047750 0.154596
56.000000 0.206518 -0.044155 0.138526
57.000000 0.248141 -0.037257 0.120365
58.000000 0.286505 -0.028308 0.103240
59.000000 0.318816 -0.018461 0.090389
"Arm_R"
"Shoulder_R"
0 0.000000 0.000000 0.000000 0.000000 0.000000 0.000000
2
0.000000 -1.107048 0.085158 0.000000
59.000000 -1.107048 0.085158 0.000000
2
0.000000 0.000000 0.000000 0.383972
59.000000 -0.000000 0.000000 0.383972
"ArmTwist_R"
"Arm_R"
0 0.000000 0.000000 0.000000 0.000000 0.000000 0.000000
2
0.000000 -1.129662 -0.517788 0.041215
59.000000 -1.129662 -0.517788 0.041215
2
0.000000 -0.000000 0.000000 0.000000
59.000000 0.000000 -0.000000 0.000000
"Elbow_R"
"ArmTwist_R"
0 0.000000 0.000000 0.000000 0.000000 0.000000 0.000000
2
0.000000 -0.750082 -0.481687 -0.041217
59.000000 -0.750082 -0.481687 -0.041217
60
0.000000 -0.904462 0.608420 -0.303285
1.000000 -0.892708 0.604042 -0.296584
2.000000 -0.851193 0.587846 -0.273261
3.000000 -0.794717 0.563923 -0.242473
4.000000 -0.737407 0.537366 -0.212453
5.000000 -0.693387 0.515365 -0.190313
6.000000 -0.677150 0.506895 -0.182362
7.000000 -0.689394 0.513300 -0.188347
8.000000 -0.712725 0.525204 -0.199935
9.000000 -0.742809 0.539968 -0.215226
10.000000 -0.775736 0.555385 -0.232387
11.000000 -0.808230 0.569847 -0.249736
12.000000 -0.837489 0.582241 -0.265686
13.000000 -0.860523 0.591587 -0.278454
14.000000 -0.874064 0.596911 -0.286041
15.000000 -0.874815 0.597202 -0.286464
16.000000 -0.845756 0.585636 -0.270248
17.000000 -0.766034 0.550924 -0.227286
18.000000 -0.657666 0.496472 -0.172982
19.000000 -0.544843 0.430603 -0.122412
20.000000 -0.456452 0.372436 -0.087786
21.000000 -0.424835 0.350266 -0.076590
22.000000 -0.429990 0.353929 -0.078372
23.000000 -0.459692 0.374668 -0.088971
24.000000 -0.506155 0.405845 -0.106676
25.000000 -0.561930 0.441187 -0.129634
26.000000 -0.620378 0.475749 -0.155542
27.000000 -0.674867 0.505687 -0.181254
28.000000 -0.718398 0.528037 -0.202789
29.000000 -0.743418 0.540261 -0.215539
30.000000 -0.741513 0.539347 -0.214559
31.000000 -0.709961 0.523812 -0.198550
32.000000 -0.655617 0.495360 -0.172007
33.000000 -0.586955 0.456295 -0.140505
34.000000 -0.513433 0.410586 -0.109570
35.000000 -0.446601 0.365603 -0.084229
36.000000 -0.401955 0.333788 -0.068904
37.000000 -0.392344 0.326761 -0.065781
38.000000 -0.417475 0.345005 -0.074079
39.000000 -0.463032 0.376961 -0.090198
40.000000 -0.519901 0.414768 -0.112168
41.000000 -0.581233 0.452880 -0.137989
42.000000 -0.641434 0.487578 -0.165307
43.000000 -0.695652 0.516530 -0.191432
44.000000 -0.739369 0.538311 -0.213458
45.000000 -0.768192 0.551920 -0.228418
46.000000 -0.775048 0.555071 -0.232025
47.000000 -0.746888 0.541920 -0.217328
48.000000 -0.695363 0.516383 -0.191289
49.000000 -0.632750 0.482740 -0.161252
50.000000 -0.570766 0.446573 -0.133433
51.000000 -0.521599 0.415860 -0.112853
52.000000 -0.498499 0.400816 -0.103667
53.000000 -0.509295 0.407897 -0.107921
54.000000 -0.554272 0.436470 -0.126378
55.000000 -0.620921 0.476057 -0.155790
56.000000 -0.696579 0.517007 -0.191890
57.000000 -0.771099 0.553261 -0.229944
58.000000 -0.835783 0.581535 -0.264749
59.000000 -0.882761 0.600265 -0.290945
"HandTwist_R"
"Elbow_R"
0 0.000000 0.000000 0.000000 0.000000 0.000000 0.000000
2
0.000000 -0.600349 -0.288362 0.004105
59.000000 -0.600349 -0.288362 0.004105
2
0.000000 -0.000000 -0.000000 0.000000
59.000000 -0.000000 -0.000000 0.000000
"Wrist_R"
"HandTwist_R"
0 0.000000 0.000000 0.000000 0.000000 0.000000 0.000000
2
0.000000 -1.354582 -0.751094 -0.004107
59.000000 -1.354582 -0.751094 -0.004107
60
0.000000 -0.019401 0.191641 -0.032922
1.000000 -0.027748 0.182349 -0.044243
2.000000 -0.015391 0.155105 -0.049864
3.000000 0.009819 0.113567 -0.052086
4.000000 0.040693 0.061596 -0.052781
5.000000 0.071259 0.002728 -0.052455
6.000000 0.096624 -0.059588 -0.050561
7.000000 0.109941 -0.117443 -0.045932
8.000000 0.096632 -0.156065 -0.037569
9.000000 0.055145 -0.175225 -0.028555
10.000000 -0.005601 -0.181056 -0.023871
11.000000 -0.071164 -0.170094 -0.023574
12.000000 -0.130607 -0.145460 -0.026662
13.000000 -0.174438 -0.112584 -0.028719
14.000000 -0.194603 -0.078597 -0.023646
15.000000 -0.183757 -0.053183 -0.005460
16.000000 -0.150319 -0.046364 0.021358
17.000000 -0.121238 -0.050966 0.045101
18.000000 -0.099827 -0.057911 0.061403
19.000000 -0.086028 -0.058828 0.069206
20.000000 -0.077633 -0.053606 0.068634
21.000000 -0.068300 -0.048262 0.061604
22.000000 -0.063964 -0.037966 0.050184
23.000000 -0.072206 -0.038621 0.031743
24.000000 -0.091051 -0.048803 0.006704
25.000000 -0.117146 -0.065613 -0.024516
26.000000 -0.146418 -0.086413 -0.060735
27.000000 -0.174760 -0.108526 -0.098983
28.000000 -0.199039 -0.129597 -0.134737
29.000000 -0.217752 -0.147994 -0.162714
30.000000 -0.231138 -0.162409 -0.177074
31.000000 -0.242467 -0.178753 -0.155795
32.000000 -0.236762 -0.203088 -0.092153
33.000000 -0.214345 -0.218287 -0.004266
34.000000 -0.181060 -0.215445 0.083419
35.000000 -0.144942 -0.189636 0.149377
36.000000 -0.119491 -0.140656 0.176794
37.000000 -0.114197 -0.085083 0.171929
38.000000 -0.129359 -0.041546 0.148443
39.000000 -0.159133 -0.005688 0.111866
40.000000 -0.196101 0.022865 0.065951
41.000000 -0.232484 0.042745 0.014632
42.000000 -0.260522 0.052071 -0.036510
43.000000 -0.273062 0.048638 -0.080696
44.000000 -0.264008 0.029705 -0.111033
45.000000 -0.232594 -0.004929 -0.122918
46.000000 -0.188166 -0.047653 -0.114566
47.000000 -0.136768 -0.089374 -0.087083
48.000000 -0.069587 -0.115738 -0.044723
49.000000 0.019323 -0.116770 0.003947
50.000000 0.121256 -0.098118 0.042581
51.000000 0.219670 -0.067482 0.062486
52.000000 0.293815 -0.034166 0.065957
53.000000 0.329064 -0.008243 0.058786
54.000000 0.319742 0.012077 0.048105
55.000000 0.281002 0.040283 0.041284
56.000000 0.222096 0.076514 0.034694
57.000000 0.152259 0.116879 0.024177
58.000000 0.081488 0.154978 0.008004
59.000000 0.020483 0.182746 -0.012436
"Thumb0_R"
"Wrist_R"
0 0.000000 0.000000 0.000000 0.000000 0.000000 0.000000
2
0.000000 -0.213448 -0.115667 0.292441
59.000000 -0.213448 -0.115667 0.292441
2
0.000000 0.000000 -0.000000 -0.000000
59.000000 -0.000000 0.000000 -0.000000
"Thumb1_R"
"Thumb0_R"
0 0.000000 0.000000 0.000000 0.000000 0.000000 0.000000
2
0.000000 -0.220396 -0.192223 0.148162
59.000000 -0.220396 -0.192223 0.148162
2
0.000000 0.000000 -0.000000 -0.000000
59.000000 0.000000 -0.000000 -0.000000
"IndexFinger1_R"
"Wrist_R"
0 0.000000 0.000000 0.000000 0.000000 0.000000 0.000000
2
0.000000 -0.815536 -0.328173 0.193057
59.000000 -0.815536 -0.328173 0.193057
2
0.000000 -0.000000 0.000000 -0.000000
59.000000 0.000000 0.000000 -0.000000
"IndexFinger2_R"
"IndexFinger1_R"
0 0.000000 0.000000 0.000000 0.000000 0.000000 0.000000
2
0.000000 -0.268604 -0.171759 0.027509
59.000000 -0.268604 -0.171759 0.027509
2
0.000000 0.000000 -0.000000 0.000000
59.000000 0.000000 0.000000 -0.000000
"MiddleFinger1_R"
"Wrist_R"
0 0.000000 0.000000 0.000000 0.000000 0.000000 0.000000
2
0.000000 -0.819963 -0.329340 -0.003787
59.000000 -0.819963 -0.329340 -0.003787
2
0.000000 0.000000 -0.000000 -0.000000
59.000000 -0.000000 0.000000 -0.000000
"MiddleFinger2_R"
"MiddleFinger1_R"
0 0.000000 0.000000 0.000000 0.000000 0.000000 0.000000
2
0.000000 -0.284494 -0.157691 -0.004092
59.000000 -0.284494 -0.157691 -0.004092
2
0.000000 0.000000 -0.000000 0.000000
59.000000 0.000000 -0.000000 -0.000000
"RingFinger1_R"
"Wrist_R"
0 0.000000 0.000000 0.000000 0.000000 0.000000 0.000000
2
0.000000 -0.805102 -0.318217 -0.201427
59.000000 -0.805102 -0.318217 -0.201427
2
0.000000 0.000000 -0.000000 -0.000000
59.000000 -0.000000 0.000000 -0.000000
"RingFinger2_R"
"RingFinger1_R"
0 0.000000 0.000000 0.000000 0.000000 0.000000 0.000000
2
0.000000 -0.228873 -0.150688 -0.026064
59.000000 -0.228873 -0.150688 -0.026064
2
0.000000 0.000000 -0.000000 -0.000000
59.000000 0.000000 0.000000 -0.000000
"LittleFinger1_R"
"Wrist_R"
0 0.000000 0.000000 0.000000 0.000000 0.000000 0.000000
2
0.000000 -0.746527 -0.367216 -0.392705
59.000000 -0.746527 -0.367216 -0.392705
2
0.000000 0.000000 -0.000000 -0.000000
59.000000 -0.000000 0.000000 -0.000000
"LittleFinger2_R"
"LittleFinger1_R"
0 0.000000 0.000000 0.000000 0.000000 0.000000 0.000000
2
0.000000 -0.197593 -0.112276 -0.048708
59.000000 -0.197593 -0.112276 -0.048708
2
0.000000 0.000000 -0.000000 -0.000000
59.000000 0.000000 0.000000 -0.000000
"LowerBody"
"Waist"
0 0.000000 0.000000 0.000000 0.000000 0.000000 0.000000
2
0.000000 0.000000 0.000000 0.000000
59.000000 0.000000 0.000000 0.000000
2
0.000000 0.000000 -0.000000 -0.000000
59.000000 0.000000 0.000000 0.000000
"Leg_L"
"LowerBody"
0 0.000000 0.000000 0.000000 0.000000 0.000000 0.000000
2
0.000000 0.723839 -1.192206 -0.000001
59.000000 0.723839 -1.192206 -0.000001
60
0.000000 -0.370158 0.082791 -0.059417
1.000000 -0.357809 0.101572 -0.078505
2.000000 -0.342782 0.118890 -0.095329
3.000000 -0.324657 0.134835 -0.109730
4.000000 -0.302882 0.149485 -0.121560
5.000000 -0.276681 0.162911 -0.130675
6.000000 -0.247412 0.175173 -0.136933
7.000000 -0.230666 0.186300 -0.140170
8.000000 -0.225681 0.196350 -0.140292
9.000000 -0.228709 0.205377 -0.137190
10.000000 -0.237025 0.213411 -0.130757
11.000000 -0.247966 0.220472 -0.120874
12.000000 -0.259284 0.226581 -0.107423
13.000000 -0.269184 0.231760 -0.090277
14.000000 -0.276089 0.235972 -0.070232
15.000000 -0.278320 0.239072 -0.051004
16.000000 -0.272074 0.241151 -0.033042
17.000000 -0.255607 0.242324 -0.016373
18.000000 -0.233006 0.242689 -0.000985
19.000000 -0.208801 0.242346 0.013101
20.000000 -0.188672 0.241394 0.025858
21.000000 -0.179254 0.239825 0.037422
22.000000 -0.186992 0.236758 0.047912
23.000000 -0.206376 0.232098 0.057446
24.000000 -0.231159 0.225974 0.066155
25.000000 -0.258161 0.218498 0.074177
26.000000 -0.284830 0.209775 0.081646
27.000000 -0.309101 0.199903 0.088688
28.000000 -0.329195 0.188982 0.095410
29.000000 -0.343352 0.177106 0.101902
30.000000 -0.348261 0.164372 0.108214
31.000000 -0.344157 0.150963 0.114261
32.000000 -0.333393 0.137043 0.119943
33.000000 -0.318589 0.122696 0.125258
34.000000 -0.303032 0.108036 0.130171
35.000000 -0.290570 0.093179 0.134669
36.000000 -0.285542 0.078231 0.138763
37.000000 -0.291659 0.063302 0.142481
38.000000 -0.305121 0.048555 0.145785
39.000000 -0.317427 0.034212 0.148567
40.000000 -0.326327 0.020816 0.150461
41.000000 -0.332709 0.008870 0.150817
42.000000 -0.337457 -0.001610 0.149684
43.000000 -0.341384 -0.010605 0.147136
44.000000 -0.345263 -0.018111 0.143256
45.000000 -0.349348 -0.024119 0.138114
46.000000 -0.346987 -0.028534 0.131649
47.000000 -0.335808 -0.031334 0.123880
48.000000 -0.319140 -0.032615 0.114953
49.000000 -0.300383 -0.032513 0.105002
50.000000 -0.283775 -0.031146 0.094147
51.000000 -0.274735 -0.028620 0.082491
52.000000 -0.279244 -0.025019 0.070125
53.000000 -0.295821 -0.020340 0.057045
54.000000 -0.317201 -0.013009 0.043105
55.000000 -0.339554 -0.002460 0.028232
56.000000 -0.359763 0.010849 0.012411
57.000000 -0.375267 0.026471 -0.004341
58.000000 -0.383788 0.043963 -0.021967
59.000000 -0.383010 0.062881 -0.040373
"Knee_L"
"Leg_L"
0 0.000000 0.000000 0.000000 0.000000 0.000000 0.000000
2
0.000000 0.000000 -3.491461 0.000014
59.000000 0.000000 -3.491461 0.000014
60
0.000000 0.711602 0.000000 -0.000000
1.000000 0.691406 0.000000 -0.000000
2.000000 0.666044 0.000000 -0.000000
3.000000 0.634828 0.000000 -0.000000
4.000000 0.596776 0.000000 -0.000000
5.000000 0.550430 0.000000 -0.000000
6.000000 0.498633 0.000000 -0.000000
7.000000 0.473086 0.000000 -0.000000
8.000000 0.472278 0.000000 -0.000000
9.000000 0.488621 0.000000 -0.000000
10.000000 0.516571 0.000000 -0.000000
11.000000 0.550659 0.000000 -0.000000
12.000000 0.586220 0.000000 -0.000000
13.000000 0.619461 0.000000 -0.000000
14.000000 0.646749 0.000000 -0.000000
15.000000 0.663448 0.000000 -0.000000
16.000000 0.661287 0.000000 -0.000000
17.000000 0.636339 0.000000 -0.000000
18.000000 0.596681 0.000000 -0.000000
19.000000 0.550929 0.000000 -0.000000
20.000000 0.509891 0.000000 -0.000000
21.000000 0.487532 0.000000 -0.000000
22.000000 0.497199 0.000000 -0.000000
23.000000 0.528087 0.000000 -0.000000
24.000000 0.567998 0.000000 -0.000000
25.000000 0.610980 0.000000 -0.000000
26.000000 0.652369 0.000000 -0.000000
27.000000 0.688491 0.000000 -0.000000
28.000000 0.716271 0.000000 -0.000000
29.000000 0.732670 0.000000 -0.000000
30.000000 0.731511 0.000000 -0.000000
31.000000 0.713850 0.000000 -0.000000
32.000000 0.685071 0.000000 -0.000000
33.000000 0.650650 0.000000 -0.000000
34.000000 0.616829 -0.000001 -0.000000
35.000000 0.591065 0.000000 -0.000000
36.000000 0.581790 0.000000 -0.000000
37.000000 0.596173 0.000000 -0.000000
38.000000 0.626163 0.000000 -0.000000
39.000000 0.654195 0.000000 -0.000000
40.000000 0.675415 0.000000 -0.000000
41.000000 0.691412 0.000000 -0.000000
42.000000 0.703727 0.000000 -0.000000
43.000000 0.713745 0.000000 0.000000
44.000000 0.722742 0.000000 -0.000000
45.000000 0.730924 0.000000 0.000000
46.000000 0.724512 -0.000001 -0.000000
47.000000 0.698342 0.000000 -0.000000
48.000000 0.659223 0.000000 -0.000000
49.000000 0.614533 -0.000001 -0.000000
50.000000 0.573303 0.000000 -0.000000
51.000000 0.546903 0.000000 -0.000000
52.000000 0.547797 0.000000 -0.000000
53.000000 0.573392 0.000000 -0.000000
54.000000 0.609875 0.000000 -0.000000
55.000000 0.649909 0.000000 -0.000000
56.000000 0.687236 0.000000 -0.000000
57.000000 0.716734 0.000000 0.000001
58.000000 0.733856 0.000000 -0.000000
59.000000 0.733987 0.000000 -0.000000
"Ankle_L"
"Knee_L"
0 0.000000 0.000000 0.000000 0.000000 0.000000 0.000000
2
0.000000 0.000000 -3.746933 -0.255485
59.000000 0.000000 -3.746933 -0.255485
60
0.000000 -0.335455 0.108942 0.046321
1.000000 -0.324465 0.111343 0.049418
2.000000 -0.302559 0.113767 0.052587
3.000000 -0.272804 0.116150 0.055882
4.000000 -0.238112 0.118416 0.059374
5.000000 -0.201157 0.120468 0.063169
6.000000 -0.166815 0.122343 0.067102
7.000000 -0.154125 0.125140 0.069134
8.000000 -0.160528 0.128861 0.069267
9.000000 -0.179924 0.133207 0.067877
10.000000 -0.207565 0.137908 0.065225
11.000000 -0.238732 0.142696 0.061604
12.000000 -0.269097 0.147335 0.057299
13.000000 -0.294761 0.151635 0.052570
14.000000 -0.311961 0.155556 0.047798
15.000000 -0.319019 0.159394 0.043786
16.000000 -0.313172 0.163059 0.041357
17.000000 -0.293226 0.166517 0.040973
18.000000 -0.264227 0.169933 0.042046
19.000000 -0.231479 0.173459 0.043884
20.000000 -0.201401 0.177310 0.045532
21.000000 -0.182114 0.181798 0.045623
22.000000 -0.181351 0.187186 0.042715
23.000000 -0.194464 0.193088 0.037595
24.000000 -0.217403 0.199098 0.031301
25.000000 -0.247071 0.205007 0.024350
26.000000 -0.278798 0.210681 0.017200
27.000000 -0.308419 0.216070 0.010262
28.000000 -0.332071 0.221164 0.003927
29.000000 -0.345910 0.225995 -0.001387
30.000000 -0.344463 0.230627 -0.004834
31.000000 -0.328165 0.235063 -0.006268
32.000000 -0.301785 0.239247 -0.006113
33.000000 -0.269571 0.243126 -0.005008
34.000000 -0.236137 0.246646 -0.003738
35.000000 -0.206734 0.249762 -0.003303
36.000000 -0.187133 0.252440 -0.004886
37.000000 -0.182441 0.254588 -0.009542
38.000000 -0.189811 0.256068 -0.016217
39.000000 -0.201394 0.256866 -0.022437
40.000000 -0.217141 0.256711 -0.027273
41.000000 -0.238223 0.255322 -0.030662
42.000000 -0.262345 0.252367 -0.032626
43.000000 -0.287107 0.247372 -0.033121
44.000000 -0.310137 0.240602 -0.032415
45.000000 -0.328506 0.232332 -0.030630
46.000000 -0.332033 0.222987 -0.026129
47.000000 -0.314432 0.212765 -0.018639
48.000000 -0.276074 0.201678 -0.009444
49.000000 -0.225843 0.189828 0.000248
50.000000 -0.174337 0.177470 0.009282
51.000000 -0.133281 0.165059 0.016587
52.000000 -0.114893 0.153201 0.021334
53.000000 -0.123554 0.142330 0.024167
54.000000 -0.152632 0.132664 0.026454
55.000000 -0.193913 0.124414 0.028742
56.000000 -0.239918 0.117741 0.031335
57.000000 -0.283754 0.112777 0.034346
58.000000 -0.318807 0.109624 0.037812
59.000000 -0.338422 0.108344 0.041758
"Leg_R"
"LowerBody"
0 0.000000 0.000000 0.000000 0.000000 0.000000 0.000000
2
0.000000 -0.723840 -1.192205 0.000000
59.000000 -0.723840 -1.192205 0.000000
60
0.000000 -0.368487 -0.148300 -0.135239
1.000000 -0.375295 -0.129168 -0.156234
2.000000 -0.374673 -0.113066 -0.174664
3.000000 -0.369429 -0.099706 -0.190408
4.000000 -0.362413 -0.088837 -0.203389
5.000000 -0.356708 -0.080238 -0.213567
6.000000 -0.355605 -0.073708 -0.220923
7.000000 -0.361508 -0.069082 -0.225440
8.000000 -0.367186 -0.066430 -0.226783
9.000000 -0.368421 -0.065789 -0.224698
10.000000 -0.366606 -0.066758 -0.219133
11.000000 -0.363332 -0.068950 -0.210048
12.000000 -0.360167 -0.072062 -0.197409
13.000000 -0.358664 -0.075786 -0.181168
14.000000 -0.360408 -0.079872 -0.162162
15.000000 -0.363381 -0.084325 -0.143899
16.000000 -0.360049 -0.089015 -0.126446
17.000000 -0.347570 -0.093622 -0.109650
18.000000 -0.329001 -0.097668 -0.093568
19.000000 -0.307552 -0.100692 -0.078215
20.000000 -0.286893 -0.102259 -0.063599
21.000000 -0.270836 -0.102318 -0.049778
22.000000 -0.264803 -0.102652 -0.036881
23.000000 -0.269799 -0.103739 -0.024878
24.000000 -0.282248 -0.105544 -0.013652
25.000000 -0.298720 -0.108033 -0.003107
26.000000 -0.316002 -0.111175 0.006844
27.000000 -0.331241 -0.114946 0.016284
28.000000 -0.341860 -0.119336 0.025270
29.000000 -0.345336 -0.124371 0.033854
30.000000 -0.340672 -0.130064 0.042068
31.000000 -0.337478 -0.136223 0.049608
32.000000 -0.335028 -0.142740 0.056281
33.000000 -0.329805 -0.149616 0.062131
34.000000 -0.318376 -0.156832 0.067233
35.000000 -0.296719 -0.164344 0.071640
36.000000 -0.270055 -0.172021 0.075294
37.000000 -0.252661 -0.179687 0.078088
38.000000 -0.245759 -0.187261 0.080087
39.000000 -0.246862 -0.194677 0.081382
40.000000 -0.253487 -0.201877 0.081722
41.000000 -0.263207 -0.208801 0.080525
42.000000 -0.273737 -0.215353 0.077883
43.000000 -0.283197 -0.221429 0.073914
44.000000 -0.290023 -0.226936 0.068740
45.000000 -0.292802 -0.231791 0.062492
46.000000 -0.288393 -0.235931 0.055321
47.000000 -0.275966 -0.239291 0.047365
48.000000 -0.259152 -0.241788 0.038657
49.000000 -0.241712 -0.243354 0.029161
50.000000 -0.228305 -0.243914 0.018839
51.000000 -0.224604 -0.243390 0.007630
52.000000 -0.236193 -0.241689 -0.004538
53.000000 -0.260640 -0.238748 -0.017693
54.000000 -0.288156 -0.233326 -0.031824
55.000000 -0.311281 -0.224941 -0.046879
56.000000 -0.330125 -0.213934 -0.062854
57.000000 -0.345112 -0.200596 -0.079731
58.000000 -0.356466 -0.185140 -0.097469
59.000000 -0.364270 -0.167701 -0.116001
"Knee_R"
"Leg_R"
0 0.000000 0.000000 0.000000 0.000000 0.000000 0.000000
2
0.000000 0.000000 -3.491461 0.000001
59.000000 0.000000 -3.491461 0.000001
60
0.000000 0.753302 0.000000 0.000000
1.000000 0.760170 0.000000 0.000000
2.000000 0.752935 0.000000 0.000000
3.000000 0.737528 0.000000 0.000000
4.000000 0.719907 0.000000 0.000000
5.000000 0.706436 0.000000 0.000000
6.000000 0.703844 0.000000 0.000000
7.000000 0.717020 0.000000 0.000000
8.000000 0.731283 0.000000 0.000000
9.000000 0.738057 0.000000 0.000000
10.000000 0.740121 0.000000 0.000000
11.000000 0.740606 0.000000 0.000000
12.000000 0.742569 -0.000000 0.000000
13.000000 0.748993 0.000000 -0.000000
14.000000 0.762673 0.000000 0.000000
15.000000 0.778336 0.000000 0.000000
16.000000 0.780224 0.000000 0.000000
17.000000 0.762208 0.000000 -0.000000
18.000000 0.730133 0.000000 -0.000000
19.000000 0.689801 0.000000 -0.000000
20.000000 0.647816 0.000000 0.000000
21.000000 0.612345 0.000000 0.000000
22.000000 0.595102 0.000000 0.000000
23.000000 0.598563 0.000000 0.000000
24.000000 0.615915 0.000000 0.000000
25.000000 0.640657 -0.000000 0.000000
26.000000 0.666740 0.000000 -0.000000
27.000000 0.688872 0.000000 0.000000
28.000000 0.702314 -0.000000 0.000000
29.000000 0.702438 0.000000 0.000000
30.000000 0.687718 0.000000 0.000000
31.000000 0.678132 0.000000 -0.000000
32.000000 0.672714 0.000000 0.000000
33.000000 0.664424 0.000000 0.000000
34.000000 0.645812 0.000000 0.000000
35.000000 0.608296 0.000000 0.000000
36.000000 0.562102 0.000000 0.000000
37.000000 0.535859 0.000000 0.000000
38.000000 0.531696 0.000000 -0.000000
39.000000 0.544206 0.000000 0.000000
40.000000 0.568026 0.000000 0.000000
41.000000 0.597962 0.000000 0.000000
42.000000 0.629048 -0.000000 0.000000
43.000000 0.657098 0.000000 0.000000
44.000000 0.678514 0.000000 0.000000
45.000000 0.689980 0.000000 0.000000
46.000000 0.684603 0.000000 0.000000
47.000000 0.660189 0.000000 0.000000
48.000000 0.624189 0.000000 0.000000
49.000000 0.584803 0.000000 0.000000
50.000000 0.552027 0.000000 0.000000
51.000000 0.537867 0.000000 0.000000
52.000000 0.554118 0.000000 0.000000
53.000000 0.596198 0.000000 0.000000
54.000000 0.644016 0.000000 0.000000
55.000000 0.682260 0.000000 -0.000000
56.000000 0.711346 0.000000 0.000000
57.000000 0.732383 0.000000 0.000000
58.000000 0.746099 0.000000 0.000000
59.000000 0.752975 0.000000 0.000000
"Ankle_R"
"Knee_R"
0 0.000000 0.000000 0.000000 0.000000 0.000000 0.000000
2
0.000000 0.000000 -3.746932 -0.255471
59.000000 0.000000 -3.746932 -0.255471
60
0.000000 -0.408432 -0.013992 0.001179
1.000000 -0.402002 -0.009721 0.004971
2.000000 -0.377015 -0.008610 0.009490
3.000000 -0.340967 -0.010195 0.014508
4.000000 -0.301371 -0.013922 0.019773
5.000000 -0.265932 -0.019133 0.025100
6.000000 -0.242538 -0.025076 0.030416
7.000000 -0.238140 -0.030945 0.035718
8.000000 -0.248368 -0.036189 0.040317
9.000000 -0.265887 -0.040298 0.043558
10.000000 -0.287510 -0.042895 0.045313
11.000000 -0.310222 -0.043554 0.045513
12.000000 -0.330973 -0.041759 0.044080
13.000000 -0.346682 -0.037018 0.040918
14.000000 -0.354154 -0.029244 0.036155
15.000000 -0.346508 -0.021111 0.031174
16.000000 -0.319522 -0.013577 0.025909
17.000000 -0.277340 -0.006869 0.020506
18.000000 -0.230138 -0.001112 0.015420
19.000000 -0.188046 0.003485 0.010953
20.000000 -0.160894 0.006665 0.007276
21.000000 -0.152230 0.008391 0.004358
22.000000 -0.163611 0.009512 0.001847
23.000000 -0.191851 0.010285 -0.000450
24.000000 -0.229060 0.010687 -0.002631
25.000000 -0.267511 0.010718 -0.004751
26.000000 -0.299699 0.010406 -0.006851
27.000000 -0.318503 0.009801 -0.008972
28.000000 -0.321164 0.008973 -0.011159
29.000000 -0.309547 0.008052 -0.013474
30.000000 -0.285291 0.007145 -0.015990
31.000000 -0.260879 0.006091 -0.018472
32.000000 -0.238196 0.004873 -0.020737
33.000000 -0.216057 0.003599 -0.022829
34.000000 -0.193026 0.002406 -0.024807
35.000000 -0.167089 0.001471 -0.026726
36.000000 -0.145551 0.000684 -0.028520
37.000000 -0.142298 -0.000419 -0.030038
38.000000 -0.156234 -0.001914 -0.031278
39.000000 -0.182476 -0.003732 -0.032250
40.000000 -0.216155 -0.005752 -0.032924
41.000000 -0.252479 -0.007822 -0.033242
42.000000 -0.286773 -0.009838 -0.033236
43.000000 -0.314744 -0.011717 -0.032960
44.000000 -0.332392 -0.013389 -0.032476
45.000000 -0.335919 -0.014798 -0.031858
46.000000 -0.322446 -0.015828 -0.031236
47.000000 -0.293344 -0.016465 -0.030681
48.000000 -0.254986 -0.016854 -0.030108
49.000000 -0.214153 -0.017146 -0.029399
50.000000 -0.178534 -0.017515 -0.028415
51.000000 -0.156821 -0.018134 -0.026978
52.000000 -0.157597 -0.019134 -0.024885
53.000000 -0.181108 -0.020324 -0.022125
54.000000 -0.219617 -0.021013 -0.019042
55.000000 -0.263116 -0.020909 -0.015943
56.000000 -0.307264 -0.020124 -0.012826
57.000000 -0.348090 -0.018801 -0.009644
58.000000 -0.381428 -0.017148 -0.006323
59.000000 -0.402998 -0.015426 -0.002759
