// MilkShape 3D ASCII

Frames: 1
Frame: 1

Meshes: 2
"MaterialGroup.0" 0 0
632
0 0.000000 0.038013 -0.585924 0.314971 0.719275 4
0 0.000000 0.240992 -0.746968 0.314968 0.684435 40
0 -0.880001 0.438220 -0.506973 0.218959 0.684783 40
0 0.000000 1.421791 -0.647046 0.314971 0.956454 5
0 -1.143877 1.420575 -0.539276 0.192885 0.956365 5
0 0.000000 1.758389 -0.367117 0.314971 0.989808 5
0 -0.739337 0.037885 -0.366841 0.218963 0.719275 4
0 -0.916974 0.407509 0.107323 0.163726 0.684558 40
0 0.000000 -0.090558 -0.565655 0.314971 0.819209 5
0 -0.984326 1.517374 -0.162181 0.202900 0.972315 5
0 -0.315969 1.655209 -0.158308 0.273971 0.982319 5
0 -0.611824 0.037580 0.561807 0.101502 0.719275 4
0 -0.532304 0.251668 0.723919 0.101554 0.685041 40
0 -1.052823 0.588821 0.830922 0.125479 0.910064 5
0 -0.690992 -0.084371 0.524766 0.105760 0.819292 5
0 0.000000 -0.088933 0.707577 0.011577 0.819231 5
0 -0.984326 1.517374 -0.162181 0.163102 0.972315 5
0 -0.315969 1.655209 -0.158308 0.045754 0.974165 5
0 -0.984326 1.517374 -0.162181 0.115934 0.972315 5
0 -0.815948 -0.087304 -0.327418 0.218782 0.819253 5
0 0.000000 0.588234 0.911510 0.011577 0.910022 5
0 -0.532304 0.251668 0.723919 0.096583 0.676273 40
0 -0.000000 -1.521052 1.952603 0.172228 0.551210 40
0 -0.000000 -0.254907 0.915517 0.145917 0.676524 40
0 -0.880001 0.438220 -0.506973 0.096583 0.676035 40
0 -2.176818 -0.995159 0.494367 0.172228 0.551212 40
0 -0.916974 0.407509 0.107323 0.145917 0.675828 40
0 -0.532304 0.251668 0.723919 0.145917 0.676273 40
0 -2.176818 -0.995159 0.494367 0.070270 0.551212 40
0 -0.851984 -1.229190 1.462157 0.172228 0.551211 40
0 0.000000 0.135377 0.857796 0.011577 0.719286 40
0 0.000000 -0.086253 0.690703 0.011577 0.781744 4
0 0.000000 1.438782 0.120248 0.350306 0.550221 5
0 -0.315969 1.655209 -0.158308 0.460341 0.569764 5
0 0.000000 0.588234 0.911510 0.350329 0.486225 5
0 0.880001 0.438220 -0.506973 0.218959 0.684783 40
0 1.143878 1.420573 -0.539276 0.192885 0.956365 5
0 0.739337 0.037885 -0.366841 0.218963 0.719275 4
0 0.916974 0.407509 0.107323 0.163726 0.684558 40
0 0.315970 1.655209 -0.158308 0.273971 0.982319 5
0 0.984326 1.517369 -0.162181 0.202900 0.972315 5
0 0.611824 0.037580 0.561807 0.101502 0.719275 4
0 0.532304 0.251668 0.723919 0.101554 0.685041 40
0 1.052824 0.588821 0.830922 0.125479 0.910064 5
0 0.690992 -0.084371 0.524766 0.105760 0.819292 5
0 0.984326 1.517369 -0.162181 0.163102 0.972315 5
0 0.984326 1.517369 -0.162181 0.115934 0.972315 5
0 0.315970 1.655209 -0.158308 0.045754 0.974165 5
0 0.815948 -0.087304 -0.327418 0.218782 0.819253 5
0 0.532304 0.251668 0.723919 0.145916 0.676273 40
0 -0.000000 -1.521052 1.952603 0.070274 0.551210 40
0 1.277925 -1.294525 1.489919 0.172228 0.551211 40
0 0.880001 0.438220 -0.506973 0.145917 0.676035 40
0 2.176818 -0.995161 0.494367 0.070272 0.551212 40
0 1.505370 -0.999265 -1.307649 0.172228 0.551214 40
0 0.916974 0.407509 0.107323 0.145916 0.675828 40
0 0.532304 0.251668 0.723919 0.096584 0.676273 40
0 2.176818 -0.995161 0.494367 0.172228 0.551212 40
0 0.315970 1.655209 -0.158308 0.460341 0.569764 5
0 -0.000000 -0.254907 0.915517 0.096584 0.676524 40
0 -0.851984 -1.229190 1.462157 0.070272 0.551211 40
0 -0.000000 -0.717783 0.076363 0.271195 0.676075 40
0 -1.505370 -0.999265 -1.307650 0.237342 0.551214 40
0 -0.000000 -1.298674 -1.779117 0.308818 0.551215 40
0 -0.000000 -0.717783 0.076363 0.057882 0.676273 40
0 -0.000000 -1.521052 1.952603 0.025027 0.551210 40
0 -0.851984 -1.229190 1.462157 0.095771 0.551211 40
0 -0.000000 -0.717783 0.076363 0.196698 0.676075 40
0 -2.176818 -0.995159 0.494367 0.167144 0.551212 40
0 -0.000000 -0.717783 0.076363 0.125358 0.676075 40
0 1.505370 -0.999265 -1.307649 0.237342 0.551214 40
0 1.277925 -1.294525 1.489919 0.095771 0.551211 40
0 2.176818 -0.995161 0.494367 0.167144 0.551212 40
0 1.277925 -1.294525 1.489919 0.070274 0.551211 40
0 -0.916974 0.407509 0.107323 0.096582 0.675828 40
0 -1.505370 -0.999265 -1.307650 0.070272 0.551214 40
0 0.916974 0.407509 0.107323 0.096583 0.675828 40
0 0.000000 0.006312 0.214066 0.350284 0.682620 7
0 -0.260103 0.004683 -0.074903 0.460878 0.682407 7
0 0.000000 0.006310 -0.261362 0.513087 0.682594 7
0 0.000000 1.758389 -0.367117 0.513087 0.569124 5
0 -0.000000 -0.254907 0.915517 0.011524 0.685314 40
0 0.000000 0.240992 -0.746968 0.096583 0.675714 40
0 -0.000000 -1.298674 -1.779117 0.070272 0.551215 40
0 -1.505370 -0.999265 -1.307650 0.172228 0.551214 40
0 -0.880001 0.438220 -0.506973 0.145917 0.676035 40
0 0.260103 0.004683 -0.074903 0.460878 0.682407 7
0 0.000000 0.240992 -0.746968 0.145916 0.675714 40
0 0.880001 0.438220 -0.506973 0.096584 0.676035 40
0 1.505370 -0.999265 -1.307649 0.070274 0.551214 40
0 -0.000000 -1.298674 -1.779117 0.172228 0.551215 40
0 -1.287968 -0.279582 -1.012261 0.944024 0.423964 40
0 -0.000006 0.375545 -0.739013 0.805719 0.340909 40
0 -0.273040 -0.832314 -1.530750 0.944024 0.258100 40
0 -1.016427 -0.863969 -1.404954 0.967251 0.341032 40
0 1.288183 -0.279582 -1.012261 0.944024 0.423964 40
0 0.273254 -0.832314 -1.530750 0.944024 0.258100 40
0 0.000221 0.375545 -0.739013 0.805719 0.340909 40
0 1.016641 -0.863969 -1.404954 0.967251 0.341032 40
0 0.000107 0.375895 -0.739209 0.805719 0.340909 40
0 -1.447727 0.916847 -0.268522 0.944024 0.423964 40
0 -1.303400 -0.499858 -1.113708 0.944024 0.258100 40
0 -1.303400 -0.262241 -1.512003 0.944024 0.258100 40
0 -0.690658 0.482387 -1.033252 0.875161 0.341032 40
0 -1.447727 1.154465 -0.666817 0.944024 0.423964 40
0 -1.447727 1.154465 -0.666817 0.707917 0.256842 40
0 -1.447727 0.916847 -0.268522 0.707917 0.312553 40
0 0.000107 0.375895 -0.739209 0.873781 0.279908 40
0 -1.447727 0.916847 -0.268522 0.990478 0.423964 40
0 -1.546081 0.314494 -0.897905 0.967251 0.341032 40
0 -1.303400 -0.499858 -1.113708 0.990478 0.258100 40
0 -1.303400 -0.499858 -1.113708 0.707917 0.312553 40
0 -1.303400 -0.262241 -1.512003 0.707917 0.256842 40
0 -0.000107 0.375895 -0.739209 0.805719 0.340909 40
0 1.303400 -0.499858 -1.113708 0.944024 0.258100 40
0 1.447727 0.916847 -0.268522 0.944024 0.423964 40
0 0.690658 0.482387 -1.033252 0.875161 0.341032 40
0 1.303400 -0.262241 -1.512003 0.944024 0.258100 40
0 1.447727 1.154465 -0.666817 0.944024 0.423964 40
0 1.447727 1.154465 -0.666817 0.707917 0.256842 40
0 -0.000107 0.375895 -0.739209 0.873781 0.279908 40
0 1.447727 0.916847 -0.268522 0.707917 0.312553 40
0 1.447727 0.916847 -0.268522 0.990478 0.423964 40
0 1.303400 -0.499858 -1.113708 0.990478 0.258100 40
0 1.546081 0.314494 -0.897905 0.967251 0.341032 40
0 1.303400 -0.262241 -1.512003 0.707917 0.256842 40
0 1.303400 -0.499858 -1.113708 0.707917 0.312553 40
0 -0.926624 0.283676 0.811194 0.944024 0.423964 5
0 -0.341680 -0.325355 0.811194 0.944024 0.258100 5
0 -0.000029 0.587335 0.913247 0.805719 0.340909 5
0 -0.827221 -0.206273 0.558106 0.967251 0.341032 5
0 0.341680 -0.325355 0.811194 0.944024 0.258100 5
0 0.827221 -0.206273 0.558106 0.967251 0.341032 5
0 0.926624 0.283676 0.811194 0.944024 0.423964 5
0 -0.000071 0.587416 0.913494 0.805719 0.340909 5
0 0.965152 1.057890 0.828782 0.944024 0.423964 5
0 0.868934 -0.041886 0.828782 0.944024 0.258100 5
0 0.868934 -0.041886 1.137975 0.944024 0.258100 5
0 0.460439 0.547951 1.118214 0.875161 0.341032 5
0 0.965152 1.057890 1.137975 0.944024 0.423964 5
0 0.965152 1.057890 1.137975 0.707917 0.256842 5
0 0.965152 1.057890 0.828782 0.707917 0.312553 5
0 -0.000071 0.587416 0.913494 0.873781 0.279908 5
0 0.965152 1.057890 0.828782 0.990478 0.423964 5
0 1.030721 0.498057 0.983379 0.967251 0.341032 5
0 0.868934 -0.041886 0.828782 0.990478 0.258100 5
0 0.868934 -0.041886 0.828782 0.707917 0.312553 5
0 0.868934 -0.041886 1.137975 0.707917 0.256842 5
0 0.000072 0.587416 0.913494 0.805719 0.340909 5
0 -0.868933 -0.041886 0.828782 0.944024 0.258100 5
0 -0.965151 1.057890 0.828782 0.944024 0.423964 5
0 -0.460439 0.547951 1.118214 0.875161 0.341032 5
0 -0.868933 -0.041886 1.137975 0.944024 0.258100 5
0 -0.965151 1.057890 1.137975 0.944024 0.423964 5
0 -0.965151 1.057890 1.137975 0.707917 0.256842 5
0 0.000072 0.587416 0.913494 0.873781 0.279908 5
0 -0.965151 1.057890 0.828782 0.707917 0.312553 5
0 -0.965151 1.057890 0.828782 0.990478 0.423964 5
0 -0.868933 -0.041886 0.828782 0.990478 0.258100 5
0 -1.030720 0.498057 0.983379 0.967251 0.341032 5
0 -0.868933 -0.041886 1.137975 0.707917 0.256842 5
0 -0.868933 -0.041886 0.828782 0.707917 0.312553 5
0 1.305729 0.499072 -0.867854 0.332422 0.338715 8
0 0.315970 1.711867 -0.158308 0.413437 0.354431 5
0 0.000000 0.588234 0.911510 0.332423 0.479574 5
0 0.000000 1.793146 -0.367117 0.455004 0.338730 5
0 -1.305921 0.499092 -0.867854 0.332422 0.338715 24
0 -0.315969 1.711867 -0.158308 0.413437 0.354431 5
0 1.082849 0.046142 -1.282270 0.332422 0.297034 8
0 0.000000 1.537618 -0.705018 0.455001 0.296973 5
0 1.399575 0.367384 -0.873243 0.332420 0.189904 5
0 0.000000 0.368601 -0.914314 0.455000 0.189694 5
0 -1.083041 0.046160 -1.282270 0.332422 0.297034 24
0 -1.399574 0.367385 -0.873243 0.332420 0.189904 5
0 -0.187368 0.931570 0.993286 0.932730 0.162557 7
0 -0.193479 1.154299 0.964549 0.995039 0.162982 7
0 -0.469537 1.191217 0.766546 0.994764 0.111035 7
0 -0.849524 1.123130 0.611081 0.932749 0.016125 7
0 -0.000001 0.800600 1.112628 0.932724 0.238073 7
0 -0.000001 1.035382 1.102733 0.995232 0.238130 7
0 0.187367 0.931570 0.993286 0.932730 0.162557 7
0 0.849522 1.123130 0.611081 0.932749 0.016125 7
0 0.469536 1.191217 0.766546 0.994764 0.111035 7
0 0.193478 1.154299 0.964549 0.995039 0.162982 7
0 -6.243730 -5.222296 -1.099255 0.601925 0.137271 7
0 -6.039019 -6.266220 -1.961571 0.510674 0.137271 7
0 -5.118961 -7.144138 1.090483 0.552570 0.244406 7
0 -4.606018 -5.612469 -1.543408 0.704452 0.137271 7
0 -5.118961 -7.144138 1.090483 0.657182 0.248124 7
0 -6.039019 -6.266220 -1.961571 0.795702 0.137271 7
0 -5.118961 -7.144138 1.090483 0.751215 0.240687 7
0 -1.124042 1.870929 -0.828480 0.510673 0.178042 7
0 -1.266446 1.702212 -0.423857 0.601924 0.178042 7
0 -1.033594 1.773756 -0.574620 0.556120 0.231709 7
0 -0.911827 1.547935 -0.625926 0.704451 0.178042 7
0 -1.033594 1.773756 -0.574620 0.648621 0.227991 7
0 -1.124042 1.870929 -0.828480 0.795702 0.178042 7
0 -1.033594 1.773756 -0.574620 0.752847 0.235427 7
0 6.233282 -5.230874 -1.099976 0.601925 0.137271 7
0 5.109473 -7.149465 1.092869 0.552570 0.244406 7
0 6.025493 -6.274883 -1.961371 0.510674 0.137271 7
0 4.594135 -5.618594 -1.542011 0.704452 0.137271 7
0 5.109473 -7.149465 1.092869 0.657182 0.248124 7
0 6.025493 -6.274883 -1.961371 0.795702 0.137271 7
0 5.109473 -7.149465 1.092869 0.751215 0.240687 7
0 1.124282 1.871017 -0.828433 0.510673 0.178042 7
0 1.033615 1.773825 -0.574659 0.556120 0.231709 7
0 1.266325 1.702015 -0.423803 0.601924 0.178042 7
0 1.033615 1.773825 -0.574659 0.648621 0.227991 7
0 0.911675 1.548132 -0.626118 0.704451 0.178042 7
0 1.033615 1.773825 -0.574659 0.752847 0.235427 7
0 1.124282 1.871017 -0.828433 0.795702 0.178042 7
0 -5.035860 -2.920226 -3.148904 0.510673 0.055267 7
0 -5.285930 -2.691747 -2.053094 0.601924 0.055267 7
0 -3.595361 -1.281598 -1.716149 0.601924 0.114770 7
0 -3.358568 -1.283020 -2.671490 0.510673 0.114770 7
0 -4.375099 -3.266213 -2.382598 0.704451 0.055267 7
0 -5.035860 -2.920226 -3.148904 0.795702 0.055267 7
0 -3.358568 -1.283020 -2.671490 0.795702 0.114769 7
0 -2.941097 -1.883402 -2.059980 0.704451 0.114770 7
0 -2.223215 -0.189566 -2.281302 0.795702 0.146865 7
0 -1.762895 -0.646085 -1.777225 0.704451 0.146865 7
0 -2.445396 -0.335628 -1.532594 0.601924 0.146865 7
0 -2.223215 -0.189566 -2.281302 0.510673 0.146865 7
0 -1.480942 0.600355 -1.216231 0.704451 0.174195 7
0 -1.935684 1.034781 -1.576706 0.795702 0.174195 7
0 -2.139880 0.792853 -0.996505 0.601924 0.174195 7
0 -1.935684 1.034781 -1.576706 0.510673 0.174195 7
0 5.028005 -2.927351 -3.148842 0.510673 0.055267 7
0 3.354498 -1.286480 -2.671569 0.510673 0.114770 7
0 3.591516 -1.285201 -1.716285 0.601924 0.114770 7
0 5.279240 -2.698973 -2.053273 0.601924 0.055267 7
0 4.367047 -3.271705 -2.381907 0.704451 0.055267 7
0 2.935927 -1.885776 -2.059748 0.704451 0.114770 7
0 3.354498 -1.286480 -2.671569 0.795702 0.114769 7
0 5.028005 -2.927351 -3.148842 0.795702 0.055267 7
0 1.760377 -0.646092 -1.777331 0.704451 0.146865 7
0 2.221535 -0.190397 -2.281432 0.795702 0.146865 7
0 2.443496 -0.336767 -1.532741 0.601924 0.146865 7
0 2.221535 -0.190397 -2.281432 0.510673 0.146865 7
0 1.480247 0.600401 -1.216427 0.704451 0.174195 7
0 1.935587 1.034395 -1.576591 0.795702 0.174195 7
0 2.139266 0.792059 -0.996379 0.601924 0.174195 7
0 1.935587 1.034395 -1.576591 0.510673 0.174195 7
0 -0.782851 1.852122 -0.625663 0.644804 0.192631 7
0 -1.124515 2.049383 -0.853439 0.622934 0.146361 7
0 -0.782851 2.246643 -0.625663 0.601065 0.192631 7
0 -1.124515 1.654864 -0.625663 0.601065 0.192631 7
0 -1.466179 1.852122 -0.625663 0.557326 0.192631 7
0 -1.124515 2.049383 -0.853439 0.579195 0.146361 7
0 -1.466179 2.246643 -0.625663 0.513587 0.192631 7
0 -1.124515 2.049383 -0.853439 0.535456 0.146361 7
0 -1.124515 2.443901 -0.625663 0.557326 0.192631 7
0 -0.782851 2.246643 -0.170112 0.601065 0.238901 7
0 -1.124515 2.049383 0.057664 0.622934 0.285170 7
0 -0.782851 1.852122 -0.170112 0.644804 0.238901 7
0 -1.124515 2.049383 0.057664 0.622934 0.285170 7
0 -1.124515 1.654864 -0.170112 0.601065 0.238901 7
0 -1.124515 2.049383 0.057664 0.579195 0.285170 7
0 -1.466179 1.852122 -0.170112 0.557326 0.238901 7
0 -1.124515 2.049383 0.057664 0.535456 0.285170 7
0 -1.466179 2.246643 -0.170112 0.513587 0.238901 7
0 -1.124515 2.443901 -0.170112 0.557326 0.238901 7
0 1.170666 0.770573 0.278434 0.464625 0.514961 7
0 1.063689 0.084421 0.272230 0.452759 0.397836 7
0 1.257102 0.509251 0.180813 0.490313 0.471535 7
0 1.063689 0.084421 0.272230 0.487815 0.510811 7
0 0.844167 0.347311 0.111731 0.488440 0.525745 7
0 1.257102 0.509251 0.180813 0.478800 0.521429 7
0 0.871975 0.676990 0.356505 0.483120 0.541107 7
0 1.170666 0.770573 0.278434 0.476642 0.533065 7
0 0.845514 0.142082 0.356505 0.492303 0.515254 7
0 0.760099 -0.061769 0.624075 0.957879 0.706466 7
0 0.618334 -0.026003 -0.457430 0.935546 0.623797 7
0 0.845514 0.142082 0.356505 0.992095 0.754627 7
0 0.000000 0.421168 1.025039 0.752069 0.816639 7
0 0.769545 0.575051 0.609149 0.959195 0.850588 7
0 0.000000 0.795997 1.094172 0.752069 0.899434 7
0 0.844167 0.347311 0.111731 0.990482 0.702124 7
0 0.871975 0.676990 0.356505 0.993476 0.873403 7
0 0.849523 1.079257 0.623415 0.969629 0.961959 7
0 0.000000 -0.551217 0.894745 0.752069 0.607449 7
0 0.000000 0.219283 1.236977 0.752069 0.752063 7
0 0.000000 1.207141 0.980654 0.752069 0.990251 7
0 0.000000 -0.158226 -0.488045 0.752069 0.585108 7
0 0.871975 0.676990 0.356505 0.922847 0.588986 7
0 0.844167 0.347311 0.111731 0.945421 0.596804 7
0 1.124879 0.823105 0.236740 0.934134 0.592895 7
0 -1.170665 0.770573 0.278434 0.464625 0.514961 7
0 -1.257101 0.509251 0.180813 0.490313 0.471535 7
0 -1.063689 0.084421 0.272230 0.452759 0.397836 7
0 -1.063689 0.084421 0.272230 0.487815 0.510811 7
0 -1.257101 0.509251 0.180813 0.478800 0.521429 7
0 -0.844166 0.347311 0.111731 0.488440 0.525745 7
0 -1.170665 0.770573 0.278434 0.476642 0.533065 7
0 -0.871975 0.676990 0.356505 0.483120 0.541107 7
0 -0.845513 0.142082 0.356505 0.492303 0.515254 7
0 -0.760098 -0.061769 0.624075 0.546258 0.706466 7
0 -0.845513 0.142082 0.356505 0.512043 0.754627 7
0 -0.618334 -0.026003 -0.457430 0.568591 0.623797 7
0 -0.769545 0.575051 0.609149 0.544942 0.850588 7
0 -0.844166 0.347311 0.111731 0.513655 0.702124 7
0 -0.871975 0.676990 0.356505 0.510661 0.873403 7
0 -0.849523 1.079257 0.623415 0.534508 0.961959 7
0 -0.871975 0.676990 0.356505 0.922847 0.588986 7
0 -1.124879 0.823105 0.236740 0.934134 0.592895 7
0 -0.844166 0.347311 0.111731 0.945421 0.596804 7
0 0.849523 1.079257 0.623415 0.838354 0.025023 7
0 0.139939 1.019295 1.196023 0.721546 0.034386 7
0 0.277224 1.508471 1.312941 0.702791 0.020754 7
0 0.000000 1.207141 0.980654 0.740902 0.008581 7
0 0.871975 0.676990 0.356505 0.891554 0.017108 7
0 1.124879 0.823105 0.236740 0.912799 0.024578 7
0 0.558154 0.884358 1.300661 0.781089 0.037532 7
0 0.750133 1.733295 0.697090 0.656300 0.154490 7
0 0.277224 1.508471 1.312941 0.720469 0.086269 7
0 1.268308 1.355406 0.609897 0.590796 0.112715 7
0 1.333252 1.201999 -0.139151 0.703984 0.093720 7
0 0.890774 1.929258 -0.311170 0.720939 0.160390 7
0 1.268308 1.355406 0.609897 0.811728 0.087814 7
0 0.784543 1.334914 -0.889635 0.756235 0.161957 7
0 0.000000 1.375582 -1.081910 0.776619 0.223611 7
0 0.298758 2.021343 -0.367955 0.722735 0.206884 7
0 0.000000 0.422977 -1.195139 0.871409 0.185927 7
0 0.254823 1.875952 0.837010 0.729689 0.147950 7
0 0.833110 0.452991 -0.957605 0.814836 0.130915 7
0 0.844167 0.347311 0.111731 0.787897 0.050282 7
0 0.618334 -0.026003 -0.457430 0.857138 0.091219 7
0 1.124879 0.823105 0.236740 0.713784 0.050862 7
0 0.000000 1.855242 -0.291576 0.720773 0.234492 7
0 0.000000 1.835756 0.691228 0.768261 0.158340 7
0 0.558154 0.884358 1.300661 0.636335 0.048117 7
0 1.124879 0.823105 0.236740 0.506500 0.119853 7
0 0.939882 0.564382 0.684408 0.543216 0.047489 7
0 0.139939 1.019295 1.196023 0.695877 0.036140 7
0 0.750133 1.733295 0.697090 0.830672 0.150349 7
0 0.000000 1.207141 0.980654 0.793241 0.089414 7
0 -0.849523 1.079257 0.623415 0.838354 0.025023 7
0 -0.277223 1.508471 1.312941 0.702791 0.020754 7
0 -0.139938 1.019295 1.196023 0.721546 0.034386 7
0 -0.871975 0.676990 0.356505 0.891554 0.017108 7
0 -1.124879 0.823105 0.236740 0.912799 0.024578 7
0 -0.558153 0.884358 1.300661 0.781089 0.037532 7
0 -0.750132 1.733295 0.697090 0.656300 0.154490 7
0 -1.268307 1.355406 0.609897 0.590796 0.112715 7
0 -0.277223 1.508471 1.312941 0.720469 0.086269 7
0 -1.333251 1.201999 -0.139151 0.703984 0.093720 7
0 -1.268307 1.355406 0.609897 0.811728 0.087814 7
0 -0.890774 1.929258 -0.311170 0.720939 0.160390 7
0 -0.298757 2.021343 -0.367955 0.722735 0.206884 7
0 -0.784542 1.334914 -0.889635 0.756235 0.161957 7
0 -0.833110 0.452991 -0.957605 0.814836 0.130915 7
0 -0.254822 1.875952 0.837010 0.729689 0.147950 7
0 -0.844166 0.347311 0.111731 0.787897 0.050282 7
0 -0.618334 -0.026003 -0.457430 0.857138 0.091219 7
0 -1.124879 0.823105 0.236740 0.713784 0.050862 7
0 -0.558153 0.884358 1.300661 0.636335 0.048117 7
0 -1.124879 0.823105 0.236740 0.506500 0.119853 7
0 -0.939881 0.564382 0.684408 0.543216 0.047489 7
0 -0.139938 1.019295 1.196023 0.695877 0.036140 7
0 -0.750132 1.733295 0.697090 0.830672 0.150349 7
0 0.782852 1.852122 -0.625663 0.644804 0.192631 7
0 0.782852 2.246643 -0.625663 0.601065 0.192631 7
0 1.124516 2.049383 -0.853439 0.622934 0.146361 7
0 1.124516 1.654864 -0.625663 0.601065 0.192631 7
0 1.466180 1.852122 -0.625663 0.557326 0.192631 7
0 1.124516 2.049383 -0.853439 0.579195 0.146361 7
0 1.466180 2.246643 -0.625663 0.513587 0.192631 7
0 1.124516 2.049383 -0.853439 0.535456 0.146361 7
0 1.124516 2.443901 -0.625663 0.557326 0.192631 7
0 0.782852 2.246643 -0.170112 0.601065 0.238901 7
0 0.782852 1.852122 -0.170112 0.644804 0.238901 7
0 1.124516 2.049383 0.057664 0.622934 0.285170 7
0 1.124516 1.654864 -0.170112 0.601065 0.238901 7
0 1.124516 2.049383 0.057664 0.622934 0.285170 7
0 1.466180 1.852122 -0.170112 0.557326 0.238901 7
0 1.124516 2.049383 0.057664 0.579195 0.285170 7
0 1.466180 2.246643 -0.170112 0.513587 0.238901 7
0 1.124516 2.049383 0.057664 0.535456 0.285170 7
0 1.124516 2.443901 -0.170112 0.557326 0.238901 7
0 0.871975 0.676990 0.356505 0.407022 0.495149 7
0 0.845514 0.142082 0.356505 0.407756 0.405071 7
0 -0.871975 0.676990 0.356505 0.407022 0.495149 7
0 -0.845513 0.142082 0.356505 0.407756 0.405071 7
0 0.939882 0.564382 0.684408 0.874207 0.037367 7
0 0.254823 1.875952 0.837010 0.856698 0.201114 7
0 0.000000 -0.158226 -0.488045 0.923867 0.119388 7
0 0.000000 1.835756 0.691228 0.852500 0.226908 7
0 -0.939881 0.564382 0.684408 0.874207 0.037367 7
0 -0.254822 1.875952 0.837010 0.856698 0.201114 7
0 0.338017 0.172386 -0.081289 0.609157 0.415079 26
0 0.182972 0.090135 -0.432110 0.644840 0.392735 26
0 0.019391 0.397815 -0.062774 0.609160 0.392737 26
0 0.184599 0.087098 0.244319 0.574868 0.392736 26
0 0.338017 0.172386 -0.081289 0.540579 0.415079 26
0 0.348169 -0.220584 -0.066219 0.540576 0.392733 26
0 0.182972 0.090135 -0.432110 0.504895 0.392735 26
0 -0.270411 -0.052193 0.490532 0.614808 0.476815 29
0 -0.517165 -0.412942 0.364198 0.666715 0.478567 29
0 -0.439801 -0.759544 0.545578 0.630744 0.429711 29
0 -0.076888 -0.361757 0.472825 0.612387 0.478493 29
0 -0.708655 -0.096708 -0.402383 0.653470 0.565582 29
0 -0.759565 -0.181924 0.290513 0.661524 0.495776 29
0 -0.076888 -0.361757 0.472825 0.894632 0.478493 29
0 -0.517165 -0.412942 0.364198 0.840304 0.478567 29
0 -0.552091 -0.416581 -0.573200 0.852417 0.581775 29
0 -2.024432 -1.087016 0.198266 0.928930 0.507629 27
0 0.171128 -0.148028 -0.075391 0.931992 0.530462 29
0 -2.024432 -1.087016 0.198266 0.578088 0.507629 27
0 -0.019953 0.210271 -0.073406 0.572659 0.530274 29
0 -2.026359 -1.085278 -0.279249 0.573928 0.552896 27
0 -2.026359 -1.085278 -0.279249 0.933091 0.552896 27
0 -0.552091 -0.416581 -0.573200 0.654601 0.581775 29
0 -1.320012 -0.793681 -0.424710 0.753509 0.567699 29
0 -0.439801 -0.759544 0.545578 0.874030 0.431525 29
0 -0.441836 0.135434 -0.037876 0.448752 0.802755 27
0 -0.369448 -0.207825 0.282100 0.411090 0.794738 27
0 -1.846826 -0.992758 0.234338 0.411090 0.845316 26
0 -0.125895 -0.455793 -0.041168 0.373427 0.802870 27
0 -1.480004 -0.891556 0.296358 0.753509 0.495222 29
0 -2.204507 -0.838675 -0.064738 0.448753 0.832970 26
0 -1.920502 -1.372777 -0.067499 0.373427 0.832971 26
0 -0.374116 -0.205707 -0.370535 0.334247 0.794480 27
0 -0.167403 -0.098276 -0.383329 0.334245 0.813688 27
0 -0.167403 -0.098276 -0.383329 0.487934 0.813687 27
0 -0.374116 -0.205707 -0.370535 0.487932 0.794480 27
0 -2.063492 -1.104280 -0.385774 0.334251 0.832954 26
0 -2.063492 -1.104280 -0.385774 0.487928 0.832954 26
0 -0.338183 0.172480 -0.081290 0.609157 0.415079 10
0 -0.019558 0.397907 -0.062775 0.609160 0.392737 10
0 -0.183139 0.090229 -0.432111 0.644840 0.392735 10
0 -0.184766 0.087193 0.244318 0.574868 0.392736 10
0 -0.338183 0.172480 -0.081290 0.540579 0.415079 10
0 -0.348336 -0.220490 -0.066220 0.540576 0.392733 10
0 -0.183139 0.090229 -0.432111 0.504895 0.392735 10
0 0.270254 -0.052122 0.490527 0.614808 0.476815 13
0 0.439643 -0.759473 0.545574 0.630744 0.429711 13
0 0.517008 -0.412871 0.364193 0.666715 0.478567 13
0 0.076731 -0.361687 0.472821 0.612387 0.478493 13
0 0.708498 -0.096637 -0.402388 0.653470 0.565582 13
0 0.759409 -0.181853 0.290508 0.661524 0.495776 13
0 0.076731 -0.361687 0.472821 0.894632 0.478493 13
0 0.551934 -0.416511 -0.573204 0.852417 0.581775 13
0 0.517008 -0.412871 0.364193 0.840304 0.478567 13
0 2.024276 -1.086921 0.198264 0.928930 0.507629 11
0 -0.171284 -0.147956 -0.075396 0.931992 0.530462 13
0 2.024276 -1.086921 0.198264 0.578088 0.507629 11
0 0.019797 0.210344 -0.073410 0.572659 0.530274 13
0 2.026202 -1.085180 -0.279251 0.573928 0.552896 11
0 2.026202 -1.085180 -0.279251 0.933091 0.552896 11
0 0.551934 -0.416511 -0.573204 0.654601 0.581775 13
0 1.319855 -0.793612 -0.424714 0.753509 0.567699 13
0 0.439643 -0.759473 0.545574 0.874030 0.431525 13
0 0.441682 0.135534 -0.037878 0.448752 0.802755 11
0 1.846658 -0.992665 0.234337 0.411090 0.845316 10
0 0.369293 -0.207727 0.282098 0.411090 0.794738 11
0 0.125741 -0.455695 -0.041169 0.373427 0.802870 11
0 1.479847 -0.891484 0.296353 0.753509 0.495222 13
0 2.204339 -0.838580 -0.064739 0.448753 0.832970 10
0 1.920334 -1.372684 -0.067499 0.373427 0.832971 10
0 0.373962 -0.205608 -0.370536 0.334247 0.794480 11
0 0.167249 -0.098179 -0.383331 0.334245 0.813688 11
0 0.373962 -0.205608 -0.370536 0.487932 0.794480 11
0 0.167249 -0.098179 -0.383331 0.487934 0.813687 11
0 2.063324 -1.104186 -0.385775 0.334251 0.832954 10
0 2.063324 -1.104186 -0.385775 0.487928 0.832954 10
0 -0.374601 0.219722 -0.060220 0.609160 0.304689 26
0 -0.198104 -0.112230 -0.459443 0.644836 0.304689 26
0 -0.198104 -0.112230 -0.459443 0.504899 0.304689 26
0 -0.019782 -0.447605 -0.063868 0.540576 0.304689 26
0 -0.019953 0.210271 -0.073406 0.448752 0.696406 29
0 -2.024432 -1.087016 0.198266 0.411089 0.696412 27
0 -1.785140 -0.959787 0.199075 0.411089 0.709896 27
0 -1.882279 -0.779167 -0.040609 0.448752 0.709830 27
0 -1.786950 -0.957974 -0.280030 0.487923 0.709845 27
0 -2.026359 -1.085278 -0.279249 0.487922 0.696407 27
0 -1.690454 -1.139040 -0.042598 0.373427 0.709859 27
0 0.171128 -0.148028 -0.075391 0.373427 0.696408 29
0 -2.026359 -1.085278 -0.279249 0.334256 0.696407 27
0 -1.786950 -0.957974 -0.280030 0.334256 0.709845 27
0 -0.193828 -0.114268 0.282110 0.574867 0.304689 26
0 -0.374601 0.219722 -0.060220 0.448754 0.929688 26
0 -0.198104 -0.112230 -0.459443 0.487937 0.929688 26
0 -0.198104 -0.112230 -0.459443 0.334242 0.929688 26
0 -0.019782 -0.447605 -0.063868 0.373427 0.929688 26
0 -0.193828 -0.114268 0.282110 0.411090 0.929688 26
0 0.374434 0.219814 -0.060220 0.609160 0.304689 10
0 0.197937 -0.112138 -0.459443 0.644836 0.304689 10
0 0.197937 -0.112138 -0.459443 0.504899 0.304689 10
0 0.019614 -0.447512 -0.063868 0.540576 0.304689 10
0 0.019797 0.210344 -0.073410 0.448752 0.696406 13
0 1.882124 -0.779068 -0.040611 0.448752 0.709830 11
0 1.784984 -0.959689 0.199074 0.411089 0.709896 11
0 2.024276 -1.086921 0.198264 0.411089 0.696412 11
0 1.786794 -0.957877 -0.280032 0.487923 0.709845 11
0 2.026202 -1.085180 -0.279251 0.487922 0.696407 11
0 1.690298 -1.138942 -0.042599 0.373427 0.709859 11
0 1.786794 -0.957877 -0.280032 0.334256 0.709845 11
0 2.026202 -1.085180 -0.279251 0.334256 0.696407 11
0 -0.171284 -0.147956 -0.075396 0.373427 0.696408 13
0 0.193661 -0.114175 0.282110 0.574867 0.304689 10
0 0.197937 -0.112138 -0.459443 0.487937 0.929688 10
0 0.374434 0.219814 -0.060220 0.448754 0.929688 10
0 0.019614 -0.447512 -0.063868 0.373427 0.929688 10
0 0.197937 -0.112138 -0.459443 0.334242 0.929688 10
0 0.193661 -0.114175 0.282110 0.411090 0.929688 10
0 -0.037428 -0.008584 0.582681 0.103235 0.334510 42
0 -0.038538 0.770969 0.563761 0.103413 0.381754 42
0 -0.557878 -3.987398 0.252861 0.035048 0.335794 41
0 0.419923 -3.985198 0.236324 0.162082 0.335954 41
0 -0.029189 -0.500232 0.432765 0.103369 0.298713 42
0 -0.114018 -0.213514 0.380033 0.396724 0.139305 43
0 -0.371175 -0.839611 0.639204 0.372402 0.093271 43
0 0.237309 -0.840898 0.637640 0.418608 0.090287 43
0 -0.362332 -0.049773 0.042029 0.378120 0.156353 43
0 -0.545638 -1.351259 0.448968 0.345369 0.077236 43
0 -0.119031 -0.302469 -0.480177 0.330758 0.165709 43
0 -0.126864 0.078219 -0.245177 0.367333 0.175589 43
0 -0.114571 -1.388776 1.902043 0.389164 0.011434 43
0 0.102921 -0.048077 0.032379 0.416548 0.154419 43
0 -0.119031 -0.302469 -0.480177 0.463777 0.160975 43
0 -0.126864 0.078219 -0.245177 0.427730 0.172713 43
0 0.192477 -1.112328 -0.038010 0.471519 0.112199 43
0 0.411817 -1.350773 0.447452 0.443506 0.071598 43
0 0.542120 -1.211370 -0.184049 0.162082 0.246628 42
0 -0.136666 -0.876545 -0.764781 0.224630 0.283875 42
0 -0.632104 -1.212318 -0.164491 0.289099 0.246572 42
0 -0.557878 -3.987398 0.252861 0.289100 0.335794 41
0 -0.114571 -1.388776 1.902043 0.027498 0.029952 43
0 -0.545638 -1.351259 0.448968 0.085077 0.006992 43
0 0.411817 -1.350773 0.447452 0.085269 0.057502 43
0 -0.632104 -1.212318 -0.164491 0.035067 0.246572 42
0 -0.195493 -1.388767 -0.150997 0.141603 0.011067 43
0 -0.096462 -1.388782 -0.383979 0.164127 0.029405 43
0 0.017322 -1.388767 -0.150997 0.141754 0.050659 43
0 -0.136666 -0.876545 -0.764781 0.224630 0.292517 42
0 -0.557878 -3.987398 0.252861 0.289100 0.350657 41
0 -0.058860 -4.164724 -0.313382 0.224630 0.344530 41
0 0.419923 -3.985198 0.236324 0.162082 0.350817 41
0 -0.115099 -0.738423 -0.670997 0.488776 0.140200 43
0 -0.358893 -1.112330 -0.038010 0.320627 0.118922 43
0 -0.115099 -0.738423 -0.670997 0.305156 0.145710 43
0 0.796583 -0.421124 -0.653514 0.224629 0.450561 40
0 0.796583 -0.023827 0.081126 0.225270 0.450694 40
0 1.581065 -0.420871 0.183497 0.162082 0.450562 40
0 0.057516 -0.421587 0.206741 0.289099 0.450560 40
0 0.790423 -0.419851 0.816871 0.104231 0.450573 40
0 0.796583 -0.023827 0.081126 0.069644 0.450700 40
0 0.057516 -0.421587 0.206741 0.035055 0.450560 40
0 0.037428 -0.009768 0.582599 0.103235 0.334510 45
0 0.557877 -3.987371 0.252861 0.035048 0.335794 44
0 0.038538 0.769787 0.563678 0.103413 0.381754 45
0 -0.419924 -3.985172 0.236325 0.162082 0.335954 44
0 0.029189 -0.501414 0.432683 0.103369 0.298713 45
0 0.114017 -0.213511 0.380031 0.396724 0.139305 46
0 -0.237310 -0.840895 0.637638 0.418608 0.090287 46
0 0.371174 -0.839609 0.639202 0.372402 0.093271 46
0 0.362331 -0.049770 0.042028 0.378120 0.156353 46
0 0.545637 -1.351256 0.448967 0.345369 0.077236 46
0 0.119030 -0.302466 -0.480179 0.330758 0.165709 46
0 0.126864 0.078222 -0.245179 0.367333 0.175589 46
0 0.114569 -1.388774 1.902042 0.389164 0.011434 46
0 -0.102922 -0.048075 0.032377 0.416548 0.154419 46
0 0.126864 0.078222 -0.245179 0.427730 0.172713 46
0 0.119030 -0.302466 -0.480179 0.463777 0.160975 46
0 -0.192478 -1.112326 -0.038012 0.471519 0.112199 46
0 -0.411818 -1.350771 0.447451 0.443506 0.071598 46
0 -0.542120 -1.212553 -0.184132 0.162082 0.246628 45
0 0.136665 -0.877728 -0.764864 0.224630 0.283875 45
0 0.557877 -3.987371 0.252861 0.289100 0.335794 44
0 0.632104 -1.213501 -0.164573 0.289099 0.246572 45
0 0.114569 -1.388774 1.902042 0.027498 0.029952 46
0 -0.411818 -1.350771 0.447451 0.085269 0.057502 46
0 0.545637 -1.351256 0.448967 0.085077 0.006992 46
0 0.632104 -1.213501 -0.164573 0.035067 0.246572 45
0 0.195492 -1.388765 -0.150998 0.141603 0.011067 46
0 -0.017323 -1.388765 -0.150998 0.141754 0.050659 46
0 0.096461 -1.388780 -0.383981 0.164127 0.029405 46
0 0.136665 -0.877728 -0.764864 0.224630 0.292517 45
0 0.058859 -4.164699 -0.313382 0.224630 0.344530 44
0 0.557877 -3.987371 0.252861 0.289100 0.350657 44
0 -0.419924 -3.985172 0.236325 0.162082 0.350817 44
0 0.115098 -0.738420 -0.670999 0.488776 0.140200 46
0 0.358893 -1.112328 -0.038012 0.320627 0.118922 46
0 0.115098 -0.738420 -0.670999 0.305156 0.145710 46
0 -0.796583 -0.421123 -0.653514 0.224629 0.450561 40
0 -1.581065 -0.420869 0.183497 0.162082 0.450562 40
0 -0.796583 -0.023825 0.081126 0.225270 0.450694 40
0 -0.057516 -0.421585 0.206741 0.289099 0.450560 40
0 -0.790423 -0.419849 0.816871 0.104231 0.450573 40
0 -0.057516 -0.421585 0.206741 0.035055 0.450560 40
0 -0.796583 -0.023825 0.081126 0.069644 0.450700 40
0 -0.786556 -1.647144 0.197423 0.289099 0.432669 41
0 -0.057596 -1.647025 -0.612374 0.224629 0.432753 41
0 -0.358893 -1.112330 -0.038010 0.141603 0.011067 43
0 0.192477 -1.112328 -0.038010 0.141754 0.050659 43
0 -0.114018 -0.213514 0.380033 0.102411 0.070947 43
0 0.102921 -0.048077 0.032379 0.162082 0.071166 43
0 0.171402 -3.780805 -0.156088 0.162082 0.100890 42
0 -0.091100 -3.811586 0.177491 0.102680 0.100887 42
0 -0.126864 0.078219 -0.245177 0.224624 0.070960 43
0 -0.104840 -3.759082 -0.460603 0.224626 0.100890 42
0 -0.362332 -0.049773 0.042029 0.289098 0.071166 43
0 -0.388001 -3.783221 -0.139142 0.289098 0.100890 42
0 -0.362332 -0.049773 0.042029 0.035081 0.071166 43
0 -0.388001 -3.783221 -0.139142 0.035078 0.100890 42
0 0.696494 -1.647092 0.174182 0.162082 0.432757 41
0 -0.115099 -0.738423 -0.670997 0.164127 0.029405 43
0 -0.038538 0.770969 0.563761 0.103413 0.396617 42
0 -0.054561 -1.646925 0.844194 0.103951 0.432868 41
0 -0.557878 -3.987398 0.252861 0.035048 0.350657 41
0 -0.786556 -1.647144 0.197423 0.035053 0.432669 41
0 0.057595 -1.646998 -0.612374 0.224629 0.432753 44
0 0.786556 -1.647118 0.197423 0.289099 0.432669 44
0 0.358893 -1.112328 -0.038012 0.141603 0.011067 46
0 -0.192478 -1.112326 -0.038012 0.141754 0.050659 46
0 0.114017 -0.213511 0.380031 0.102411 0.070947 46
0 0.091098 -3.812769 0.177408 0.102680 0.100887 45
0 -0.171403 -3.781988 -0.156170 0.162082 0.100890 45
0 -0.102922 -0.048075 0.032377 0.162082 0.071166 46
0 0.104838 -3.760265 -0.460686 0.224626 0.100890 45
0 0.126864 0.078222 -0.245179 0.224624 0.070960 46
0 0.388000 -3.784404 -0.139224 0.289098 0.100890 45
0 0.362331 -0.049770 0.042028 0.289098 0.071166 46
0 0.362331 -0.049770 0.042028 0.035081 0.071166 46
0 0.388000 -3.784404 -0.139224 0.035078 0.100890 45
0 -0.696495 -1.647065 0.174182 0.162082 0.432757 44
0 0.115098 -0.738420 -0.670999 0.164127 0.029405 46
0 0.038538 0.769787 0.563678 0.103413 0.396617 45
0 0.054561 -1.646898 0.844194 0.103951 0.432868 44
0 0.557877 -3.987371 0.252861 0.035048 0.350657 44
0 0.786556 -1.647118 0.197423 0.035053 0.432669 44
380
0.000000 0.383799 0.923417
0.000000 0.977416 -0.211323
-0.091377 0.975802 -0.198646
0.000000 0.308449 -0.951241
-0.731357 0.399347 -0.552846
0.000002 0.996950 0.078047
0.738129 0.200426 0.644201
0.027029 0.990521 0.134679
-0.000006 0.945419 -0.325856
-0.524353 0.793104 0.309902
0.177785 0.819653 0.544574
0.729954 0.160237 -0.664448
0.287887 0.937417 0.195885
-0.688989 0.056061 0.722600
-0.065910 -0.970209 0.233130
0.000000 -0.827546 0.561397
-0.196092 -0.868065 -0.456081
0.000006 0.277972 0.960589
-0.079476 -0.610284 0.788186
0.000000 0.568162 0.822916
-0.898917 -0.352666 0.259951
-0.536830 -0.571406 0.620732
0.000000 0.907384 0.420304
0.000000 -0.464019 -0.885825
-0.000000 0.994053 0.108900
0.091377 0.975802 -0.198646
0.731357 0.399348 -0.552845
-0.738129 0.200426 0.644201
-0.027028 0.990521 0.134679
-0.177781 0.819657 0.544570
0.524355 0.793103 0.309904
-0.729954 0.160237 -0.664448
-0.295471 0.939544 0.173073
0.688989 0.056061 0.722600
0.065910 -0.970209 0.233131
0.196092 -0.868066 -0.456081
0.544157 -0.543500 0.639141
0.921339 -0.337309 0.193279
0.624940 -0.394490 -0.673667
-0.003059 -0.998046 -0.062407
-0.624940 -0.394490 -0.673667
0.000000 -0.588850 -0.808243
0.000000 -0.065354 -0.997862
0.997127 0.014953 0.074256
-0.000000 0.072515 0.997367
-0.997127 0.014953 0.074256
-0.130336 0.540419 -0.831240
-0.112247 0.562370 -0.819232
-0.130324 0.540434 -0.831232
-0.165370 0.495979 -0.852442
0.130336 0.540419 -0.831240
0.130324 0.540434 -0.831232
0.112247 0.562370 -0.819232
0.165370 0.495979 -0.852442
0.988550 0.010100 0.150555
-0.390581 0.307104 0.867833
-0.262111 -0.958408 0.112920
-0.254855 -0.357621 -0.898419
0.301979 0.511264 -0.804623
-0.383862 0.912639 -0.140501
-0.996195 -0.074847 -0.044655
-0.988550 0.010100 0.150555
0.262111 -0.958409 0.112920
0.390581 0.307104 0.867833
-0.301979 0.511264 -0.804623
0.254855 -0.357620 -0.898419
0.383862 0.912639 -0.140501
0.996195 -0.074847 -0.044655
-0.256186 -0.246054 0.934787
-0.256077 -0.245950 0.934844
-0.000004 -0.080196 0.996779
-0.495483 -0.475888 0.726655
0.256070 -0.245943 0.934848
0.495483 -0.475888 0.726655
0.256185 -0.246054 0.934787
-0.988550 0.085808 -0.124120
0.390581 0.708360 -0.587939
0.262111 -0.765213 -0.588002
0.254855 -0.767413 0.588326
-0.301979 0.026825 0.952937
0.383862 0.711775 0.588239
0.996195 -0.087156 -0.000000
0.988550 0.085810 -0.124120
-0.262111 -0.765213 -0.588002
-0.390581 0.708360 -0.587939
0.301979 0.026825 0.952937
-0.254855 -0.767412 0.588326
-0.383862 0.711775 0.588239
-0.996195 -0.087155 -0.000000
0.544087 0.660029 -0.518006
0.755850 0.651984 -0.060059
0.000023 0.781066 -0.624448
-0.544039 0.660073 -0.518000
-0.755802 0.652045 -0.060006
-0.603983 -0.428095 0.672265
0.000045 0.641326 -0.767269
-0.545766 -0.715433 0.436228
0.000000 0.176233 -0.984348
0.604629 -0.428188 0.671624
0.545804 -0.715465 0.436129
-0.528924 0.101478 0.842581
-0.560896 0.090782 0.822894
-0.439832 0.269995 0.856534
-0.407025 0.308461 0.859757
0.000000 0.042107 0.999113
0.000000 0.072287 0.997384
0.528924 0.101479 0.842580
0.407025 0.308461 0.859757
0.439832 0.269995 0.856534
0.560896 0.090782 0.822894
-0.783484 0.419648 0.458310
-0.469989 -0.647700 -0.599663
0.163408 -0.479677 0.862095
0.983430 -0.181092 -0.008407
0.190893 0.883976 -0.426785
-0.281784 0.315908 0.905980
0.579551 0.659370 0.478907
0.940414 -0.239292 0.241579
0.784806 0.418646 0.456963
-0.162631 -0.478834 0.862710
0.467980 -0.648832 -0.600010
-0.983734 -0.179485 -0.007244
-0.189880 0.884308 -0.426551
-0.579215 0.659696 0.478864
0.281599 0.315302 0.906249
-0.940753 -0.238563 0.240980
-0.289159 0.155793 -0.944519
-0.662257 0.505472 0.553095
-0.500048 0.398677 0.768771
-0.082327 0.390989 -0.916706
0.894852 -0.425289 0.135534
0.682914 -0.711459 0.165694
0.009392 0.409019 -0.912478
0.860916 -0.498371 0.102228
-0.610383 0.097086 0.786134
0.892375 -0.431482 0.132252
-0.237567 0.627053 -0.741867
-0.731684 0.059375 0.679053
0.288854 0.154844 -0.944768
0.082939 0.390455 -0.916878
0.501078 0.397891 0.768507
0.663529 0.504349 0.552596
-0.895570 -0.423452 0.136537
-0.684331 -0.710003 0.166093
-0.861765 -0.496909 0.102190
-0.008484 0.409028 -0.912482
0.610846 0.096176 0.785886
-0.892953 -0.430426 0.131789
0.238647 0.627044 -0.741528
0.731500 0.058444 0.679332
0.777123 -0.448685 -0.441317
-0.000000 0.000001 -1.000000
0.777133 0.448669 -0.441317
-0.000009 -0.897351 -0.441317
-0.777133 -0.448669 -0.441317
-0.777123 0.448685 -0.441317
0.000010 0.897351 -0.441317
0.777124 0.448685 0.441317
-0.000000 0.000001 1.000000
0.777133 -0.448669 0.441317
0.000009 -0.897351 0.441317
-0.777123 -0.448685 0.441317
-0.777133 0.448669 0.441317
-0.000009 0.897351 0.441317
0.461823 0.880219 0.109248
0.455248 -0.887308 0.073720
0.944121 0.059155 -0.324248
0.760911 -0.424001 -0.491159
0.753255 -0.160274 0.637902
0.876649 -0.443911 0.185552
0.792810 -0.452891 0.407850
0.560184 -0.758000 -0.334111
0.000000 0.227751 0.973719
0.760477 -0.076001 0.644901
0.000000 0.013050 0.999915
-0.362463 -0.860131 0.358881
-0.000000 -0.883043 0.469292
0.000000 0.235662 0.971835
0.000000 -0.151577 0.988446
0.000000 -0.888978 -0.457950
0.811211 -0.551303 0.194940
-0.461822 0.880219 0.109249
-0.944121 0.059155 -0.324247
-0.455248 -0.887308 0.073720
-0.760911 -0.424001 -0.491159
-0.753255 -0.160273 0.637902
-0.876649 -0.443911 0.185552
-0.792810 -0.452891 0.407850
-0.560184 -0.758000 -0.334111
-0.760478 -0.076001 0.644901
0.362462 -0.860131 0.358881
-0.811211 -0.551303 0.194941
-0.922227 -0.382641 0.055530
-0.207674 0.313517 0.926595
0.148374 -0.708901 0.689525
0.460311 0.796653 0.391737
0.888940 0.232761 0.394471
0.982617 0.020603 -0.184497
0.515651 0.815647 -0.262346
0.513478 0.344648 -0.785849
0.000000 0.439344 -0.898319
-0.120753 0.950323 -0.286887
-0.000000 -0.358772 -0.933425
-0.022255 0.912461 0.408558
0.639343 -0.371324 -0.673319
0.000000 0.979566 -0.201123
0.000000 0.954100 0.299489
-0.033147 -0.999424 0.007238
0.207674 0.313517 0.926595
0.922227 -0.382641 0.055530
-0.148374 -0.708901 0.689525
-0.460311 0.796653 0.391737
-0.888940 0.232761 0.394471
-0.982617 0.020603 -0.184497
-0.515651 0.815646 -0.262346
0.120753 0.950324 -0.286887
-0.513478 0.344648 -0.785849
-0.639343 -0.371324 -0.673319
0.022255 0.912461 0.408558
0.033146 -0.999424 0.007238
-0.777123 -0.448685 -0.441317
-0.777133 0.448669 -0.441317
-0.000000 0.000001 -1.000000
0.000009 -0.897351 -0.441317
0.777133 -0.448669 -0.441317
0.777123 0.448685 -0.441317
-0.000009 0.897351 -0.441317
-0.777124 0.448685 0.441317
-0.777133 -0.448669 0.441317
-0.000000 0.000001 1.000000
-0.000009 -0.897351 0.441317
0.777123 -0.448685 0.441317
0.777133 0.448669 0.441317
0.000010 0.897351 0.441317
0.881780 0.471651 0.002996
0.409586 0.222465 -0.884731
-0.000599 0.999239 0.038990
0.419901 0.214146 0.881944
0.827509 -0.560457 0.033429
0.219574 0.690931 0.688769
-0.200264 -0.738359 0.643988
-0.256121 -0.934770 0.246184
0.995196 -0.075687 -0.062095
-0.256787 0.127311 -0.958046
-0.505138 0.657047 0.559575
-0.444972 -0.157388 0.881606
0.894922 0.444572 0.038336
0.856414 0.438177 -0.273051
0.836157 0.524426 -0.160680
0.881315 0.471913 -0.024125
-0.659397 -0.488475 -0.571479
-0.571705 -0.800589 -0.179471
-0.753091 -0.396565 -0.524967
0.143680 -0.939597 0.310666
-0.980937 0.005695 -0.194245
-0.739206 -0.513471 0.435800
-0.939158 -0.102206 0.327926
-0.576756 -0.706089 0.410842
-0.058330 -0.019397 -0.998109
-0.799191 -0.490287 0.347726
-0.805188 -0.430278 -0.408084
-0.881780 0.471652 0.002996
0.000599 0.999239 0.038990
-0.409586 0.222468 -0.884730
-0.419900 0.214148 0.881944
-0.827509 -0.560456 0.033430
-0.219511 0.690987 0.688732
0.256121 -0.934770 0.246185
0.200265 -0.738360 0.643986
-0.995201 -0.075676 -0.062028
0.256832 0.127246 -0.958043
0.505138 0.657047 0.559576
0.445168 -0.157304 0.881522
-0.894927 0.444564 0.038316
-0.856438 0.438154 -0.273012
-0.836221 0.524333 -0.160650
-0.881335 0.471878 -0.024086
0.659396 -0.488478 -0.571478
0.571712 -0.800588 -0.179457
-0.143461 -0.939544 0.310927
0.753065 -0.396617 -0.524965
0.980935 0.005702 -0.194252
0.739208 -0.513470 0.435799
0.939142 -0.102201 0.327976
0.576789 -0.706085 0.410803
0.058330 -0.019396 -0.998109
0.799160 -0.490344 0.347715
0.805217 -0.430228 -0.408080
-0.454836 0.889652 0.040538
0.009613 0.010836 -0.999895
0.484020 -0.874401 0.033877
-0.032380 -0.022789 0.999216
-0.984589 -0.149007 -0.091553
-0.020793 -0.031896 -0.999275
-0.701218 -0.710953 -0.053284
0.026816 0.005072 0.999627
0.454836 0.889652 0.040537
-0.009613 0.010834 -0.999895
-0.484020 -0.874401 0.033877
0.984593 -0.148990 -0.091539
0.032425 -0.022706 0.999216
0.020809 -0.031876 -0.999275
0.701269 -0.710893 -0.053404
-0.026816 0.005072 0.999628
0.047277 0.007804 0.998851
0.071870 -0.997337 -0.012382
0.210775 -0.860496 -0.463812
0.127977 -0.978614 0.161048
-0.080289 -0.330901 0.940244
-0.036995 0.908870 0.415436
-0.672929 0.501562 0.543693
0.701512 0.513535 0.494128
-0.365995 0.930614 0.002328
-0.777595 -0.619401 -0.108114
-0.014070 0.327827 -0.944633
-0.018680 0.992626 -0.119771
-0.030564 -0.205016 0.978281
0.283534 0.958745 0.020386
0.808906 -0.448402 -0.380272
0.794362 -0.596116 -0.116769
-0.457210 -0.428887 0.779112
-0.059523 0.908132 -0.414432
0.485180 -0.437394 0.757157
-0.520912 -0.784784 0.335803
0.026432 -0.710174 -0.703530
0.568299 -0.772143 0.284309
-0.520841 0.837565 0.164954
-0.030090 0.084347 -0.995982
-0.822623 -0.471467 -0.317821
0.166511 0.340609 -0.925343
-0.011271 0.999358 -0.034007
0.980630 0.186016 0.061337
-0.714062 0.695537 0.079653
0.149219 0.379876 0.912923
-0.047276 0.007801 0.998851
-0.211721 -0.859410 -0.465391
-0.071911 -0.997334 -0.012359
-0.127536 -0.978830 0.160084
0.080285 -0.330903 0.940243
0.036998 0.908869 0.415438
-0.701512 0.513535 0.494128
0.672929 0.501562 0.543693
0.365994 0.930614 0.002323
0.777595 -0.619401 -0.108114
0.014070 0.327827 -0.944633
0.018681 0.992626 -0.119771
0.030565 -0.205017 0.978281
-0.283534 0.958746 0.020381
-0.808906 -0.448402 -0.380272
-0.794362 -0.596116 -0.116769
0.456990 -0.428591 0.779404
0.059530 0.908126 -0.414445
-0.485009 -0.437137 0.757415
0.520912 -0.784784 0.335804
-0.568299 -0.772143 0.284309
-0.026432 -0.710174 -0.703530
0.518386 0.838944 0.165677
0.030090 0.084347 -0.995982
0.822623 -0.471467 -0.317821
-0.166513 0.340607 -0.925343
-0.980631 0.186012 0.061337
0.011271 0.999358 -0.034007
0.714058 0.695540 0.079653
-0.149221 0.379874 0.912923
-0.974497 0.219545 0.046416
-0.146053 0.017736 -0.989118
0.325178 -0.945609 0.009057
-0.284162 -0.874895 0.392188
0.002523 -0.902257 -0.431191
-0.321291 -0.895148 0.309003
0.866789 -0.478491 0.140443
0.040251 0.009243 0.999147
0.146055 0.017738 -0.989117
0.974497 0.219549 0.046416
0.284203 -0.874883 0.392185
-0.325175 -0.945610 0.009066
-0.002530 -0.902256 -0.431192
0.321286 -0.895138 0.309036
-0.866776 -0.478513 0.140447
-0.040418 0.008960 0.999143
658
0 0 1 2 0 1 2 0
0 3 4 5 3 4 5 0
0 6 2 7 6 2 7 0
0 4 3 8 4 3 8 0
0 5 9 10 5 9 10 0
0 4 9 5 4 9 5 0
0 11 6 7 11 6 7 0
0 11 7 12 11 7 12 0
0 13 14 15 13 14 15 0
0 4 13 16 4 13 9 0
0 13 17 18 13 10 9 0
0 19 13 4 16 13 4 0
0 19 14 13 16 14 13 0
0 0 2 6 0 2 6 0
0 15 20 13 15 17 13 0
0 21 22 23 12 18 19 0
0 24 25 26 2 20 7 0
0 27 28 29 12 20 21 0
0 30 31 11 22 23 11 0
0 19 4 8 16 4 8 0
0 32 33 34 24 10 17 0
0 13 20 17 13 17 10 0
0 0 35 1 0 25 1 0
0 3 5 36 3 5 26 0
0 37 38 35 27 28 25 0
0 36 8 3 26 8 3 0
0 5 39 40 5 29 30 0
0 36 5 40 26 5 30 0
0 41 38 37 31 28 27 0
0 41 42 38 31 32 28 0
0 43 15 44 33 15 34 0
0 36 45 43 26 30 33 0
0 43 46 47 33 30 29 0
0 48 36 43 35 26 33 0
0 48 43 44 35 33 34 0
0 0 37 35 0 27 25 0
0 15 43 20 15 33 17 0
0 49 50 51 32 18 36 0
0 52 53 54 25 37 38 0
0 55 56 57 28 32 37 0
0 30 41 31 22 31 23 0
0 48 8 36 35 8 26 0
0 32 34 58 24 17 29 0
0 43 47 20 33 29 17 0
0 49 59 50 32 19 18 0
0 21 60 22 12 21 18 0
0 61 62 63 39 40 41 0
0 64 65 66 39 18 21 0
0 67 68 62 39 20 40 0
0 69 66 68 39 21 20 0
0 61 63 70 39 41 38 0
0 64 71 65 39 36 18 0
0 67 70 72 39 38 37 0
0 69 72 71 39 37 36 0
0 57 56 73 37 32 36 0
0 74 28 27 7 20 12 0
0 24 75 25 2 40 20 0
0 52 76 53 25 28 37 0
0 32 77 78 24 42 43 0
0 32 78 33 24 43 10 0
0 33 78 79 10 43 44 0
0 33 79 80 10 44 5 0
0 81 30 11 19 22 11 0
0 81 11 12 19 11 12 0
0 31 15 14 23 15 14 0
0 31 14 11 23 14 11 0
0 11 14 19 11 14 16 0
0 11 19 6 11 16 6 0
0 19 8 0 16 8 0 0
0 19 0 6 16 0 6 0
0 82 83 84 1 41 40 0
0 82 84 85 1 40 2 0
0 32 58 86 24 29 45 0
0 32 86 77 24 45 42 0
0 58 80 79 29 5 44 0
0 58 79 86 29 44 45 0
0 81 42 41 19 32 31 0
0 81 41 30 19 31 22 0
0 31 41 44 23 31 34 0
0 31 44 15 23 34 15 0
0 41 37 48 31 27 35 0
0 41 48 44 31 35 34 0
0 48 37 0 35 27 0 0
0 48 0 8 35 0 8 0
0 87 88 89 1 25 38 0
0 87 89 90 1 38 41 0
0 91 92 93 46 47 48 0
0 93 94 91 48 49 46 0
0 95 96 97 50 51 52 0
0 96 95 98 51 50 53 0
0 99 100 101 54 55 56 0
0 99 102 103 54 57 58 0
0 103 102 104 58 57 59 0
0 105 106 107 59 55 54 0
0 108 109 110 55 60 56 0
0 110 109 102 56 60 57 0
0 102 109 104 57 60 59 0
0 104 109 108 59 60 55 0
0 103 104 99 58 59 54 0
0 107 111 112 54 56 57 0
0 113 114 115 61 62 63 0
0 113 116 117 61 64 65 0
0 116 118 117 64 66 65 0
0 119 120 121 66 61 63 0
0 122 123 124 63 62 67 0
0 123 117 124 62 65 67 0
0 117 118 124 65 66 67 0
0 118 122 124 66 63 67 0
0 116 113 118 64 61 66 0
0 120 125 126 61 65 62 0
0 127 128 129 68 69 70 0
0 128 127 130 69 68 71 0
0 131 132 133 72 73 74 0
0 133 129 131 74 70 72 0
0 134 135 136 75 76 77 0
0 134 137 138 75 78 79 0
0 138 137 139 79 78 80 0
0 140 141 142 80 76 75 0
0 143 144 145 76 81 77 0
0 145 144 137 77 81 78 0
0 137 144 139 78 81 80 0
0 139 144 143 80 81 76 0
0 138 139 134 79 80 75 0
0 142 146 147 75 77 78 0
0 148 149 150 82 83 84 0
0 148 151 152 82 85 86 0
0 151 153 152 85 87 86 0
0 154 155 156 87 82 84 0
0 157 158 159 84 83 88 0
0 158 152 159 83 86 88 0
0 152 153 159 86 87 88 0
0 153 157 159 87 84 88 0
0 151 148 153 85 82 87 0
0 155 160 161 82 86 83 0
0 162 163 164 89 90 17 0
0 165 163 162 91 90 89 0
0 166 164 167 92 17 93 0
0 165 166 167 91 92 93 0
0 168 169 165 94 95 91 0
0 168 165 162 94 91 89 0
0 170 171 169 96 97 95 0
0 170 169 168 96 95 94 0
0 172 166 165 98 92 91 0
0 172 165 169 98 91 95 0
0 173 172 169 99 98 95 0
0 173 169 171 99 95 97 0
0 174 175 176 100 101 102 0
0 174 176 177 100 102 103 0
0 174 178 179 100 104 105 0
0 174 179 175 100 105 101 0
0 180 181 182 106 107 108 0
0 180 182 183 106 108 109 0
0 180 183 179 106 109 105 0
0 180 179 178 106 105 104 0
0 184 185 186 110 111 112 0
0 187 184 188 113 110 112 0
0 189 187 190 111 113 112 0
0 191 192 193 114 115 116 0
0 192 194 195 115 117 116 0
0 194 196 197 117 114 116 0
0 198 199 200 118 119 120 0
0 201 202 198 121 119 118 0
0 203 204 201 120 119 121 0
0 205 206 207 122 123 124 0
0 207 208 209 124 123 125 0
0 209 210 211 125 123 122 0
0 212 213 214 126 127 128 0
0 212 214 215 126 128 129 0
0 216 217 218 130 126 129 0
0 216 218 219 130 129 131 0
0 213 216 219 127 130 131 0
0 213 219 214 127 131 128 0
0 219 218 220 131 129 132 0
0 219 220 221 131 132 133 0
0 214 219 221 128 131 133 0
0 214 221 222 128 133 134 0
0 215 214 222 129 128 134 0
0 215 222 223 129 134 132 0
0 187 189 217 113 111 126 0
0 187 217 216 113 126 130 0
0 184 187 216 110 113 130 0
0 184 216 213 110 130 127 0
0 185 184 213 111 110 127 0
0 185 213 212 111 127 126 0
0 224 225 196 135 136 114 0
0 224 196 194 135 114 117 0
0 226 224 194 137 135 117 0
0 226 194 192 137 117 115 0
0 227 226 192 136 137 115 0
0 227 192 191 136 115 114 0
0 221 220 225 133 132 136 0
0 221 225 224 133 136 135 0
0 222 226 227 134 137 136 0
0 222 227 223 134 136 132 0
0 221 224 226 133 135 137 0
0 221 226 222 133 137 134 0
0 228 229 230 138 139 140 0
0 228 230 231 138 140 141 0
0 232 233 234 142 143 139 0
0 232 234 235 142 139 138 0
0 231 230 233 141 140 143 0
0 231 233 232 141 143 142 0
0 233 236 237 143 144 145 0
0 233 237 234 143 145 139 0
0 230 238 236 140 146 144 0
0 230 236 233 140 144 143 0
0 229 239 238 139 145 146 0
0 229 238 230 139 146 140 0
0 201 232 235 121 142 138 0
0 201 235 203 121 138 120 0
0 198 231 232 118 141 142 0
0 198 232 201 118 142 121 0
0 200 228 231 120 138 141 0
0 200 231 198 120 141 118 0
0 240 209 211 147 125 122 0
0 240 211 241 147 122 148 0
0 242 207 209 149 124 125 0
0 242 209 240 149 125 147 0
0 243 205 207 148 122 124 0
0 243 207 242 148 124 149 0
0 236 240 241 144 147 148 0
0 236 241 237 144 148 145 0
0 238 239 243 146 145 148 0
0 238 243 242 146 148 149 0
0 236 238 242 144 146 149 0
0 236 242 240 144 149 147 0
0 244 245 246 150 151 152 0
0 247 245 244 153 151 150 0
0 248 249 247 154 151 153 0
0 250 251 248 155 151 154 0
0 252 251 250 156 151 155 0
0 246 249 252 152 151 156 0
0 253 254 255 157 158 159 0
0 255 256 257 159 158 160 0
0 257 258 259 160 158 161 0
0 259 260 261 161 158 162 0
0 261 260 262 162 158 163 0
0 262 258 253 163 158 157 0
0 263 264 265 164 165 166 0
0 266 267 268 165 167 166 0
0 267 269 270 167 168 164 0
0 271 267 266 169 167 165 0
0 268 267 270 166 167 164 0
0 272 273 274 170 171 169 0
0 275 276 277 172 173 174 0
0 278 274 273 167 169 171 0
0 279 280 276 168 175 173 0
0 281 273 272 176 171 170 0
0 274 279 276 169 168 173 0
0 275 272 276 172 170 173 0
0 281 272 282 176 170 177 0
0 282 272 275 177 170 172 0
0 274 276 272 169 173 170 0
0 280 283 277 175 178 174 0
0 280 277 276 175 174 173 0
0 281 284 273 176 179 171 0
0 285 286 287 168 167 180 0
0 288 289 290 181 182 183 0
0 291 292 293 183 182 184 0
0 293 294 295 184 181 185 0
0 296 291 293 186 183 184 0
0 292 294 293 182 181 184 0
0 297 298 299 187 186 188 0
0 275 277 300 172 174 189 0
0 301 299 298 184 188 186 0
0 302 300 303 185 189 190 0
0 281 297 299 176 187 188 0
0 298 300 302 186 189 185 0
0 275 300 297 172 189 187 0
0 281 282 297 176 177 187 0
0 282 275 297 177 172 187 0
0 298 297 300 186 187 189 0
0 303 277 283 190 174 178 0
0 303 300 277 190 189 174 0
0 281 299 284 176 188 179 0
0 304 305 306 185 191 184 0
0 307 308 309 175 192 193 0
0 307 309 310 175 193 178 0
0 311 312 307 168 180 175 0
0 313 308 307 194 192 175 0
0 314 315 316 195 193 196 0
0 317 318 319 197 198 196 0
0 318 317 320 198 197 199 0
0 318 321 322 198 200 201 0
0 320 323 321 199 202 200 0
0 314 324 315 195 203 193 0
0 320 317 325 199 197 204 0
0 326 327 325 167 171 204 0
0 325 317 328 204 197 180 0
0 317 319 328 197 196 180 0
0 321 329 322 200 205 201 0
0 330 315 324 206 193 203 0
0 326 325 328 167 204 180 0
0 316 315 331 196 193 194 0
0 332 316 333 180 196 207 0
0 333 316 331 207 196 194 0
0 331 315 334 194 193 192 0
0 319 318 335 196 198 195 0
0 318 320 321 198 199 200 0
0 336 315 330 178 193 206 0
0 337 338 339 190 208 209 0
0 337 310 338 190 178 208 0
0 340 337 341 185 190 191 0
0 342 337 339 210 190 209 0
0 343 344 345 211 212 208 0
0 346 347 348 213 212 214 0
0 348 349 321 214 215 200 0
0 350 323 351 216 202 217 0
0 343 345 352 211 208 218 0
0 350 351 346 216 217 213 0
0 353 351 354 184 217 188 0
0 351 355 346 217 191 213 0
0 346 355 347 213 191 212 0
0 321 349 329 200 215 205 0
0 330 352 345 206 218 208 0
0 353 355 351 184 191 217 0
0 344 356 345 212 210 208 0
0 357 358 344 191 219 212 0
0 358 356 344 219 210 212 0
0 356 359 345 210 209 208 0
0 347 360 348 212 211 214 0
0 348 321 350 214 200 216 0
0 336 330 345 178 206 208 0
0 361 362 363 220 221 222 0
0 364 361 363 223 220 222 0
0 365 364 366 224 223 222 0
0 367 365 368 225 224 222 0
0 369 367 368 226 225 222 0
0 362 369 366 221 226 222 0
0 370 371 372 227 228 229 0
0 371 373 374 228 230 229 0
0 373 375 376 230 231 229 0
0 375 377 378 231 232 229 0
0 377 379 378 232 233 229 0
0 379 370 376 233 227 229 0
0 348 350 346 214 216 213 0
0 350 321 323 216 200 202 0
0 320 325 323 199 204 202 0
0 246 253 255 152 157 159 0
0 246 255 244 152 159 150 0
0 244 255 257 150 159 160 0
0 244 257 247 150 160 153 0
0 247 257 259 153 160 161 0
0 247 259 248 153 161 154 0
0 248 259 261 154 161 162 0
0 248 261 250 154 162 155 0
0 250 261 262 155 162 163 0
0 250 262 252 155 163 156 0
0 252 262 253 156 163 157 0
0 252 253 246 156 157 152 0
0 380 381 264 168 169 165 0
0 380 264 263 168 165 164 0
0 382 288 290 185 181 183 0
0 382 290 383 185 183 186 0
0 312 384 313 180 207 194 0
0 312 313 307 180 194 175 0
0 335 318 322 195 198 201 0
0 335 322 385 195 201 203 0
0 323 325 327 202 204 171 0
0 323 327 386 202 171 179 0
0 329 387 385 205 206 203 0
0 329 385 322 205 203 201 0
0 341 337 342 191 190 210 0
0 341 342 388 191 210 219 0
0 360 389 349 211 218 215 0
0 360 349 348 211 215 214 0
0 323 386 354 202 179 188 0
0 323 354 351 202 188 217 0
0 329 349 389 205 215 218 0
0 329 389 387 205 218 206 0
0 362 361 371 221 220 228 0
0 362 371 370 221 228 227 0
0 361 364 373 220 223 230 0
0 361 373 371 220 230 228 0
0 364 365 375 223 224 231 0
0 364 375 373 223 231 230 0
0 365 367 377 224 225 232 0
0 365 377 375 224 232 231 0
0 367 369 379 225 226 233 0
0 367 379 377 225 233 232 0
0 369 362 370 226 221 227 0
0 369 370 379 226 227 233 0
0 390 391 392 234 235 236 0
0 390 392 393 234 236 237 0
0 394 393 395 234 237 238 0
0 394 395 396 234 238 235 0
0 397 398 399 239 240 241 0
0 397 399 400 239 241 242 0
0 401 402 397 243 244 239 0
0 403 404 405 242 240 245 0
0 406 403 407 246 242 247 0
0 408 397 400 246 239 242 0
0 409 401 397 248 243 239 0
0 409 410 401 248 249 243 0
0 411 407 405 249 247 245 0
0 403 405 407 242 245 247 0
0 409 397 408 248 239 246 0
0 410 412 401 249 245 243 0
0 401 413 402 243 250 244 0
0 401 412 413 243 245 250 0
0 404 403 414 240 242 241 0
0 415 416 417 251 252 253 0
0 417 416 418 253 252 254 0
0 402 413 419 244 250 255 0
0 402 398 397 244 240 239 0
0 415 417 420 251 253 256 0
0 417 418 421 253 254 257 0
0 422 423 418 258 259 254 0
0 415 424 425 251 259 258 0
0 421 423 426 257 259 260 0
0 418 423 421 254 259 257 0
0 427 424 420 260 259 256 0
0 420 424 415 256 259 251 0
0 402 419 398 244 255 240 0
0 428 429 430 261 262 263 0
0 428 431 429 261 264 262 0
0 432 433 431 261 265 264 0
0 432 434 433 261 263 265 0
0 435 436 437 266 267 268 0
0 435 438 436 266 269 267 0
0 439 435 440 270 266 271 0
0 441 442 443 269 272 268 0
0 444 445 441 273 274 269 0
0 446 438 435 273 269 266 0
0 447 435 439 275 266 270 0
0 447 439 448 275 270 276 0
0 449 442 445 276 272 274 0
0 441 445 442 269 274 272 0
0 447 446 435 275 273 266 0
0 448 439 450 276 270 272 0
0 439 440 451 270 271 277 0
0 439 451 450 270 277 272 0
0 443 452 441 268 267 269 0
0 453 454 455 278 279 280 0
0 454 456 455 279 281 280 0
0 440 457 451 271 282 277 0
0 440 435 437 271 266 268 0
0 453 458 454 278 283 279 0
0 454 459 456 279 284 281 0
0 460 456 461 285 281 286 0
0 453 462 463 278 285 286 0
0 459 464 461 284 287 286 0
0 456 459 461 281 284 286 0
0 465 458 463 287 283 286 0
0 458 453 463 283 278 286 0
0 440 437 457 271 268 282 0
0 466 392 391 288 236 235 0
0 466 391 467 288 235 289 0
0 468 396 395 289 235 238 0
0 468 395 469 289 238 290 0
0 470 471 472 248 246 291 0
0 470 472 473 248 291 292 0
0 474 475 470 293 249 248 0
0 474 470 473 293 248 292 0
0 476 477 478 294 247 249 0
0 476 478 479 294 249 293 0
0 472 471 477 291 246 247 0
0 472 477 476 291 247 294 0
0 405 404 419 245 240 255 0
0 405 419 413 245 255 250 0
0 473 472 416 292 291 252 0
0 473 416 415 292 252 251 0
0 416 472 476 252 291 294 0
0 416 476 418 252 294 254 0
0 418 476 479 254 294 293 0
0 418 479 422 254 293 258 0
0 425 474 473 258 293 292 0
0 425 473 415 258 292 251 0
0 480 393 392 295 237 236 0
0 480 392 466 295 236 288 0
0 469 395 393 290 238 237 0
0 469 393 480 290 237 295 0
0 420 481 482 256 288 289 0
0 420 482 427 256 289 260 0
0 426 483 484 260 289 290 0
0 426 484 421 260 290 257 0
0 421 484 485 257 290 295 0
0 421 485 417 257 295 253 0
0 417 485 481 253 295 288 0
0 417 481 420 253 288 256 0
0 486 487 430 296 297 263 0
0 486 430 429 296 263 262 0
0 488 489 433 297 298 265 0
0 488 433 434 297 265 263 0
0 490 491 492 275 299 300 0
0 490 492 493 275 300 273 0
0 494 491 490 301 299 275 0
0 494 490 495 301 275 276 0
0 496 497 498 302 301 276 0
0 496 498 499 302 276 274 0
0 492 496 499 300 302 274 0
0 492 499 493 300 274 273 0
0 442 451 457 272 277 282 0
0 442 457 443 272 282 268 0
0 491 453 455 299 278 280 0
0 491 455 492 299 280 300 0
0 455 456 496 280 281 302 0
0 455 496 492 280 302 300 0
0 456 460 497 281 285 301 0
0 456 497 496 281 301 302 0
0 462 453 491 285 278 299 0
0 462 491 494 285 299 301 0
0 500 486 429 303 296 262 0
0 500 429 431 303 262 264 0
0 489 500 431 298 303 264 0
0 489 431 433 298 264 265 0
0 458 465 501 283 287 297 0
0 458 501 502 283 297 296 0
0 464 459 503 287 284 298 0
0 464 503 504 287 298 297 0
0 459 454 505 284 279 303 0
0 459 505 503 284 303 298 0
0 454 458 502 279 283 296 0
0 454 502 505 279 296 303 0
0 506 507 508 304 305 306 0
0 506 509 507 304 307 305 0
0 509 506 510 307 304 308 0
0 506 508 510 304 306 308 0
0 511 512 513 309 310 311 0
0 514 515 512 312 313 310 0
0 516 514 517 314 312 315 0
0 512 518 513 310 316 311 0
0 515 518 512 313 316 310 0
0 519 520 521 317 314 315 0
0 519 511 513 317 309 311 0
0 522 519 523 318 317 319 0
0 523 513 518 319 311 316 0
0 510 524 509 308 320 307 0
0 525 526 527 321 322 306 0
0 524 525 509 320 321 307 0
0 528 529 530 316 313 319 0
0 531 510 508 322 308 306 0
0 532 533 534 323 324 325 0
0 535 536 537 321 306 326 0
0 538 535 537 307 321 326 0
0 514 512 511 312 310 309 0
0 522 539 520 318 327 314 0
0 540 514 516 328 312 314 0
0 522 520 519 318 314 317 0
0 540 516 541 328 314 327 0
0 540 515 514 328 313 312 0
0 523 519 513 319 317 311 0
0 542 543 544 329 330 331 0
0 545 543 542 332 330 329 0
0 546 547 548 333 330 332 0
0 544 547 546 331 330 333 0
0 549 550 551 334 335 336 0
0 549 551 552 334 336 337 0
0 552 553 549 337 338 334 0
0 549 553 550 334 338 335 0
0 554 555 556 339 340 341 0
0 557 556 558 342 341 343 0
0 559 560 557 344 345 342 0
0 556 555 561 341 340 346 0
0 558 556 561 343 341 346 0
0 562 563 564 347 345 344 0
0 562 555 554 347 340 339 0
0 565 566 562 348 349 347 0
0 566 561 555 349 346 340 0
0 553 552 567 338 337 350 0
0 568 569 570 351 335 352 0
0 567 552 568 350 337 351 0
0 571 572 573 346 349 343 0
0 574 550 553 352 335 338 0
0 575 576 577 353 354 355 0
0 578 579 580 351 356 335 0
0 581 579 578 337 356 351 0
0 557 554 556 342 339 341 0
0 565 564 582 348 344 357 0
0 583 559 557 358 344 342 0
0 565 562 564 348 347 344 0
0 583 584 559 358 357 344 0
0 583 557 558 358 342 343 0
0 566 555 562 349 340 347 0
0 585 586 587 359 360 361 0
0 588 585 587 362 359 361 0
0 589 590 591 363 362 361 0
0 586 589 591 360 363 361 0
0 537 536 592 326 306 364 0
0 537 592 593 326 364 365 0
0 594 595 530 328 318 319 0
0 594 530 529 328 319 313 0
0 596 597 598 309 317 366 0
0 596 598 599 309 366 367 0
0 597 600 601 317 315 368 0
0 597 601 598 317 368 366 0
0 600 602 603 315 312 369 0
0 600 603 601 315 369 368 0
0 604 596 599 312 309 367 0
0 604 599 605 312 367 369 0
0 538 537 593 307 326 365 0
0 538 593 606 307 365 370 0
0 599 598 524 367 366 320 0
0 599 524 510 367 320 308 0
0 605 599 510 369 367 308 0
0 605 510 531 369 308 322 0
0 601 603 526 368 369 322 0
0 601 526 525 368 322 321 0
0 598 601 525 366 368 321 0
0 598 525 524 366 321 320 0
0 594 607 533 328 327 324 0
0 594 533 532 328 324 323 0
0 607 595 534 327 318 325 0
0 607 534 533 327 325 324 0
0 595 594 532 318 328 323 0
0 595 532 534 318 323 325 0
0 608 538 606 305 307 370 0
0 608 606 609 305 370 371 0
0 610 608 609 306 305 371 0
0 610 609 611 306 371 364 0
0 609 606 544 371 370 331 0
0 609 544 546 371 331 333 0
0 593 542 544 365 329 331 0
0 593 544 606 365 331 370 0
0 592 545 542 364 332 329 0
0 592 542 593 364 329 365 0
0 609 546 548 371 333 332 0
0 609 548 611 371 332 364 0
0 579 612 613 356 372 373 0
0 579 613 580 356 373 335 0
0 614 573 572 358 343 349 0
0 614 572 615 358 349 348 0
0 616 617 618 339 374 375 0
0 616 618 619 339 375 347 0
0 619 618 620 347 375 376 0
0 619 620 621 347 376 345 0
0 621 620 622 345 376 377 0
0 621 622 623 345 377 342 0
0 624 625 617 342 377 374 0
0 624 617 616 342 374 339 0
0 581 626 612 337 378 372 0
0 581 612 579 337 372 356 0
0 617 553 567 374 338 350 0
0 617 567 618 374 350 375 0
0 625 574 553 377 352 338 0
0 625 553 617 377 338 374 0
0 620 568 570 376 351 352 0
0 620 570 622 376 352 377 0
0 618 567 568 375 350 351 0
0 618 568 620 375 351 376 0
0 614 575 577 358 353 355 0
0 614 577 627 358 355 357 0
0 627 577 576 357 355 354 0
0 627 576 615 357 354 348 0
0 615 576 575 348 354 353 0
0 615 575 614 348 353 358 0
0 628 629 626 336 379 378 0
0 628 626 581 336 378 337 0
0 630 631 629 335 373 379 0
0 630 629 628 335 379 336 0
0 629 589 586 379 363 360 0
0 629 586 626 379 360 378 0
0 612 626 586 372 378 360 0
0 612 586 585 372 360 359 0
0 613 612 585 373 372 359 0
0 613 585 588 373 359 362 0
0 629 631 590 379 373 362 0
0 629 590 589 379 362 363 0
"MaterialGroup.1" 0 1
20
0 -0.126804 -0.004875 0.211012 0.720588 0.406235 6
0 -0.126804 -0.239323 0.211012 0.720588 0.359281 6
0 0.126804 -0.239323 0.211012 0.771379 0.359281 6
0 0.126804 -0.004875 0.211012 0.771379 0.406235 6
0 -0.973075 -0.214194 0.387989 0.666115 0.329448 7
0 -0.973075 0.165936 0.387989 0.666115 0.406235 7
0 -1.154302 0.165936 0.206762 0.717887 0.406235 7
0 -1.154302 -0.214194 0.206762 0.717887 0.329448 7
0 0.973076 -0.214194 0.387989 0.666115 0.329448 7
0 1.154303 -0.214194 0.206762 0.717887 0.329448 7
0 1.154303 0.165936 0.206762 0.717887 0.406235 7
0 0.973076 0.165936 0.387989 0.666115 0.406235 7
0 -0.146717 0.438934 0.977819 0.721025 0.416755 5
0 0.146718 0.438934 0.977819 0.771439 0.416755 5
0 0.146718 0.737531 0.977819 0.771439 0.468056 5
0 -0.146717 0.737531 0.977819 0.721025 0.468056 5
0 0.220076 0.234059 -0.936179 0.721025 0.416755 40
0 -0.220077 0.234059 -0.936179 0.771439 0.416755 40
0 -0.220077 0.618705 -0.706706 0.771439 0.468056 40
0 0.220076 0.618705 -0.706706 0.721025 0.468056 40
19
-0.000000 -0.000000 1.000000
-0.000000 -0.000000 1.000000
0.000000 -0.000000 1.000000
0.000000 -0.000000 1.000000
-0.707107 -0.000000 0.707106
-0.707108 0.000000 0.707106
-0.707107 0.000000 0.707106
-0.707107 -0.000000 0.707106
0.707107 -0.000000 0.707106
0.707107 -0.000000 0.707106
0.707107 -0.000000 0.707107
0.707107 -0.000000 0.707107
0.000000 0.000000 1.000000
0.000000 0.000001 1.000000
0.000000 0.000000 1.000000
0.000000 0.000000 1.000000
0.000000 0.512338 -0.858784
0.000000 0.512338 -0.858784
0.000000 0.512338 -0.858784
10
0 0 1 2 0 1 2 0
0 0 2 3 0 2 3 0
0 4 5 6 4 5 6 0
0 4 6 7 4 6 7 0
0 8 9 10 8 9 10 0
0 8 10 11 8 10 11 0
0 12 13 14 12 13 14 0
0 12 14 15 12 14 15 0
0 16 17 18 16 17 16 0
0 16 18 19 16 16 18 0

Materials: 2
"SailorMoon_MAT"
0.200000 0.200000 0.200000 1.000000
0.800000 0.800000 0.800000 1.000000
0.000000 0.000000 0.000000 1.000000
1.000000 1.000000 1.000000 1.000000
0.000000
1.000000
"SailorMoon_MAT_baseColor.png"
""
"SailorMoon_ALPHA"
0.200000 0.200000 0.200000 1.000000
0.800000 0.800000 0.800000 1.000000
0.000000 0.000000 0.000000 1.000000
1.000000 1.000000 1.000000 1.000000
0.000000
1.000000
"SailorMoon_ALPHA_baseColor.png"
""

Bones: 47
"ParentNode"
""
0 0.000000 0.000000 0.000000 0.000000 0.000000 0.000000
1
0.000000 0.000000 0.000000 -0.000000
1
0.000000 0.000000 -0.000000 0.000000
"Center"
"ParentNode"
0 0.000000 0.000000 0.000000 0.000000 0.000000 0.000000
1
0.000000 0.000000 0.000000 -0.000000
1
0.000000 0.000000 -0.000000 0.000000
"Groove"
"Center"
0 0.000000 0.000000 0.000000 0.000000 0.000000 0.000000
1
0.000000 0.000000 0.000000 -0.000000
1
0.000000 0.000000 -0.000000 0.000000
"Waist"
"Groove"
0 0.000000 0.000000 0.000000 0.000000 0.000000 0.000000
1
0.000000 0.000000 0.000000 -0.000000
1
0.000000 0.000000 -0.000000 0.000000
"UpperBody"
"Waist"
0 0.000000 0.000000 0.000000 0.000000 0.000000 0.000000
1
0.000000 0.000000 0.000000 -0.000000
1
0.000000 0.000000 -0.000000 0.000000
"UpperBody2"
"UpperBody"
0 0.000000 0.000000 0.000000 0.000000 0.000000 0.000000
1
0.000000 0.000000 0.000000 -0.000000
1
0.000000 0.000000 -0.000000 0.000000
"Neck"
"UpperBody2"
0 0.000000 0.000000 0.000000 0.000000 0.000000 0.000000
1
0.000000 0.000000 0.000000 -0.000000
1
0.000000 0.000000 -0.000000 0.000000
"Head"
"Neck"
0 0.000000 0.000000 0.000000 0.000000 0.000000 0.000000
1
0.000000 0.000000 0.000000 -0.000000
1
0.000000 0.000000 -0.000000 0.000000
"Shoulder_L"
"UpperBody2"
0 0.000000 0.000000 0.000000 0.000000 0.000000 0.000000
1
0.000000 0.000000 0.000000 -0.000000
1
0.000000 0.000000 -0.000000 0.000000
"Arm_L"
"Shoulder_L"
0 0.000000 0.000000 0.000000 0.000000 0.000000 0.000000
1
0.000000 0.000000 0.000000 -0.000000
1
0.000000 0.000000 -0.000000 0.000000
"ArmTwist_L"
"Arm_L"
0 0.000000 0.000000 0.000000 0.000000 0.000000 0.000000
1
0.000000 0.000000 0.000000 -0.000000
1
0.000000 0.000000 -0.000000 0.000000
"Elbow_L"
"ArmTwist_L"
0 0.000000 0.000000 0.000000 0.000000 0.000000 0.000000
1
0.000000 0.000000 0.000000 -0.000000
1
0.000000 0.000000 -0.000000 0.000000
"HandTwist_L"
"Elbow_L"
0 0.000000 0.000000 0.000000 0.000000 0.000000 0.000000
1
0.000000 -0.000000 0.000000 -0.000000
1
0.000000 0.000000 -0.000000 0.000000
"Wrist_L"
"HandTwist_L"
0 0.000000 0.000000 0.000000 0.000000 0.000000 0.000000
1
0.000000 0.000000 0.000000 -0.000000
1
0.000000 0.000000 -0.000000 0.000000
"Thumb0_L"
"Wrist_L"
0 0.000000 0.000000 0.000000 0.000000 0.000000 0.000000
1
0.000000 0.000000 0.000000 -0.000000
1
0.000000 0.000000 -0.000000 0.000000
"Thumb1_L"
"Thumb0_L"
0 0.000000 0.000000 0.000000 0.000000 0.000000 0.000000
1
0.000000 0.000000 0.000000 -0.000000
1
0.000000 0.000000 -0.000000 0.000000
"IndexFinger1_L"
"Wrist_L"
0 0.000000 0.000000 0.000000 0.000000 0.000000 0.000000
1
0.000000 0.000000 0.000000 0.000000
1
0.000000 0.000000 -0.000000 0.000000
"IndexFinger2_L"
"IndexFinger1_L"
0 0.000000 0.000000 0.000000 0.000000 0.000000 0.000000
1
0.000000 -0.000000 -0.000000 0.000000
1
0.000000 0.000000 -0.000000 0.000000
"MiddleFinger1_L"
"Wrist_L"
0 0.000000 0.000000 0.000000 0.000000 0.000000 0.000000
1
0.000000 0.000000 0.000000 -0.000000
1
0.000000 0.000000 -0.000000 0.000000
"MiddleFinger2_L"
"MiddleFinger1_L"
0 0.000000 0.000000 0.000000 0.000000 0.000000 0.000000
1
0.000000 0.000000 0.000000 0.000000
1
0.000000 0.000000 -0.000000 0.000000
"RingFinger1_L"
"Wrist_L"
0 0.000000 0.000000 0.000000 0.000000 0.000000 0.000000
1
0.000000 0.000000 0.000000 0.000000
1
0.000000 0.000000 -0.000000 0.000000
"RingFinger2_L"
"RingFinger1_L"
0 0.000000 0.000000 0.000000 0.000000 0.000000 0.000000
1
0.000000 0.000000 -0.000000 0.000000
1
0.000000 0.000000 -0.000000 0.000000
"LittleFinger1_L"
"Wrist_L"
0 0.000000 0.000000 0.000000 0.000000 0.000000 0.000000
1
0.000000 0.000000 0.000000 -0.000000
1
0.000000 0.000000 -0.000000 0.000000
"LittleFinger2_L"
"LittleFinger1_L"
0 0.000000 0.000000 0.000000 0.000000 0.000000 0.000000
1
0.000000 0.000000 0.000000 -0.000000
1
0.000000 0.000000 -0.000000 0.000000
"Shoulder_R"
"UpperBody2"
0 0.000000 0.000000 0.000000 0.000000 0.000000 0.000000
1
0.000000 0.000000 0.000000 -0.000000
1
0.000000 0.000000 -0.000000 0.000000
"Arm_R"
"Shoulder_R"
0 0.000000 0.000000 0.000000 0.000000 0.000000 0.000000
1
0.000000 0.000000 0.000000 -0.000000
1
0.000000 0.000000 -0.000000 0.000000
"ArmTwist_R"
"Arm_R"
0 0.000000 0.000000 0.000000 0.000000 0.000000 0.000000
1
0.000000 0.000000 0.000000 -0.000000
1
0.000000 0.000000 -0.000000 0.000000
"Elbow_R"
"ArmTwist_R"
0 0.000000 0.000000 0.000000 0.000000 0.000000 0.000000
1
0.000000 0.000000 0.000000 -0.000000
1
0.000000 0.000000 -0.000000 0.000000
"HandTwist_R"
"Elbow_R"
0 0.000000 0.000000 0.000000 0.000000 0.000000 0.000000
1
0.000000 0.000000 0.000000 0.000000
1
0.000000 0.000000 -0.000000 0.000000
"Wrist_R"
"HandTwist_R"
0 0.000000 0.000000 0.000000 0.000000 0.000000 0.000000
1
0.000000 0.000000 0.000000 -0.000000
1
0.000000 0.000000 -0.000000 0.000000
"Thumb0_R"
"Wrist_R"
0 0.000000 0.000000 0.000000 0.000000 0.000000 0.000000
1
0.000000 0.000000 0.000000 0.000000
1
0.000000 0.000000 -0.000000 0.000000
"Thumb1_R"
"Thumb0_R"
0 0.000000 0.000000 0.000000 0.000000 0.000000 0.000000
1
0.000000 0.000000 0.000000 0.000000
1
0.000000 0.000000 -0.000000 0.000000
"IndexFinger1_R"
"Wrist_R"
0 0.000000 0.000000 0.000000 0.000000 0.000000 0.000000
1
0.000000 0.000000 0.000000 0.000000
1
0.000000 0.000000 -0.000000 0.000000
"IndexFinger2_R"
"IndexFinger1_R"
0 0.000000 0.000000 0.000000 0.000000 0.000000 0.000000
1
0.000000 0.000000 0.000000 0.000000
1
0.000000 0.000000 -0.000000 0.000000
"MiddleFinger1_R"
"Wrist_R"
0 0.000000 0.000000 0.000000 0.000000 0.000000 0.000000
1
0.000000 0.000000 0.000000 0.000000
1
0.000000 0.000000 -0.000000 0.000000
"MiddleFinger2_R"
"MiddleFinger1_R"
0 0.000000 0.000000 0.000000 0.000000 0.000000 0.000000
1
0.000000 0.000000 0.000000 0.000000
1
0.000000 0.000000 -0.000000 0.000000
"RingFinger1_R"
"Wrist_R"
0 0.000000 0.000000 0.000000 0.000000 0.000000 0.000000
1
0.000000 0.000000 0.000000 0.000000
1
0.000000 0.000000 -0.000000 0.000000
"RingFinger2_R"
"RingFinger1_R"
0 0.000000 0.000000 0.000000 0.000000 0.000000 0.000000
1
0.000000 0.000000 0.000000 0.000000
1
0.000000 0.000000 -0.000000 0.000000
"LittleFinger1_R"
"Wrist_R"
0 0.000000 0.000000 0.000000 0.000000 0.000000 0.000000
1
0.000000 0.000000 0.000000 0.000000
1
0.000000 0.000000 -0.000000 0.000000
"LittleFinger2_R"
"LittleFinger1_R"
0 0.000000 0.000000 0.000000 0.000000 0.000000 0.000000
1
0.000000 0.000000 0.000000 0.000000
1
0.000000 0.000000 -0.000000 0.000000
"LowerBody"
"Waist"
0 0.000000 0.000000 0.000000 0.000000 0.000000 0.000000
1
0.000000 0.000000 0.000000 -0.000000
1
0.000000 0.000000 -0.000000 0.000000
"Leg_L"
"LowerBody"
0 0.000000 0.000000 0.000000 0.000000 0.000000 0.000000
1
0.000000 0.000000 0.000000 -0.000000
1
0.000000 0.000000 -0.000000 0.000000
"Knee_L"
"Leg_L"
0 0.000000 0.000000 0.000000 0.000000 0.000000 0.000000
1
0.000000 0.000000 0.000000 -0.000000
1
0.000000 0.000000 -0.000000 0.000000
"Ankle_L"
"Knee_L"
0 0.000000 0.000000 0.000000 0.000000 0.000000 0.000000
1
0.000000 0.000000 0.000000 -0.000000
1
0.000000 0.000000 -0.000000 0.000000
"Leg_R"
"LowerBody"
0 0.000000 0.000000 0.000000 0.000000 0.000000 0.000000
1
0.000000 0.000000 0.000000 -0.000000
1
0.000000 0.000000 -0.000000 0.000000
"Knee_R"
"Leg_R"
0 0.000000 0.000000 0.000000 0.000000 0.000000 0.000000
1
0.000000 0.000000 0.000000 -0.000000
1
0.000000 0.000000 -0.000000 0.000000
"Ankle_R"
"Knee_R"
0 0.000000 0.000000 0.000000 0.000000 0.000000 0.000000
1
0.000000 0.000000 0.000000 -0.000000
1
0.000000 0.000000 -0.000000 0.000000
