Bones: 47
"ParentNode"
""
16 0.000000 0.000000 0.000000 0.000000 0.000000 0.000000
2
0.0 0.000000 0.000000 -0.000000
59.0 0.000000 0.000000 -0.000000
2
0.0 3.141593 0.000000 3.141593
59.0 3.141593 0.000000 3.141593
"Center"
"ParentNode"
16 0.000000 0.000000 0.000000 0.000000 0.000000 0.000000
60
0.0 0.499982 7.636456 -0.000000
1.0 0.445014 7.677285 -0.000000
2.0 0.388351 7.701854 -0.000000
3.0 0.331226 7.709355 -0.000000
4.0 0.274874 7.698979 -0.000000
5.0 0.220530 7.669918 -0.000000
6.0 0.169428 7.621364 -0.000000
7.0 0.122801 7.552509 -0.000000
8.0 0.081884 7.465113 -0.000000
9.0 0.047911 7.366381 -0.000000
10.0 0.022116 7.259824 -0.000000
11.0 0.005735 7.148758 -0.000000
12.0 0.000000 7.036501 -0.000000
13.0 0.000000 6.926371 -0.000000
14.0 0.000000 6.821686 -0.000000
15.0 0.000000 6.725763 -0.000000
16.0 0.000000 6.641921 -0.000000
17.0 0.000000 6.573475 -0.000000
18.0 0.000000 6.523745 -0.000001
19.0 0.000000 6.496049 -0.000000
20.0 0.000000 6.493702 -0.000000
21.0 0.000000 6.520025 -0.000000
22.0 0.000000 6.578333 -0.000000
23.0 0.000000 6.671945 -0.000000
24.0 0.000000 6.804179 -0.000000
25.0 0.000000 6.978350 -0.000000
26.0 0.000000 7.197779 -0.000000
27.0 0.000000 7.442951 -0.000000
28.0 0.000000 7.637822 -0.000000
29.0 0.000000 7.782618 -0.000000
30.0 0.000000 7.881303 -0.000000
31.0 0.000000 7.937833 -0.000000
32.0 0.000000 7.956171 -0.000000
33.0 0.000000 7.940278 -0.000000
34.0 0.000000 7.894111 -0.000000
35.0 0.001059 7.821633 -0.000000
36.0 0.009219 7.726801 -0.000000
37.0 0.024741 7.613579 -0.000000
38.0 0.046794 7.485926 -0.000000
39.0 0.074546 7.347800 -0.000000
40.0 0.107164 7.203163 -0.000000
41.0 0.143816 7.055974 -0.000000
42.0 0.183670 6.910195 -0.000000
43.0 0.225894 6.769784 -0.000000
44.0 0.269656 6.638703 -0.000000
45.0 0.314123 6.520911 -0.000000
46.0 0.358463 6.420369 -0.000000
47.0 0.401847 6.341035 -0.000000
48.0 0.443438 6.286872 -0.000000
49.0 0.482407 6.261839 -0.000000
50.0 0.517921 6.269896 -0.000000
51.0 0.549149 6.315004 -0.000000
52.0 0.575257 6.401120 -0.000000
53.0 0.595414 6.532209 -0.000000
54.0 0.608787 6.715251 -0.000000
55.0 0.614546 6.915724 -0.000000
56.0 0.611857 7.110361 -0.000000
57.0 0.599887 7.289455 -0.000000
58.0 0.577807 7.443305 -0.000000
59.0 0.544782 7.562207 -0.000000
60
0.0 0.000001 0.283096 0.424386
1.0 0.018216 0.278574 0.469368
2.0 0.036302 0.274676 0.508694
3.0 0.054033 0.271679 0.542679
4.0 0.071168 0.269864 0.571644
5.0 0.087484 0.269510 0.595904
6.0 0.102746 0.270897 0.615776
7.0 0.116723 0.274306 0.631579
8.0 0.129182 0.280016 0.643629
9.0 0.139898 0.288308 0.652245
10.0 0.148633 0.304941 0.657742
11.0 0.155160 0.344005 0.660438
12.0 0.159242 0.389569 0.660338
13.0 0.160657 0.422924 0.655686
14.0 0.160161 0.429406 0.646057
15.0 0.158670 0.422693 0.631328
16.0 0.156179 0.408774 0.611366
17.0 0.152681 0.390487 0.586044
18.0 0.148179 0.370667 0.555239
19.0 0.142659 0.352154 0.518816
20.0 0.136125 0.337782 0.476649
21.0 0.128568 0.330388 0.428612
22.0 0.119985 0.332811 0.372866
23.0 0.110368 0.352564 0.308773
24.0 0.099717 0.389057 0.238014
25.0 0.088029 0.432976 0.162268
26.0 0.075292 0.475000 0.083212
27.0 0.061509 0.505818 0.002525
28.0 0.046670 0.518025 -0.078113
29.0 0.030778 0.518437 -0.157024
30.0 0.013818 0.511471 -0.232530
31.0 -0.003897 0.500149 -0.302952
32.0 -0.020838 0.487486 -0.366609
33.0 -0.037448 0.476502 -0.421825
34.0 -0.054507 0.470215 -0.466923
35.0 -0.072806 0.471644 -0.503590
36.0 -0.093123 0.481411 -0.534500
37.0 -0.116248 0.497011 -0.559439
38.0 -0.142958 0.516762 -0.578199
39.0 -0.174044 0.538979 -0.590569
40.0 -0.210288 0.561980 -0.596341
41.0 -0.252475 0.584087 -0.595301
42.0 -0.301387 0.603613 -0.587238
43.0 -0.357810 0.618879 -0.571947
44.0 -0.418677 0.628201 -0.549213
45.0 -0.462413 0.629896 -0.518829
46.0 -0.487807 0.622735 -0.479258
47.0 -0.497592 0.608745 -0.430073
48.0 -0.494490 0.589248 -0.372726
49.0 -0.481231 0.565224 -0.308666
50.0 -0.456950 0.537657 -0.239342
51.0 -0.406256 0.507527 -0.166204
52.0 -0.337001 0.475817 -0.090704
53.0 -0.261004 0.443510 -0.014290
54.0 -0.190078 0.411587 0.061588
55.0 -0.134719 0.381030 0.135479
56.0 -0.093261 0.352820 0.205933
57.0 -0.062026 0.327940 0.271500
58.0 -0.038050 0.307371 0.330731
59.0 -0.018363 0.292095 0.382176
"Groove"
"Center"
16 0.000000 0.000000 0.000000 0.000000 0.000000 0.000000
2
0.0 0.000000 0.000000 0.000000
59.0 0.000000 0.000000 0.000000
2
0.0 0.000000 0.000000 -0.000000
59.0 -0.000000 -0.000000 -0.000000
"Waist"
"Groove"
16 0.000000 0.000000 0.000000 0.000000 0.000000 0.000000
2
0.0 0.000000 0.000000 0.000000
59.0 0.000000 0.000000 0.000000
2
0.0 0.000000 -0.000000 -0.000000
59.0 0.000000 -0.000000 0.000000
"UpperBody"
"Waist"
16 0.000000 0.000000 0.000000 0.000000 0.000000 0.000000
2
0.0 0.000001 0.757724 0.012091
59.0 0.000001 0.757724 0.012091
60
0.0 0.191633 -0.635675 -0.094276
1.0 0.121770 -0.703785 -0.078249
2.0 0.038695 -0.759276 -0.055518
3.0 -0.048735 -0.784505 -0.031842
4.0 -0.129233 -0.762283 -0.016186
5.0 -0.191426 -0.673594 -0.018232
6.0 -0.229227 -0.516878 -0.041589
7.0 -0.244695 -0.345125 -0.069703
8.0 -0.218100 -0.216737 -0.092172
9.0 -0.129153 -0.186959 -0.103460
10.0 -0.014397 -0.221226 -0.106301
11.0 0.087517 -0.298874 -0.102782
12.0 0.133860 -0.398608 -0.096113
13.0 0.128238 -0.496288 -0.088087
14.0 0.106906 -0.571962 -0.080428
15.0 0.078259 -0.633541 -0.071659
16.0 0.051256 -0.681313 -0.062057
17.0 0.034888 -0.712491 -0.052674
18.0 0.037457 -0.724325 -0.044838
19.0 0.058229 -0.714073 -0.039745
20.0 0.092878 -0.678982 -0.037993
21.0 0.138980 -0.616925 -0.046581
22.0 0.191158 -0.525038 -0.065890
23.0 0.239074 -0.431990 -0.085830
24.0 0.267560 -0.363228 -0.102156
25.0 0.277122 -0.310260 -0.114409
26.0 0.269759 -0.264757 -0.121922
27.0 0.246891 -0.218519 -0.123939
28.0 0.210131 -0.165290 -0.119572
29.0 0.163196 -0.112876 -0.107544
30.0 0.111664 -0.066576 -0.090384
31.0 0.061466 -0.030194 -0.072114
32.0 0.015493 -0.007636 -0.053934
33.0 -0.021649 -0.018311 -0.038238
34.0 -0.045117 -0.070517 -0.027553
35.0 -0.052188 -0.151609 -0.019022
36.0 -0.040558 -0.247257 -0.003260
37.0 0.005619 -0.338966 0.014529
38.0 0.081858 -0.408660 0.026645
39.0 0.181203 -0.443294 0.025070
40.0 0.298656 -0.462825 -0.000658
41.0 0.421911 -0.470269 -0.046084
42.0 0.537632 -0.463402 -0.105928
43.0 0.631213 -0.439876 -0.174622
44.0 0.691092 -0.398885 -0.244020
45.0 0.705087 -0.347247 -0.300491
46.0 0.687224 -0.289654 -0.344697
47.0 0.656243 -0.232114 -0.380810
48.0 0.629010 -0.181395 -0.409424
49.0 0.617519 -0.148052 -0.423785
50.0 0.616110 -0.134691 -0.426605
51.0 0.604021 -0.147874 -0.418793
52.0 0.582374 -0.183159 -0.401144
53.0 0.555351 -0.232185 -0.372880
54.0 0.527326 -0.287021 -0.335093
55.0 0.502352 -0.342002 -0.291953
56.0 0.473168 -0.397057 -0.246486
57.0 0.427773 -0.453162 -0.201375
58.0 0.353717 -0.511180 -0.159432
59.0 0.268193 -0.571853 -0.123115
"UpperBody2"
"UpperBody"
16 0.000000 0.000000 0.000000 0.000000 0.000000 0.000000
2
0.0 -0.000140 0.492500 0.078601
59.0 -0.000140 0.492500 0.078601
2
0.0 0.000000 0.000000 0.000000
59.0 -0.000000 0.000000 -0.000000
"Neck"
"UpperBody2"
16 0.000000 0.000000 0.000000 0.000000 0.000000 0.000000
2
0.0 -0.000226 1.799095 -0.387942
59.0 -0.000226 1.799095 -0.387942
60
0.0 -0.015772 0.200300 -0.142519
1.0 -0.014756 0.226280 -0.177163
2.0 -0.012726 0.262641 -0.208195
3.0 -0.004091 0.294303 -0.231458
4.0 0.018678 0.308744 -0.246277
5.0 0.063696 0.286153 -0.253860
6.0 0.131199 0.217139 -0.256650
7.0 0.200394 0.145406 -0.259143
8.0 0.235331 0.109840 -0.255660
9.0 0.205308 0.117893 -0.246258
10.0 0.153553 0.130914 -0.237279
11.0 0.111599 0.133183 -0.224840
12.0 0.106478 0.143506 -0.203871
13.0 0.118257 0.158475 -0.176224
14.0 0.092517 0.168868 -0.150473
15.0 0.049893 0.173690 -0.130846
16.0 0.023721 0.175015 -0.112038
17.0 0.006058 0.173810 -0.095351
18.0 -0.010814 0.171283 -0.083297
19.0 -0.025927 0.169434 -0.076607
20.0 -0.034998 0.162222 -0.073691
21.0 -0.031676 0.138237 -0.064133
22.0 -0.011735 0.091298 -0.038079
23.0 0.005177 0.039943 -0.001276
24.0 0.012723 0.004627 0.035761
25.0 0.014618 -0.020075 0.068568
26.0 0.012977 -0.038839 0.094091
27.0 0.010609 -0.055240 0.110202
28.0 0.009117 -0.070594 0.120232
29.0 0.009479 -0.086340 0.126937
30.0 0.012831 -0.104360 0.131409
31.0 0.019326 -0.126448 0.136371
32.0 0.030374 -0.157709 0.141534
33.0 0.050008 -0.179775 0.146867
34.0 0.080824 -0.178575 0.154572
35.0 0.124426 -0.160684 0.163920
36.0 0.172993 -0.131146 0.166248
37.0 0.200962 -0.094984 0.165097
38.0 0.205488 -0.061746 0.163352
39.0 0.189387 -0.037620 0.166719
40.0 0.161200 -0.008856 0.180064
41.0 0.126999 0.025469 0.196104
42.0 0.091425 0.061155 0.210573
43.0 0.051667 0.092600 0.222586
44.0 0.017373 0.114805 0.228364
45.0 -0.001493 0.129614 0.226855
46.0 -0.004108 0.141705 0.221617
47.0 0.001428 0.154939 0.215237
48.0 0.006186 0.171801 0.207242
49.0 0.005520 0.193246 0.188789
50.0 0.009582 0.215866 0.164415
51.0 0.016746 0.235028 0.134902
52.0 0.022722 0.244790 0.101594
53.0 0.015510 0.244979 0.066427
54.0 -0.007463 0.237040 0.031425
55.0 -0.036584 0.223331 -0.001867
56.0 -0.062424 0.207061 -0.032719
57.0 -0.073216 0.192403 -0.060686
58.0 -0.056534 0.184677 -0.085515
59.0 -0.030311 0.187057 -0.111546
"Head"
"Neck"
16 0.000000 0.000000 0.000000 0.000000 0.000000 0.000000
2
0.0 -0.000131 0.576580 -0.003092
59.0 -0.000131 0.576580 -0.003092
60
0.0 0.007381 0.197920 -0.148065
1.0 0.013841 0.248425 -0.164806
2.0 0.036792 0.293065 -0.180771
3.0 0.071947 0.326535 -0.194686
4.0 0.115994 0.340019 -0.205725
5.0 0.164621 0.329035 -0.214535
6.0 0.211849 0.294199 -0.222190
7.0 0.251129 0.235945 -0.228308
8.0 0.273793 0.160674 -0.231171
9.0 0.263003 0.105984 -0.232396
10.0 0.217794 0.083442 -0.232802
11.0 0.157446 0.088756 -0.235914
12.0 0.102360 0.098211 -0.237756
13.0 0.064514 0.106023 -0.233073
14.0 0.062430 0.119675 -0.220281
15.0 0.078498 0.134376 -0.205661
16.0 0.081524 0.144529 -0.199843
17.0 0.080266 0.156648 -0.197593
18.0 0.083279 0.175318 -0.198573
19.0 0.087441 0.198603 -0.201413
20.0 0.087912 0.219361 -0.203782
21.0 0.078941 0.237242 -0.204861
22.0 0.055211 0.247445 -0.204262
23.0 0.033011 0.249788 -0.195225
24.0 0.026194 0.243026 -0.170826
25.0 0.029749 0.220097 -0.130816
26.0 0.041944 0.175252 -0.077430
27.0 0.058088 0.118061 -0.018779
28.0 0.076344 0.054142 0.034882
29.0 0.096735 -0.010514 0.076192
30.0 0.118891 -0.067332 0.104849
31.0 0.142442 -0.107282 0.122371
32.0 0.166836 -0.118566 0.131471
33.0 0.189777 -0.097351 0.136124
34.0 0.207986 -0.048139 0.139755
35.0 0.216800 0.015838 0.145574
36.0 0.213941 0.084559 0.150037
37.0 0.201402 0.148216 0.150205
38.0 0.180873 0.196790 0.146479
39.0 0.154820 0.222752 0.142529
40.0 0.128503 0.234104 0.140382
41.0 0.106532 0.233422 0.142054
42.0 0.093181 0.221142 0.148875
43.0 0.093904 0.195444 0.160792
44.0 0.103630 0.157457 0.172002
45.0 0.110136 0.114394 0.181481
46.0 0.108969 0.071223 0.188096
47.0 0.103753 0.031433 0.193924
48.0 0.098318 -0.001727 0.202345
49.0 0.096472 -0.025357 0.210885
50.0 0.091677 -0.037301 0.211721
51.0 0.087305 -0.039288 0.204647
52.0 0.088426 -0.030803 0.187816
53.0 0.105171 -0.017112 0.158880
54.0 0.138005 -0.001147 0.117036
55.0 0.174598 0.018262 0.065939
56.0 0.203306 0.042957 0.011858
57.0 0.204850 0.073654 -0.040820
58.0 0.138466 0.110313 -0.087710
59.0 0.052132 0.152172 -0.124698
"Shoulder_L"
"UpperBody2"
16 0.000000 0.000000 0.000000 0.000000 0.000000 0.000000
2
0.0 0.246641 1.571532 -0.363294
59.0 0.246641 1.571532 -0.363294
2
0.0 -0.000000 -0.000000 -0.000000
59.0 -0.000000 -0.000000 -0.000000
"Arm_L"
"Shoulder_L"
16 0.000000 0.000000 0.000000 0.000000 0.000000 0.000000
2
0.0 0.672124 -0.150553 -0.000853
59.0 0.672124 -0.150553 -0.000853
60
0.0 -0.072685 0.540704 -0.313896
1.0 -0.206972 0.572068 -0.260067
2.0 -0.288058 0.744933 -0.211013
3.0 -0.366385 0.884133 -0.144799
4.0 -0.439854 0.959426 -0.069518
5.0 -0.520816 0.936290 -0.014636
6.0 -0.614402 0.802503 -0.001526
7.0 -0.708420 0.691635 -0.091556
8.0 -0.787240 0.554714 -0.132894
9.0 -0.875755 0.543824 -0.215623
10.0 -0.954585 0.579088 -0.329411
11.0 -1.018961 0.609327 -0.440087
12.0 -1.058053 0.646310 -0.531779
13.0 -1.093673 0.701228 -0.602196
14.0 -1.152378 0.767977 -0.671836
15.0 -1.218341 0.827875 -0.736968
16.0 -1.281218 0.874494 -0.793084
17.0 -1.328113 0.903024 -0.834325
18.0 -1.346470 0.910357 -0.857318
19.0 -1.309567 0.898077 -0.856519
20.0 -1.193201 0.861174 -0.829690
21.0 -1.009940 0.789533 -0.780117
22.0 -0.786436 0.671222 -0.712499
23.0 -0.563540 0.515542 -0.649937
24.0 -0.326158 0.338796 -0.591496
25.0 -0.053519 0.125920 -0.549705
26.0 0.224402 -0.121726 -0.543892
27.0 0.473525 -0.353222 -0.590421
28.0 0.672523 -0.515355 -0.664598
29.0 0.842403 -0.618833 -0.751076
30.0 1.008249 -0.687016 -0.860291
31.0 1.138559 -0.719035 -0.959778
32.0 1.210162 -0.728753 -1.017311
33.0 1.187443 -0.712209 -0.995553
34.0 1.085539 -0.658665 -0.905438
35.0 0.949421 -0.568578 -0.796713
36.0 0.793049 -0.441703 -0.694604
37.0 0.618018 -0.286174 -0.614974
38.0 0.410789 -0.116796 -0.578910
39.0 0.148115 0.034123 -0.610224
40.0 -0.183791 0.141431 -0.717242
41.0 -0.502782 0.154811 -0.825294
42.0 -0.729513 0.104515 -0.861377
43.0 -0.853797 0.039582 -0.835432
44.0 -0.891191 -0.019679 -0.787304
45.0 -0.865501 -0.063544 -0.739743
46.0 -0.778765 -0.081186 -0.687728
47.0 -0.584157 -0.070640 -0.597264
48.0 -0.260434 -0.086484 -0.417526
49.0 0.132135 -0.207250 -0.220233
50.0 0.438908 -0.352309 -0.174139
51.0 0.629211 -0.412478 -0.253732
52.0 0.723573 -0.394049 -0.366402
53.0 0.739853 -0.327528 -0.463254
54.0 0.714337 -0.244108 -0.519167
55.0 0.653417 -0.142700 -0.523639
56.0 0.564379 -0.007058 -0.489196
57.0 0.439240 0.167450 -0.434256
58.0 0.265793 0.336018 -0.388786
59.0 0.073898 0.456296 -0.351003
"ArmTwist_L"
"Arm_L"
16 0.000000 0.000000 0.000000 0.000000 0.000000 0.000000
2
0.0 0.952655 -0.480533 -0.003906
59.0 0.952655 -0.480533 -0.003906
2
0.0 0.000000 -0.000000 0.000000
59.0 -0.000000 -0.000000 -0.000000
"Elbow_L"
"ArmTwist_L"
16 0.000000 0.000000 0.000000 0.000000 0.000000 0.000000
2
0.0 0.876206 -0.444385 -0.003579
59.0 0.876206 -0.444385 -0.003579
60
0.0 -0.154261 -0.310899 0.024057
1.0 0.025236 0.052707 0.000666
2.0 0.025236 0.052708 0.000665
3.0 0.025235 0.052708 0.000665
4.0 0.025237 0.052709 0.000665
5.0 0.025236 0.052708 0.000665
6.0 0.025236 0.052707 0.000666
7.0 -0.080201 -0.165987 0.006578
8.0 -0.081660 -0.168943 0.006818
9.0 -0.116213 -0.237883 0.013772
10.0 -0.183732 -0.364968 0.033808
11.0 -0.259767 -0.492970 0.065452
12.0 -0.352934 -0.625989 0.114973
13.0 -0.449431 -0.737658 0.175855
14.0 -0.547887 -0.828292 0.245358
15.0 -0.657320 -0.906946 0.328890
16.0 -0.766800 -0.967592 0.417159
17.0 -0.853508 -1.005608 0.489489
18.0 -0.897866 -1.022221 0.527137
19.0 -0.924564 -1.031395 0.549974
20.0 -0.962426 -1.043424 0.582570
21.0 -1.047410 -1.066616 0.656495
22.0 -1.201792 -1.097327 0.792840
23.0 -1.372507 -1.117308 0.945595
24.0 -1.505239 -1.124238 1.065123
25.0 -1.618048 -1.124660 1.166880
26.0 -1.614653 -1.124720 1.163818
27.0 -1.512566 -1.124417 1.071730
28.0 -1.434779 -1.121445 1.001622
29.0 -1.418682 -1.120525 0.987129
30.0 -1.397141 -1.119135 0.967745
31.0 -1.386761 -1.118396 0.958409
32.0 -1.404162 -1.119609 0.974062
33.0 -1.480572 -1.123483 1.042883
34.0 -1.616220 -1.124694 1.165230
35.0 -1.778280 -1.116634 1.311182
36.0 -1.948183 -1.096137 1.463138
37.0 -2.118699 -1.060663 1.613467
38.0 -2.262328 -1.015801 1.737255
39.0 -2.374519 -0.968158 1.831196
40.0 -2.474028 -0.913862 1.911637
41.0 -2.550468 -0.862500 1.970951
42.0 -2.596961 -0.826358 2.005697
43.0 -2.608689 -0.816588 2.014278
44.0 -2.584178 -0.836696 1.996256
45.0 -2.532760 -0.875243 1.957433
46.0 -2.466761 -0.918274 1.905873
47.0 -2.399118 -0.955903 1.851370
48.0 -2.338201 -0.984992 1.801113
49.0 -2.269823 -1.013001 1.743617
50.0 -2.168085 -1.046999 1.656392
51.0 -2.013042 -1.084602 1.520648
52.0 -1.805235 -1.114249 1.335384
53.0 -1.572543 -1.125086 1.125830
54.0 -1.347475 -1.115190 0.923109
55.0 -1.100867 -1.078789 0.703448
56.0 -0.909239 -1.026202 0.536851
57.0 -0.735777 -0.951973 0.391757
58.0 -0.515025 -0.800368 0.221471
59.0 -0.304130 -0.559570 0.087720
"HandTwist_L"
"Elbow_L"
16 0.000000 0.000000 0.000000 0.000000 0.000000 0.000000
2
0.0 0.373764 -0.193631 -0.001365
59.0 0.373764 -0.193631 -0.001365
2
0.0 0.000000 0.000000 -0.000000
59.0 0.000000 -0.000000 0.000000
"Wrist_L"
"HandTwist_L"
16 0.000000 0.000000 0.000000 0.000000 0.000000 0.000000
2
0.0 1.193573 -0.619539 -0.005069
59.0 1.193573 -0.619539 -0.005069
60
0.0 0.429053 -0.014632 0.448693
1.0 0.268314 -0.114032 0.640789
2.0 0.225860 -0.066719 0.782976
3.0 0.127466 -0.018846 0.863768
4.0 0.000618 0.022051 0.870078
5.0 -0.124000 0.049164 0.816784
6.0 -0.224754 0.066259 0.739145
7.0 -0.168606 0.139011 0.680331
8.0 -0.253855 0.150648 0.617625
9.0 -0.353012 0.182189 0.532137
10.0 -0.443893 0.244681 0.458163
11.0 -0.517336 0.306212 0.408588
12.0 -0.538681 0.356406 0.394177
13.0 -0.522212 0.377449 0.390918
14.0 -0.493662 0.378735 0.382505
15.0 -0.452075 0.372984 0.389158
16.0 -0.411710 0.353961 0.413022
17.0 -0.388023 0.313101 0.456864
18.0 -0.370799 0.281828 0.508635
19.0 -0.270155 0.382503 0.520589
20.0 -0.167965 0.458906 0.538680
21.0 -0.139665 0.345998 0.548933
22.0 -0.206663 0.060502 0.510004
23.0 -0.202274 0.036058 0.365507
24.0 -0.204208 0.105656 0.208009
25.0 -0.218515 0.192186 0.103993
26.0 -0.250690 0.260499 0.038135
27.0 -0.298750 0.289402 -0.037413
28.0 -0.353379 0.282111 -0.141572
29.0 -0.424338 0.246638 -0.215445
30.0 -0.511869 0.198378 -0.223190
31.0 -0.607107 0.161955 -0.190615
32.0 -0.714326 0.149446 -0.136661
33.0 -0.823043 0.169426 -0.079528
34.0 -0.913590 0.222177 -0.020166
35.0 -0.975063 0.289493 0.055270
36.0 -1.006674 0.347083 0.142709
37.0 -1.005753 0.383603 0.218786
38.0 -0.988950 0.402813 0.237020
39.0 -0.959083 0.426226 0.162055
40.0 -0.919681 0.477013 -0.010322
41.0 -0.914018 0.567702 -0.217828
42.0 -0.959750 0.677885 -0.420492
43.0 -1.004553 0.766466 -0.582594
44.0 -1.009648 0.814790 -0.700075
45.0 -0.977376 0.827366 -0.782231
46.0 -0.921799 0.810327 -0.817666
47.0 -0.845175 0.755829 -0.737484
48.0 -0.791436 0.677602 -0.509826
49.0 -0.761186 0.599825 -0.173728
50.0 -0.679815 0.538816 0.097458
51.0 -0.542571 0.475159 0.244961
52.0 -0.375592 0.420142 0.311778
53.0 -0.198695 0.381209 0.344673
54.0 -0.044039 0.364839 0.379409
55.0 0.053749 0.351927 0.394206
56.0 0.132183 0.346111 0.386040
57.0 0.213810 0.321645 0.344952
58.0 0.312408 0.241320 0.299576
59.0 0.404254 0.107729 0.320762
"Thumb0_L"
"Wrist_L"
16 0.000000 0.000000 0.000000 0.000000 0.000000 0.000000
2
0.0 0.094982 -0.131366 0.144055
59.0 0.094982 -0.131366 0.144055
2
0.0 0.000000 -0.000000 -0.000000
59.0 -0.000000 0.000000 -0.000000
"Thumb1_L"
"Thumb0_L"
16 0.000000 0.000000 0.000000 0.000000 0.000000 0.000000
2
0.0 0.185343 -0.169283 0.113365
59.0 0.185343 -0.169283 0.113365
2
0.0 0.000000 -0.000000 -0.000000
59.0 0.000000 0.000000 -0.000000
"IndexFinger1_L"
"Wrist_L"
16 0.000000 0.000000 0.000000 0.000000 0.000000 0.000000
2
0.0 0.564789 -0.260494 0.153412
59.0 0.564789 -0.260494 0.153412
2
0.0 0.000000 -0.000000 -0.000000
59.0 -0.000000 0.000000 -0.000000
"IndexFinger2_L"
"IndexFinger1_L"
16 0.000000 0.000000 0.000000 0.000000 0.000000 0.000000
2
0.0 0.193523 -0.113591 -0.001356
59.0 0.193523 -0.113591 -0.001356
2
0.0 -0.000000 -0.000000 0.000000
59.0 -0.000000 0.000000 -0.000000
"MiddleFinger1_L"
"Wrist_L"
16 0.000000 0.000000 0.000000 0.000000 0.000000 0.000000
2
0.0 0.582926 -0.264064 0.018734
59.0 0.582926 -0.264064 0.018734
2
0.0 0.000000 -0.000000 -0.000000
59.0 -0.000000 0.000000 -0.000000
"MiddleFinger2_L"
"MiddleFinger1_L"
16 0.000000 0.000000 0.000000 0.000000 0.000000 0.000000
2
0.0 0.202470 -0.120420 -0.006284
59.0 0.202470 -0.120420 -0.006284
2
0.0 0.000000 0.000000 -0.000000
59.0 -0.000000 0.000000 -0.000000
"RingFinger1_L"
"Wrist_L"
16 0.000000 0.000000 0.000000 0.000000 0.000000 0.000000
2
0.0 0.560044 -0.263141 -0.117666
59.0 0.560044 -0.263141 -0.117666
2
0.0 0.000000 -0.000000 -0.000000
59.0 -0.000000 -0.000000 -0.000000
"RingFinger2_L"
"RingFinger1_L"
16 0.000000 0.000000 0.000000 0.000000 0.000000 0.000000
2
0.0 0.192449 -0.104887 0.007127
59.0 0.192449 -0.104887 0.007127
2
0.0 0.000000 0.000000 -0.000000
59.0 -0.000000 -0.000000 -0.000000
"LittleFinger1_L"
"Wrist_L"
16 0.000000 0.000000 0.000000 0.000000 0.000000 0.000000
2
0.0 0.538880 -0.270254 -0.231592
59.0 0.538880 -0.270254 -0.231592
2
0.0 0.000000 -0.000000 -0.000000
59.0 -0.000000 -0.000000 -0.000000
"LittleFinger2_L"
"LittleFinger1_L"
16 0.000000 0.000000 0.000000 0.000000 0.000000 0.000000
2
0.0 0.143702 -0.082971 0.008734
59.0 0.143702 -0.082971 0.008734
2
0.0 0.000000 0.000000 -0.000000
59.0 0.000000 -0.000000 -0.000000
"Shoulder_R"
"UpperBody2"
16 0.000000 0.000000 0.000000 0.000000 0.000000 0.000000
2
0.0 -0.245130 1.571541 -0.363298
59.0 -0.245130 1.571541 -0.363298
2
0.0 -0.000000 -0.000000 -0.000000
59.0 -0.000000 0.000000 -0.000000
"Arm_R"
"Shoulder_R"
16 0.000000 0.000000 0.000000 0.000000 0.000000 0.000000
2
0.0 -0.671766 -0.150556 -0.000853
59.0 -0.671766 -0.150556 -0.000853
60
0.0 0.363081 -0.020299 0.632993
1.0 0.422371 0.018595 0.631572
2.0 0.482284 0.035097 0.627765
3.0 0.528926 0.027443 0.625412
4.0 0.550057 -0.007681 0.630726
5.0 0.530972 -0.078420 0.649011
6.0 0.468159 -0.191652 0.675177
7.0 0.382420 -0.294359 0.700950
8.0 0.303191 -0.331773 0.714601
9.0 0.265871 -0.258661 0.701668
10.0 0.270186 -0.137832 0.655693
11.0 0.292349 -0.024855 0.586849
12.0 0.313631 0.077056 0.517466
13.0 0.314693 0.160127 0.486989
14.0 0.279197 0.197876 0.502188
15.0 0.200811 0.196580 0.563429
16.0 0.100562 0.189170 0.657473
17.0 0.001018 0.187310 0.768131
18.0 -0.080140 0.200910 0.872186
19.0 -0.120600 0.247556 0.931672
20.0 -0.114960 0.315175 0.907904
21.0 -0.085536 0.372268 0.784934
22.0 -0.041356 0.369076 0.583942
23.0 0.079601 0.310708 0.359630
24.0 0.274078 0.233133 0.227013
25.0 0.501741 0.172813 0.166073
26.0 0.699629 0.101654 0.139282
27.0 0.811912 0.015512 0.154817
28.0 0.800430 -0.077916 0.206181
29.0 0.708631 -0.159291 0.254324
30.0 0.582289 -0.227719 0.271511
31.0 0.443378 -0.256509 0.270662
32.0 0.276281 -0.226915 0.261104
33.0 0.136786 -0.281969 0.205204
34.0 -0.051570 -0.306975 0.169226
35.0 -0.275402 -0.310859 0.168315
36.0 -0.477593 -0.389574 0.244282
37.0 -0.686277 -0.399214 0.337762
38.0 -0.789195 -0.382713 0.399849
39.0 -0.823508 -0.379292 0.426308
40.0 -0.814583 -0.374738 0.427563
41.0 -0.786725 -0.373129 0.420625
42.0 -0.767910 -0.373193 0.421482
43.0 -0.785691 -0.374184 0.444956
44.0 -0.858817 -0.377512 0.500439
45.0 -0.918720 -0.381785 0.554485
46.0 -0.958112 -0.390861 0.604903
47.0 -0.983637 -0.405666 0.656326
48.0 -1.000796 -0.424765 0.711286
49.0 -1.012076 -0.447387 0.767689
50.0 -1.009032 -0.468248 0.813223
51.0 -0.955369 -0.483694 0.862690
52.0 -0.811101 -0.489906 0.904404
53.0 -0.577196 -0.473032 0.889858
54.0 -0.323248 -0.418033 0.826408
55.0 -0.131150 -0.354573 0.760332
56.0 0.019673 -0.284864 0.706327
57.0 0.137249 -0.212352 0.668094
58.0 0.230528 -0.140232 0.645008
59.0 0.304118 -0.074960 0.634678
"ArmTwist_R"
"Arm_R"
16 0.000000 0.000000 0.000000 0.000000 0.000000 0.000000
2
0.0 -0.953027 -0.480481 -0.003918
59.0 -0.953027 -0.480481 -0.003918
2
0.0 -0.000000 0.000000 -0.000000
59.0 0.000000 -0.000000 0.000000
"Elbow_R"
"ArmTwist_R"
16 0.000000 0.000000 0.000000 0.000000 0.000000 0.000000
2
0.0 -0.876175 -0.444388 -0.003589
59.0 -0.876175 -0.444388 -0.003589
60
0.0 -1.866255 1.108818 -1.393357
1.0 -1.804535 1.115474 -1.337999
2.0 -1.723454 1.121731 -1.265043
3.0 -1.629893 1.125630 -1.180649
4.0 -1.535661 1.126088 -1.095562
5.0 -1.450822 1.123537 -1.018996
6.0 -1.376761 1.118960 -0.952272
7.0 -1.304834 1.112322 -0.887647
8.0 -1.227879 1.102664 -0.818779
9.0 -1.164685 1.092598 -0.762511
10.0 -1.175314 1.094433 -0.771955
11.0 -1.257882 1.106757 -0.845591
12.0 -1.322834 1.114194 -0.903800
13.0 -1.324972 1.114405 -0.905719
14.0 -1.349303 1.116686 -0.927578
15.0 -1.408511 1.121198 -0.980858
16.0 -1.480907 1.124766 -1.046136
17.0 -1.573585 1.126318 -1.129807
18.0 -1.693385 1.123363 -1.237938
19.0 -1.810081 1.114947 -1.342980
20.0 -1.928620 1.100316 -1.449085
21.0 -2.050773 1.077920 -1.557402
22.0 -2.175287 1.045911 -1.666217
23.0 -2.261691 1.017043 -1.740402
24.0 -2.233979 1.026969 -1.716750
25.0 -2.088093 1.069388 -1.590213
26.0 -1.728704 1.121408 -1.269773
27.0 -1.147721 1.089543 -0.747458
28.0 -0.643507 0.900115 -0.319925
29.0 -0.374583 0.655427 -0.129084
30.0 -0.232771 0.451391 -0.053961
31.0 -0.115365 0.237383 -0.013941
32.0 0.027699 -0.058161 -0.000823
33.0 0.027699 -0.058162 -0.000823
34.0 0.027700 -0.058161 -0.000822
35.0 0.027700 -0.058160 -0.000823
36.0 -0.096330 0.199476 -0.009796
37.0 -0.173393 0.347850 -0.030767
38.0 -0.250560 0.480353 -0.061966
39.0 -0.318956 0.582627 -0.096741
40.0 -0.362620 0.640528 -0.121856
41.0 -0.389502 0.673447 -0.138295
42.0 -0.401286 0.687248 -0.145715
43.0 -0.398879 0.684459 -0.144188
44.0 -0.387529 0.671099 -0.137063
45.0 -0.379027 0.660858 -0.131806
46.0 -0.385243 0.668363 -0.135644
47.0 -0.416637 0.704668 -0.155566
48.0 -0.487841 0.777729 -0.203726
49.0 -0.640223 0.897974 -0.317353
50.0 -0.904056 1.026088 -0.534734
51.0 -1.275435 1.108955 -0.861299
52.0 -1.598886 1.126163 -1.152655
53.0 -1.746281 1.120246 -1.285606
54.0 -1.789822 1.116815 -1.324779
55.0 -1.894747 1.105165 -1.418845
56.0 -1.981091 1.091677 -1.495765
57.0 -2.018719 1.084586 -1.529104
58.0 -1.997987 1.088590 -1.510751
59.0 -1.938652 1.098773 -1.458025
"HandTwist_R"
"Elbow_R"
16 0.000000 0.000000 0.000000 0.000000 0.000000 0.000000
2
0.0 -0.373814 -0.193627 -0.001386
59.0 -0.373814 -0.193627 -0.001386
2
0.0 0.000000 0.000000 0.000000
59.0 0.000000 -0.000000 -0.000000
"Wrist_R"
"HandTwist_R"
16 0.000000 0.000000 0.000000 0.000000 0.000000 0.000000
2
0.0 -1.193174 -0.619587 -0.005037
59.0 -1.193174 -0.619587 -0.005037
60
0.0 0.327909 -0.631761 -0.469801
1.0 0.357344 -0.590554 -0.489974
2.0 0.363251 -0.546908 -0.491150
3.0 0.358679 -0.507392 -0.484872
4.0 0.360034 -0.477560 -0.484526
5.0 0.378106 -0.460209 -0.499511
6.0 0.395464 -0.447722 -0.521009
7.0 0.398366 -0.445714 -0.535675
8.0 0.367878 -0.456501 -0.528352
9.0 0.298758 -0.481688 -0.493916
10.0 0.211260 -0.516532 -0.445449
11.0 0.114291 -0.536037 -0.376040
12.0 0.011846 -0.520886 -0.269780
13.0 -0.090632 -0.451927 -0.154296
14.0 -0.179945 -0.340994 -0.061189
15.0 -0.258926 -0.226252 -0.013823
16.0 -0.346499 -0.145990 -0.072512
17.0 -0.425024 -0.149624 -0.225053
18.0 -0.441055 -0.205516 -0.357604
19.0 -0.500059 -0.290467 -0.373136
20.0 -0.643528 -0.420927 -0.322892
21.0 -0.861650 -0.514664 -0.178849
22.0 -1.004137 -0.447665 0.002958
23.0 -0.833475 -0.295618 0.114706
24.0 -0.367832 -0.261022 0.209545
25.0 0.171591 -0.448070 0.143365
26.0 0.664152 -0.639284 -0.152518
27.0 0.843931 -0.605696 -0.406400
28.0 0.404303 -0.328104 -0.245434
29.0 0.194565 -0.173025 -0.234245
30.0 0.099936 -0.151140 -0.287248
31.0 0.013762 -0.182223 -0.378739
32.0 -0.144313 -0.189720 -0.461864
33.0 -0.164961 -0.277885 -0.540116
34.0 -0.181991 -0.316464 -0.624185
35.0 -0.224432 -0.297820 -0.688591
36.0 -0.130446 -0.298315 -0.743802
37.0 -0.115063 -0.267256 -0.706508
38.0 -0.122545 -0.323162 -0.645663
39.0 -0.129627 -0.446590 -0.587471
40.0 -0.217971 -0.442459 -0.534235
41.0 -0.394826 -0.291136 -0.547909
42.0 -0.504785 -0.271009 -0.562131
43.0 -0.494518 -0.375117 -0.514790
44.0 -0.432943 -0.341396 -0.549093
45.0 -0.398304 -0.233989 -0.641971
46.0 -0.414929 -0.109103 -0.750729
47.0 -0.463804 -0.012158 -0.844079
48.0 -0.491881 0.021506 -0.905987
49.0 -0.389387 -0.056767 -0.954432
50.0 -0.024932 -0.154141 -1.067430
51.0 0.443167 -0.083239 -1.011154
52.0 0.567721 -0.194576 -0.611666
53.0 0.126972 -0.254478 -0.261034
54.0 -0.264394 -0.093336 -0.250015
55.0 -0.344825 -0.019340 -0.318109
56.0 -0.292565 -0.085191 -0.325595
57.0 -0.153824 -0.241170 -0.314764
58.0 0.031105 -0.437532 -0.337358
59.0 0.217838 -0.593801 -0.407236
"Thumb0_R"
"Wrist_R"
16 0.000000 0.000000 0.000000 0.000000 0.000000 0.000000
2
0.0 -0.095376 -0.131268 0.144024
59.0 -0.095376 -0.131268 0.144024
2
0.0 -0.000000 -0.000000 -0.000000
59.0 0.000000 -0.000000 -0.000000
"Thumb1_R"
"Thumb0_R"
16 0.000000 0.000000 0.000000 0.000000 0.000000 0.000000
2
0.0 -0.185346 -0.169282 0.113364
59.0 -0.185346 -0.169282 0.113364
2
0.0 -0.000000 0.000000 0.000000
59.0 -0.000000 0.000000 0.000000
"IndexFinger1_R"
"Wrist_R"
16 0.000000 0.000000 0.000000 0.000000 0.000000 0.000000
2
0.0 -0.565180 -0.260386 0.153379
59.0 -0.565180 -0.260386 0.153379
2
0.0 -0.000000 0.000000 0.000000
59.0 0.000000 -0.000000 -0.000000
"IndexFinger2_R"
"IndexFinger1_R"
16 0.000000 0.000000 0.000000 0.000000 0.000000 0.000000
2
0.0 -0.193524 -0.113590 -0.001357
59.0 -0.193524 -0.113590 -0.001357
2
0.0 -0.000000 0.000000 0.000000
59.0 0.000000 -0.000000 0.000000
"MiddleFinger1_R"
"Wrist_R"
16 0.000000 0.000000 0.000000 0.000000 0.000000 0.000000
2
0.0 -0.583316 -0.263954 0.018703
59.0 -0.583316 -0.263954 0.018703
2
0.0 -0.000000 -0.000000 -0.000000
59.0 0.000000 -0.000000 -0.000000
"MiddleFinger2_R"
"MiddleFinger1_R"
16 0.000000 0.000000 0.000000 0.000000 0.000000 0.000000
2
0.0 -0.202472 -0.120420 -0.006284
59.0 -0.202472 -0.120420 -0.006284
2
0.0 -0.000000 -0.000000 0.000000
59.0 0.000000 -0.000000 -0.000000
"RingFinger1_R"
"Wrist_R"
16 0.000000 0.000000 0.000000 0.000000 0.000000 0.000000
2
0.0 -0.560441 -0.263037 -0.117695
59.0 -0.560441 -0.263037 -0.117695
2
0.0 -0.000000 0.000000 0.000000
59.0 0.000000 -0.000000 -0.000000
"RingFinger2_R"
"RingFinger1_R"
16 0.000000 0.000000 0.000000 0.000000 0.000000 0.000000
2
0.0 -0.192445 -0.104878 0.007127
59.0 -0.192445 -0.104878 0.007127
2
0.0 -0.000000 0.000000 -0.000000
59.0 0.000000 -0.000000 0.000000
"LittleFinger1_R"
"Wrist_R"
16 0.000000 0.000000 0.000000 0.000000 0.000000 0.000000
2
0.0 -0.539272 -0.270146 -0.231618
59.0 -0.539272 -0.270146 -0.231618
2
0.0 -0.000000 0.000000 0.000000
59.0 0.000000 -0.000000 -0.000000
"LittleFinger2_R"
"LittleFinger1_R"
16 0.000000 0.000000 0.000000 0.000000 0.000000 0.000000
2
0.0 -0.143701 -0.082970 0.008734
59.0 -0.143701 -0.082970 0.008734
2
0.0 -0.000000 0.000000 0.000000
59.0 0.000000 -0.000000 -0.000000
"LowerBody"
"Waist"
16 0.000000 0.000000 0.000000 0.000000 0.000000 0.000000
2
0.0 0.000000 0.202990 0.000000
59.0 0.000000 0.202990 0.000000
2
0.0 -0.000000 0.000000 -0.000000
59.0 0.000000 0.000000 -0.000000
"Leg_L"
"LowerBody"
16 0.000000 0.000000 0.000000 0.000000 0.000000 0.000000
2
0.0 0.806987 -0.873878 -0.016839
59.0 0.806987 -0.873878 -0.016839
60
0.0 -0.038370 0.198721 -0.345987
1.0 0.014275 0.201335 -0.375119
2.0 0.044188 0.201864 -0.393612
3.0 0.039392 0.200367 -0.403735
4.0 0.004119 0.196932 -0.407670
5.0 -0.048308 0.191721 -0.407616
6.0 -0.110265 0.184982 -0.405881
7.0 -0.179339 0.177037 -0.404994
8.0 -0.254008 0.168257 -0.407812
9.0 -0.329009 0.156315 -0.417030
10.0 -0.398551 0.114727 -0.435595
11.0 -0.453060 0.040345 -0.460883
12.0 -0.489475 -0.030718 -0.495005
13.0 -0.517899 -0.082556 -0.525229
14.0 -0.550162 -0.110270 -0.548038
15.0 -0.583906 -0.125145 -0.559528
16.0 -0.619803 -0.131451 -0.559431
17.0 -0.657353 -0.130259 -0.547909
18.0 -0.693250 -0.122643 -0.525265
19.0 -0.723413 -0.109571 -0.491929
20.0 -0.745507 -0.087427 -0.448460
21.0 -0.758110 -0.058313 -0.394267
22.0 -0.763387 -0.034541 -0.320626
23.0 -0.760614 -0.028506 -0.227213
24.0 -0.749933 -0.044517 -0.119591
25.0 -0.729633 -0.077859 -0.004296
26.0 -0.695477 -0.125741 0.112753
27.0 -0.645394 -0.188636 0.228586
28.0 -0.595538 -0.240628 0.340253
29.0 -0.545772 -0.264903 0.442019
30.0 -0.495284 -0.249055 0.528434
31.0 -0.436932 -0.213625 0.600222
32.0 -0.377635 -0.187777 0.661941
33.0 -0.328594 -0.186702 0.714254
34.0 -0.305322 -0.202043 0.753619
35.0 -0.319733 -0.225889 0.781248
36.0 -0.366437 -0.249288 0.801991
37.0 -0.431384 -0.260633 0.814521
38.0 -0.493805 -0.253436 0.816119
39.0 -0.548675 -0.238680 0.807236
40.0 -0.593101 -0.230362 0.790099
41.0 -0.623467 -0.237010 0.765064
42.0 -0.635229 -0.256326 0.730953
43.0 -0.623219 -0.284499 0.686232
44.0 -0.585957 -0.314503 0.630450
45.0 -0.544655 -0.329042 0.570781
46.0 -0.501826 -0.326317 0.508565
47.0 -0.458538 -0.309439 0.443269
48.0 -0.415224 -0.291963 0.371300
49.0 -0.373416 -0.269982 0.294600
50.0 -0.339112 -0.236060 0.219234
51.0 -0.335498 -0.181723 0.154827
52.0 -0.351319 -0.115012 0.095812
53.0 -0.368296 -0.051177 0.033218
54.0 -0.367527 0.005703 -0.033442
55.0 -0.341399 0.055131 -0.100917
56.0 -0.296107 0.098051 -0.165389
57.0 -0.237084 0.134726 -0.224097
58.0 -0.169251 0.164677 -0.274891
59.0 -0.099155 0.186641 -0.316036
"Knee_L"
"Leg_L"
16 0.000000 0.000000 0.000000 0.000000 0.000000 0.000000
2
0.0 -0.197441 -3.064253 -0.221012
59.0 -0.197441 -3.064253 -0.221012
60
0.0 0.437546 0.000000 0.000000
1.0 0.321840 -0.000000 -0.000000
2.0 0.256592 0.000000 -0.000000
3.0 0.263701 -0.000000 -0.000000
4.0 0.332461 -0.000000 -0.000000
5.0 0.433840 0.000000 -0.000000
6.0 0.550195 -0.000000 0.000000
7.0 0.674225 0.000000 -0.000000
8.0 0.800517 -0.000001 0.000001
9.0 0.920588 0.000000 0.000000
10.0 1.031387 0.000000 -0.000000
11.0 1.131225 -0.000001 -0.000000
12.0 1.211977 0.000000 0.000000
13.0 1.272065 -0.000000 -0.000000
14.0 1.319120 -0.000000 -0.000000
15.0 1.358799 -0.000001 -0.000001
16.0 1.394523 0.000000 -0.000000
17.0 1.428344 0.000000 -0.000000
18.0 1.458024 -0.000000 -0.000000
19.0 1.479645 0.000000 0.000000
20.0 1.491969 0.000000 -0.000000
21.0 1.493278 0.000000 0.000000
22.0 1.481380 -0.000000 -0.000000
23.0 1.452613 -0.000000 -0.000000
24.0 1.400778 -0.000001 0.000001
25.0 1.318655 0.000000 0.000000
26.0 1.198015 -0.000000 -0.000000
27.0 1.042297 0.000000 -0.000000
28.0 0.897796 -0.000000 0.000000
29.0 0.771441 0.000000 0.000000
30.0 0.665075 0.000000 -0.000000
31.0 0.560515 -0.000000 0.000000
32.0 0.462708 -0.000000 -0.000000
33.0 0.389641 -0.000000 0.000000
34.0 0.369103 0.000000 -0.000000
35.0 0.418134 -0.000000 0.000000
36.0 0.522126 -0.000000 0.000000
37.0 0.659713 -0.000000 -0.000000
38.0 0.794776 0.000000 -0.000000
39.0 0.922724 0.000000 -0.000000
40.0 1.042736 -0.000000 -0.000000
41.0 1.154677 0.000000 0.000000
42.0 1.257949 -0.000000 -0.000000
43.0 1.351328 0.000000 0.000000
44.0 1.432852 0.000000 -0.000000
45.0 1.500933 -0.000002 0.000001
46.0 1.555468 -0.000000 0.000000
47.0 1.595831 0.000000 -0.000000
48.0 1.620991 0.000000 0.000000
49.0 1.629553 -0.000001 0.000001
50.0 1.620138 -0.000001 -0.000001
51.0 1.592709 0.000000 -0.000000
52.0 1.543429 0.000000 0.000000
53.0 1.466632 0.000000 0.000000
54.0 1.353758 0.000000 0.000000
55.0 1.217614 0.000000 -0.000000
56.0 1.068006 -0.000000 0.000000
57.0 0.908214 -0.000000 -0.000000
58.0 0.742729 0.000000 0.000000
59.0 0.579708 -0.000000 -0.000000
"Ankle_L"
"Knee_L"
16 0.000000 0.000000 0.000000 0.000000 0.000000 0.000000
2
0.0 -0.000932 -3.162381 -0.291839
59.0 -0.000932 -3.162381 -0.291839
60
0.0 -0.115106 0.006868 -0.055686
1.0 -0.048445 -0.048572 -0.056557
2.0 0.003653 -0.099208 -0.064475
3.0 0.028910 -0.143934 -0.071065
4.0 0.031061 -0.180997 -0.070660
5.0 0.023349 -0.207198 -0.062433
6.0 0.013822 -0.219261 -0.047717
7.0 0.005748 -0.214257 -0.028422
8.0 0.003005 -0.174660 -0.015167
9.0 0.007787 -0.059768 -0.038813
10.0 0.004990 0.098194 -0.091637
11.0 -0.009371 0.237851 -0.136394
12.0 -0.016378 0.312716 -0.122432
13.0 -0.016081 0.371185 -0.096775
14.0 -0.017091 0.424770 -0.077756
15.0 -0.021460 0.469881 -0.066430
16.0 -0.029665 0.505405 -0.061850
17.0 -0.042898 0.529997 -0.063578
18.0 -0.060067 0.542534 -0.070253
19.0 -0.078729 0.542042 -0.079535
20.0 -0.097906 0.525205 -0.085360
21.0 -0.116926 0.492192 -0.086118
22.0 -0.135442 0.446484 -0.091307
23.0 -0.148911 0.393744 -0.103242
24.0 -0.153543 0.341503 -0.123143
25.0 -0.148209 0.298493 -0.152583
26.0 -0.130446 0.277193 -0.191697
27.0 -0.103509 0.282908 -0.235389
28.0 -0.081951 0.259169 -0.255740
29.0 -0.066574 0.215404 -0.265752
30.0 -0.053084 0.182896 -0.280467
31.0 -0.038448 0.177416 -0.298103
32.0 -0.029403 0.185806 -0.310362
33.0 -0.038108 0.215476 -0.319977
34.0 -0.073562 0.249934 -0.327624
35.0 -0.139876 0.276363 -0.336955
36.0 -0.226403 0.288041 -0.349353
37.0 -0.319201 0.278651 -0.358312
38.0 -0.398484 0.250556 -0.352112
39.0 -0.467305 0.216005 -0.333351
40.0 -0.530422 0.187664 -0.310508
41.0 -0.589785 0.172681 -0.290346
42.0 -0.642890 0.169266 -0.274145
43.0 -0.690420 0.175115 -0.262274
44.0 -0.732569 0.188297 -0.254644
45.0 -0.767536 0.209707 -0.248920
46.0 -0.797675 0.239517 -0.244344
47.0 -0.822446 0.275386 -0.241589
48.0 -0.842664 0.322436 -0.249677
49.0 -0.855780 0.373609 -0.262825
50.0 -0.857303 0.419655 -0.270672
51.0 -0.837616 0.449661 -0.256901
52.0 -0.796501 0.459537 -0.218354
53.0 -0.733252 0.448619 -0.169605
54.0 -0.646748 0.414616 -0.119245
55.0 -0.552771 0.360297 -0.078981
56.0 -0.459153 0.291871 -0.054377
57.0 -0.366914 0.216755 -0.045036
58.0 -0.276537 0.141564 -0.047143
59.0 -0.190097 0.070977 -0.053907
"Leg_R"
"LowerBody"
16 0.000000 0.000000 0.000000 0.000000 0.000000 0.000000
2
0.0 -0.805698 -0.873870 -0.016850
59.0 -0.805698 -0.873870 -0.016850
60
0.0 -0.156001 0.044849 -0.687123
1.0 -0.134624 0.040370 -0.728123
2.0 -0.115831 0.034107 -0.754521
3.0 -0.102402 0.025209 -0.767858
4.0 -0.095417 0.013474 -0.770505
5.0 -0.094220 0.000395 -0.766511
6.0 -0.100934 -0.014215 -0.757785
7.0 -0.118091 -0.030449 -0.746096
8.0 -0.147179 -0.048920 -0.733329
9.0 -0.184823 -0.068786 -0.720241
10.0 -0.223025 -0.092431 -0.706442
11.0 -0.247791 -0.129156 -0.691067
12.0 -0.268421 -0.166166 -0.677584
13.0 -0.297863 -0.190117 -0.664262
14.0 -0.343379 -0.192995 -0.648652
15.0 -0.393298 -0.189954 -0.627193
16.0 -0.445358 -0.187366 -0.598786
17.0 -0.495960 -0.186027 -0.564491
18.0 -0.541004 -0.186161 -0.525330
19.0 -0.576773 -0.186198 -0.482352
20.0 -0.599976 -0.185290 -0.437206
21.0 -0.608156 -0.184068 -0.391059
22.0 -0.601560 -0.186572 -0.338615
23.0 -0.578460 -0.199253 -0.278813
24.0 -0.545408 -0.220521 -0.215740
25.0 -0.501769 -0.240020 -0.152529
26.0 -0.443818 -0.244513 -0.091622
27.0 -0.369709 -0.227607 -0.034476
28.0 -0.300848 -0.191428 0.024145
29.0 -0.235019 -0.147896 0.082635
30.0 -0.172707 -0.106432 0.138521
31.0 -0.120105 -0.075552 0.189821
32.0 -0.092161 -0.064523 0.234392
33.0 -0.098310 -0.073920 0.269694
34.0 -0.128113 -0.097552 0.292920
35.0 -0.168166 -0.129143 0.305771
36.0 -0.213544 -0.161850 0.314071
37.0 -0.258448 -0.185491 0.318779
38.0 -0.298906 -0.199160 0.319980
39.0 -0.331601 -0.208879 0.316874
40.0 -0.353630 -0.215643 0.309327
41.0 -0.362248 -0.219953 0.297466
42.0 -0.357631 -0.223542 0.284175
43.0 -0.346120 -0.235708 0.281787
44.0 -0.320899 -0.253725 0.283714
45.0 -0.299962 -0.265260 0.284005
46.0 -0.275941 -0.261063 0.269652
47.0 -0.242550 -0.231885 0.233140
48.0 -0.212095 -0.188971 0.189828
49.0 -0.186189 -0.138836 0.140513
50.0 -0.168338 -0.090344 0.079273
51.0 -0.181934 -0.045108 0.006629
52.0 -0.218261 -0.007606 -0.077516
53.0 -0.260042 0.017722 -0.169589
54.0 -0.287548 0.030519 -0.263648
55.0 -0.291020 0.036847 -0.355127
56.0 -0.276066 0.041200 -0.440930
57.0 -0.248686 0.045057 -0.518732
58.0 -0.214649 0.047699 -0.586893
59.0 -0.180886 0.048088 -0.643650
"Knee_R"
"Leg_R"
16 0.000000 0.000000 0.000000 0.000000 0.000000 0.000000
2
0.0 0.197656 -3.064081 -0.223106
59.0 0.197656 -3.064081 -0.223106
60
0.0 0.810448 0.000000 -0.000000
1.0 0.767576 0.000000 -0.000000
2.0 0.742479 -0.000000 0.000001
3.0 0.736356 0.000000 -0.000000
4.0 0.747472 0.000000 -0.000000
5.0 0.771576 0.000000 -0.000000
6.0 0.809072 0.000000 -0.000000
7.0 0.861189 0.000000 -0.000000
8.0 0.927179 0.000000 0.000000
9.0 1.000599 0.000000 0.000000
10.0 1.077144 0.000000 0.000000
11.0 1.153003 0.000000 -0.000000
12.0 1.225820 0.000000 -0.000000
13.0 1.294703 0.000000 0.000000
14.0 1.357692 0.000000 -0.000000
15.0 1.413018 0.000000 -0.000000
16.0 1.460560 0.000000 -0.000000
17.0 1.498807 0.000000 0.000000
18.0 1.526238 0.000000 0.000000
19.0 1.541517 0.000000 0.000000
20.0 1.543303 -0.000001 -0.000001
21.0 1.530042 0.000000 -0.000000
22.0 1.499414 0.000000 0.000000
23.0 1.448225 0.000000 -0.000000
24.0 1.373952 -0.000000 0.000001
25.0 1.270388 0.000000 0.000000
26.0 1.128111 0.000000 -0.000000
27.0 0.946115 0.000000 -0.000000
28.0 0.770556 0.000000 0.000000
29.0 0.606328 0.000000 -0.000000
30.0 0.459649 0.000000 -0.000000
31.0 0.345150 -0.000000 -0.000000
32.0 0.290725 0.000000 0.000000
33.0 0.316416 0.000000 -0.000000
34.0 0.402195 -0.000000 -0.000000
35.0 0.515924 -0.000000 0.000000
36.0 0.641890 -0.000000 0.000000
37.0 0.771257 -0.000000 -0.000000
38.0 0.899174 0.000000 -0.000000
39.0 1.022750 -0.000000 0.000001
40.0 1.139862 0.000000 0.000000
41.0 1.248606 0.000000 -0.000000
42.0 1.349312 -0.000000 0.000000
43.0 1.436510 -0.000001 -0.000000
44.0 1.497425 0.000000 0.000000
45.0 1.538071 0.000000 0.000000
46.0 1.566854 -0.000001 -0.000000
47.0 1.591816 0.000000 -0.000000
48.0 1.609888 -0.000001 -0.000001
49.0 1.618180 0.000000 0.000000
50.0 1.614871 0.000000 0.000000
51.0 1.600322 -0.000000 0.000000
52.0 1.569334 0.000000 0.000000
53.0 1.515050 0.000000 -0.000000
54.0 1.428993 0.000000 -0.000000
55.0 1.323679 -0.000000 -0.000000
56.0 1.209766 0.000000 -0.000000
57.0 1.092619 0.000000 0.000000
58.0 0.979442 0.000000 -0.000000
59.0 0.880591 0.000000 0.000000
"Ankle_R"
"Knee_R"
16 0.000000 0.000000 0.000000 0.000000 0.000000 0.000000
2
0.0 0.001066 -3.162524 -0.289978
59.0 0.001066 -3.162524 -0.289978
60
0.0 -0.267845 -0.356902 0.307748
1.0 -0.267604 -0.318433 0.271275
2.0 -0.281822 -0.279417 0.229226
3.0 -0.308129 -0.244260 0.182000
4.0 -0.343111 -0.217705 0.131642
5.0 -0.382756 -0.204270 0.083613
6.0 -0.425133 -0.206897 0.042008
7.0 -0.468077 -0.219717 0.005975
8.0 -0.508765 -0.237412 -0.025596
9.0 -0.543994 -0.259074 -0.052277
10.0 -0.573783 -0.284715 -0.072902
11.0 -0.600301 -0.314212 -0.086187
12.0 -0.623015 -0.345396 -0.090880
13.0 -0.640548 -0.377125 -0.089256
14.0 -0.653806 -0.408476 -0.085264
15.0 -0.665254 -0.438796 -0.083463
16.0 -0.672803 -0.466577 -0.087523
17.0 -0.675156 -0.488998 -0.098342
18.0 -0.672357 -0.504979 -0.114150
19.0 -0.664601 -0.514867 -0.130991
20.0 -0.652017 -0.518557 -0.144897
21.0 -0.634307 -0.515899 -0.153268
22.0 -0.609370 -0.508465 -0.159676
23.0 -0.580756 -0.483787 -0.150047
24.0 -0.543729 -0.434877 -0.116142
25.0 -0.492339 -0.373552 -0.064342
26.0 -0.419441 -0.312262 -0.002612
27.0 -0.327061 -0.265086 0.061826
28.0 -0.237888 -0.238407 0.115079
29.0 -0.150459 -0.229850 0.145571
30.0 -0.067676 -0.228086 0.160116
31.0 0.004251 -0.224390 0.164607
32.0 0.052659 -0.205990 0.163831
33.0 0.066081 -0.172829 0.162859
34.0 0.051572 -0.135850 0.162875
35.0 0.022522 -0.105235 0.167770
36.0 -0.013632 -0.090230 0.177893
37.0 -0.048873 -0.098611 0.199401
38.0 -0.076764 -0.110321 0.222850
39.0 -0.096544 -0.105804 0.232362
40.0 -0.110304 -0.091587 0.228244
41.0 -0.120593 -0.073694 0.212521
42.0 -0.130073 -0.058381 0.186004
43.0 -0.132187 -0.057638 0.139630
44.0 -0.123412 -0.071315 0.085075
45.0 -0.111910 -0.092131 0.037914
46.0 -0.114461 -0.111415 0.015048
47.0 -0.146720 -0.128190 0.035103
48.0 -0.191512 -0.151671 0.082321
49.0 -0.241915 -0.178959 0.145895
50.0 -0.292247 -0.202207 0.212950
51.0 -0.334752 -0.222735 0.277240
52.0 -0.364945 -0.243967 0.334809
53.0 -0.380506 -0.269252 0.380213
54.0 -0.378669 -0.300214 0.407345
55.0 -0.367388 -0.329719 0.415919
56.0 -0.351042 -0.354677 0.410724
57.0 -0.330899 -0.375046 0.396287
58.0 -0.307704 -0.385605 0.372791
59.0 -0.284649 -0.381145 0.342251
