Bones: 47
"ParentNode"
""
0 0.000000 0.000000 0.000000 0.000000 0.000000 0.000000
2
0.0 0.000000 0.000000 -0.000000
59.0 0.000000 0.000000 -0.000000
2
0.0 3.141593 0.000000 3.141593
59.0 3.141593 0.000000 3.141593
"Center"
"ParentNode"
0 0.000000 0.000000 0.000000 0.000000 0.000000 0.000000
2
0.0 0.000000 0.637193 1.860000
59.0 0.000000 0.637193 1.860000
2
0.0 0.000000 -0.000000 0.000000
59.0 0.000000 -0.000000 0.000000
"Groove"
"Center"
0 0.000000 0.000000 0.000000 0.000000 0.000000 0.000000
2
0.0 0.000000 0.427938 0.000000
59.0 0.000000 0.427938 0.000000
2
0.0 -0.000000 0.000000 0.000000
59.0 -0.000000 0.000000 0.000000
"Waist"
"Groove"
0 0.000000 0.000000 0.000000 0.000000 0.000000 0.000000
2
0.0 0.000000 0.000000 0.000000
59.0 0.000000 0.000000 0.000000
60
0.0 0.064332 0.128941 0.137728
1.0 0.062636 0.105809 0.149389
2.0 0.058389 0.080143 0.160814
3.0 0.051905 0.052326 0.171588
4.0 0.043499 0.022742 0.181295
5.0 0.033485 -0.008228 0.189525
6.0 0.022178 -0.040199 0.195861
7.0 0.009892 -0.072789 0.199891
8.0 -0.003056 -0.105616 0.201202
9.0 -0.016355 -0.138295 0.199378
10.0 -0.029689 -0.170445 0.194007
11.0 -0.042741 -0.201682 0.184675
12.0 -0.055199 -0.231625 0.170967
13.0 -0.066749 -0.259888 0.152470
14.0 -0.077075 -0.286090 0.128771
15.0 -0.085862 -0.309848 0.102560
16.0 -0.092797 -0.330778 0.076836
17.0 -0.097564 -0.348499 0.051643
18.0 -0.099849 -0.362626 0.027027
19.0 -0.098800 -0.372777 0.003034
20.0 -0.093346 -0.378570 -0.020291
21.0 -0.084146 -0.379746 -0.042904
22.0 -0.071925 -0.377230 -0.064756
23.0 -0.057412 -0.371466 -0.085805
24.0 -0.041332 -0.362672 -0.106005
25.0 -0.024410 -0.351070 -0.125310
26.0 -0.007375 -0.336880 -0.143674
27.0 0.009048 -0.320322 -0.161052
28.0 0.024133 -0.301616 -0.177399
29.0 0.037152 -0.280983 -0.192669
30.0 0.047380 -0.258643 -0.206818
31.0 0.054091 -0.234815 -0.219799
32.0 0.056558 -0.209721 -0.231567
33.0 0.054572 -0.183580 -0.242076
34.0 0.048775 -0.156613 -0.251800
35.0 0.039795 -0.129040 -0.261005
36.0 0.028259 -0.101081 -0.269341
37.0 0.014792 -0.072957 -0.276458
38.0 0.000023 -0.044887 -0.282004
39.0 -0.015422 -0.017092 -0.285629
40.0 -0.030917 0.010208 -0.286983
41.0 -0.045832 0.036793 -0.285714
42.0 -0.059543 0.062442 -0.281472
43.0 -0.071423 0.086935 -0.273907
44.0 -0.080845 0.110052 -0.262666
45.0 -0.087180 0.131573 -0.247401
46.0 -0.089803 0.151277 -0.227759
47.0 -0.088086 0.168944 -0.203390
48.0 -0.082134 0.184356 -0.173945
49.0 -0.072638 0.197288 -0.141727
50.0 -0.060304 0.207524 -0.109506
51.0 -0.045835 0.214843 -0.077624
52.0 -0.029936 0.219023 -0.046420
53.0 -0.013309 0.219837 -0.016239
54.0 0.003342 0.216693 0.012580
55.0 0.019312 0.209609 0.039693
56.0 0.033898 0.198983 0.064760
57.0 0.046398 0.185206 0.087439
58.0 0.056105 0.168677 0.107387
59.0 0.062318 0.149790 0.124264
"UpperBody"
"Waist"
0 0.000000 0.000000 0.000000 0.000000 0.000000 0.000000
2
0.0 0.000000 0.000001 -0.000001
59.0 0.000000 0.000001 -0.000001
60
0.0 0.223845 -0.053319 0.036633
1.0 0.217592 -0.065640 0.037568
2.0 0.201306 -0.082352 0.037254
3.0 0.181366 -0.099212 0.035780
4.0 0.164207 -0.111968 0.033373
5.0 0.156305 -0.116370 0.030463
6.0 0.163994 -0.108189 0.027740
7.0 0.185756 -0.083190 0.026173
8.0 0.216789 -0.038247 0.027004
9.0 0.254258 0.014745 0.031402
10.0 0.295445 0.058963 0.039681
11.0 0.337550 0.078695 0.051149
12.0 0.377071 0.078669 0.062485
13.0 0.409621 0.067339 0.068462
14.0 0.432265 0.049695 0.071006
15.0 0.439682 0.030880 0.069603
16.0 0.423524 0.016035 0.063770
17.0 0.390479 0.009915 0.055979
18.0 0.349079 0.017082 0.048548
19.0 0.307471 0.031373 0.042262
20.0 0.273652 0.046250 0.037711
21.0 0.256870 0.060882 0.035723
22.0 0.255269 0.075906 0.034951
23.0 0.263755 0.091381 0.035006
24.0 0.279367 0.107126 0.035728
25.0 0.299122 0.122963 0.037004
26.0 0.320038 0.138701 0.038776
27.0 0.339125 0.154142 0.041037
28.0 0.353402 0.169070 0.043830
29.0 0.359903 0.183254 0.047236
30.0 0.355621 0.196441 0.051381
31.0 0.338543 0.208354 0.056408
32.0 0.313987 0.218688 0.062479
33.0 0.288488 0.227142 0.069635
34.0 0.267799 0.233477 0.078208
35.0 0.257610 0.237440 0.088251
36.0 0.263267 0.238777 0.099127
37.0 0.283185 0.237960 0.110148
38.0 0.313093 0.235519 0.120641
39.0 0.349872 0.231606 0.129963
40.0 0.390465 0.226423 0.137496
41.0 0.431866 0.220196 0.142854
42.0 0.471001 0.213100 0.147162
43.0 0.504796 0.205342 0.150147
44.0 0.530250 0.197158 0.151150
45.0 0.544418 0.188781 0.149562
46.0 0.541307 0.180415 0.144811
47.0 0.507070 0.172207 0.136356
48.0 0.450483 0.164117 0.123788
49.0 0.383239 0.155840 0.109283
50.0 0.316811 0.147109 0.095403
51.0 0.263107 0.135476 0.082316
52.0 0.234031 0.117655 0.070286
53.0 0.222846 0.095293 0.059761
54.0 0.216573 0.070536 0.051054
55.0 0.214145 0.044953 0.044303
56.0 0.214492 0.019745 0.039515
57.0 0.216589 -0.003870 0.036578
58.0 0.219458 -0.024701 0.035295
59.0 0.222171 -0.041567 0.035403
"UpperBody2"
"UpperBody"
0 0.000000 0.000000 0.000000 0.000000 0.000000 0.000000
2
0.0 0.000000 1.703150 -0.000001
59.0 0.000000 1.703150 -0.000001
2
0.0 -0.000000 0.000000 0.000000
59.0 0.000000 0.000000 0.000000
"Neck"
"UpperBody2"
0 0.000000 0.000000 0.000000 0.000000 0.000000 0.000000
2
0.0 0.000000 1.873467 -0.255475
59.0 0.000000 1.873467 -0.255475
60
0.0 -0.057477 -0.194526 0.086166
1.0 -0.039096 -0.182560 0.066842
2.0 0.002834 -0.160236 0.041969
3.0 0.054647 -0.131603 0.015476
4.0 0.103215 -0.101524 -0.009769
5.0 0.136007 -0.075697 -0.032301
6.0 0.141247 -0.060412 -0.051636
7.0 0.123171 -0.061794 -0.067579
8.0 0.091982 -0.084288 -0.079106
9.0 0.051898 -0.117439 -0.087365
10.0 0.006058 -0.146056 -0.095306
11.0 -0.043001 -0.159310 -0.106193
12.0 -0.091605 -0.177467 -0.111396
13.0 -0.133351 -0.194612 -0.107336
14.0 -0.161309 -0.199220 -0.100945
15.0 -0.166600 -0.180289 -0.100353
16.0 -0.125783 -0.129787 -0.110723
17.0 -0.038927 -0.069727 -0.120869
18.0 0.073519 -0.031454 -0.120365
19.0 0.191043 -0.030768 -0.109281
20.0 0.292730 -0.051685 -0.096476
21.0 0.358419 -0.086576 -0.084677
22.0 0.378922 -0.127494 -0.072378
23.0 0.356446 -0.166633 -0.059330
24.0 0.311869 -0.196700 -0.046512
25.0 0.254446 -0.212474 -0.036102
26.0 0.192200 -0.218512 -0.028465
27.0 0.133060 -0.218217 -0.023976
28.0 0.084821 -0.214356 -0.022717
29.0 0.055139 -0.209525 -0.024281
30.0 0.051632 -0.206117 -0.027953
31.0 0.080897 -0.206421 -0.032804
32.0 0.142095 -0.213031 -0.036781
33.0 0.221373 -0.227902 -0.038327
34.0 0.295053 -0.247922 -0.037843
35.0 0.345465 -0.271322 -0.034466
36.0 0.355666 -0.296519 -0.026347
37.0 0.333319 -0.322089 -0.012906
38.0 0.289392 -0.346412 0.005394
39.0 0.229419 -0.367494 0.027837
40.0 0.159192 -0.383469 0.053137
41.0 0.084815 -0.392804 0.079233
42.0 0.012979 -0.394979 0.102156
43.0 -0.049949 -0.389506 0.119283
44.0 -0.098244 -0.377618 0.129526
45.0 -0.126610 -0.361165 0.132711
46.0 -0.126691 -0.342134 0.128114
47.0 -0.082327 -0.322967 0.113143
48.0 -0.006228 -0.302794 0.093307
49.0 0.084077 -0.280991 0.074330
50.0 0.171425 -0.258034 0.060710
51.0 0.239512 -0.233043 0.054064
52.0 0.272473 -0.204172 0.054609
53.0 0.273377 -0.174860 0.058943
54.0 0.246725 -0.154551 0.065002
55.0 0.195630 -0.150440 0.073776
56.0 0.130785 -0.157377 0.083463
57.0 0.062647 -0.170223 0.092034
58.0 0.001601 -0.183983 0.097126
59.0 -0.041939 -0.193739 0.096091
"Head"
"Neck"
0 0.000000 0.000000 0.000000 0.000000 0.000000 0.000000
2
0.0 0.000000 0.596102 0.255472
59.0 0.000000 0.596102 0.255472
60
0.0 -0.051498 0.098444 -0.107365
1.0 -0.051321 0.106452 -0.109297
2.0 -0.047316 0.108456 -0.109093
3.0 -0.040177 0.106211 -0.106486
4.0 -0.030643 0.101474 -0.101167
5.0 -0.019480 0.095857 -0.093005
6.0 -0.007534 0.090662 -0.082107
7.0 -0.000346 0.086260 -0.069416
8.0 0.001198 0.082892 -0.056021
9.0 -0.001040 0.081156 -0.042652
10.0 -0.005169 0.081777 -0.029930
11.0 -0.009338 0.088662 -0.019175
12.0 -0.011742 0.118854 -0.014630
13.0 -0.010274 0.161191 -0.013408
14.0 -0.003407 0.198855 -0.013157
15.0 0.010662 0.215078 -0.011042
16.0 0.020059 0.196611 -0.007380
17.0 0.019485 0.161250 -0.004945
18.0 0.006042 0.134928 -0.005362
19.0 -0.026509 0.135392 -0.015260
20.0 -0.067633 0.149759 -0.032649
21.0 -0.106693 0.170702 -0.054025
22.0 -0.132546 0.193897 -0.073369
23.0 -0.138647 0.215737 -0.084100
24.0 -0.137790 0.230334 -0.084181
25.0 -0.132011 0.233011 -0.071553
26.0 -0.123676 0.226997 -0.050151
27.0 -0.115263 0.214725 -0.023188
28.0 -0.109405 0.198374 0.006221
29.0 -0.109025 0.180023 0.033717
30.0 -0.115832 0.163238 0.057324
31.0 -0.130623 0.151912 0.075529
32.0 -0.131732 0.149787 0.086460
33.0 -0.120047 0.157996 0.089362
34.0 -0.108653 0.171269 0.087529
35.0 -0.116786 0.186386 0.083615
36.0 -0.129080 0.201024 0.081005
37.0 -0.130328 0.214582 0.080117
38.0 -0.125980 0.226457 0.080825
39.0 -0.117006 0.235593 0.083510
40.0 -0.104449 0.240830 0.088151
41.0 -0.089429 0.240928 0.094333
42.0 -0.073126 0.234642 0.101323
43.0 -0.056718 0.220885 0.108195
44.0 -0.041104 0.200428 0.113486
45.0 -0.026616 0.174897 0.116044
46.0 -0.013488 0.145928 0.115437
47.0 -0.006441 0.115021 0.111939
48.0 -0.005071 0.083039 0.106765
49.0 -0.007077 0.050820 0.100633
50.0 -0.010280 0.019109 0.093458
51.0 -0.012648 -0.010898 0.085098
52.0 -0.012259 -0.037799 0.074679
53.0 -0.007233 -0.059910 0.060769
54.0 0.003553 -0.070054 0.038724
55.0 0.005497 -0.060653 0.006811
56.0 -0.001285 -0.035075 -0.028248
57.0 -0.014447 0.001433 -0.060116
58.0 -0.030376 0.041624 -0.084622
59.0 -0.044408 0.076922 -0.100258
"Shoulder_L"
"UpperBody2"
0 0.000000 0.000000 0.000000 0.000000 0.000000 0.000000
2
0.0 0.596103 1.107049 -0.255475
59.0 0.596103 1.107049 -0.255475
2
0.0 -0.000000 0.000000 0.000000
59.0 -0.000000 0.000000 -0.000000
"Arm_L"
"Shoulder_L"
0 0.000000 0.000000 0.000000 0.000000 0.000000 0.000000
2
0.0 1.107049 0.085159 0.000000
59.0 1.107049 0.085159 0.000000
60
0.0 0.551594 -0.372562 -0.609723
1.0 0.556641 -0.333983 -0.634592
2.0 0.576474 -0.289939 -0.691652
3.0 0.594405 -0.250970 -0.767619
4.0 0.600164 -0.226318 -0.851527
5.0 0.591740 -0.223063 -0.933551
6.0 0.574706 -0.243294 -1.002853
7.0 0.560993 -0.278873 -1.046964
8.0 0.567741 -0.301505 -1.046099
9.0 0.580577 -0.319643 -1.011708
10.0 0.577404 -0.347042 -0.960742
11.0 0.546661 -0.373870 -0.895301
12.0 0.497913 -0.395501 -0.814952
13.0 0.443960 -0.409885 -0.726372
14.0 0.398343 -0.413429 -0.642474
15.0 0.377629 -0.408098 -0.581221
16.0 0.394488 -0.399897 -0.562286
17.0 0.450882 -0.395838 -0.593848
18.0 0.511049 -0.387050 -0.663797
19.0 0.543737 -0.355437 -0.741854
20.0 0.541479 -0.303890 -0.807655
21.0 0.512909 -0.242654 -0.849506
22.0 0.478342 -0.177180 -0.862616
23.0 0.455681 -0.109274 -0.841765
24.0 0.450296 -0.056112 -0.792749
25.0 0.455284 -0.022319 -0.730047
26.0 0.464279 -0.004170 -0.659481
27.0 0.474697 0.002713 -0.587964
28.0 0.487819 0.003082 -0.524455
29.0 0.508102 0.001089 -0.479817
30.0 0.532709 -0.009891 -0.470053
31.0 0.555333 -0.033232 -0.499646
32.0 0.554350 -0.053399 -0.563264
33.0 0.505245 -0.058055 -0.649403
34.0 0.410424 -0.054873 -0.739456
35.0 0.289943 -0.045422 -0.813797
36.0 0.189904 -0.005485 -0.858633
37.0 0.145189 0.057313 -0.881789
38.0 0.164646 0.102353 -0.888346
39.0 0.232832 0.129924 -0.880103
40.0 0.328377 0.143008 -0.860986
41.0 0.435000 0.143709 -0.834686
42.0 0.538449 0.134451 -0.806488
43.0 0.630555 0.119751 -0.781545
44.0 0.705692 0.104332 -0.761748
45.0 0.758571 0.090875 -0.748282
46.0 0.776339 0.075639 -0.747753
47.0 0.752977 0.061266 -0.764297
48.0 0.696929 0.049030 -0.795483
49.0 0.616942 0.036877 -0.838059
50.0 0.524295 0.018171 -0.886643
51.0 0.436015 -0.012739 -0.932934
52.0 0.374708 -0.055647 -0.965581
53.0 0.363578 -0.105196 -0.974629
54.0 0.393873 -0.153972 -0.956467
55.0 0.443211 -0.208697 -0.912990
56.0 0.494066 -0.270148 -0.847997
57.0 0.532177 -0.329108 -0.769458
58.0 0.551558 -0.371923 -0.690934
59.0 0.555968 -0.388051 -0.630997
"ArmTwist_L"
"Arm_L"
0 0.000000 0.000000 0.000000 0.000000 0.000000 0.000000
2
0.0 0.918262 -0.447743 0.041227
59.0 0.918262 -0.447743 0.041227
2
0.0 0.000000 -0.000000 0.000000
59.0 0.000000 -0.000000 -0.000000
"Elbow_L"
"ArmTwist_L"
0 0.000000 0.000000 0.000000 0.000000 0.000000 0.000000
2
0.0 0.943750 -0.584387 -0.041229
59.0 0.943750 -0.584387 -0.041229
60
0.0 -1.496706 -1.124004 1.057428
1.0 -1.402957 -1.119530 0.972976
2.0 -1.203263 -1.097559 0.794150
3.0 -0.956031 -1.041470 0.577049
4.0 -0.723889 -0.945678 0.382101
5.0 -0.541350 -0.822910 0.240558
6.0 -0.418328 -0.704351 0.155335
7.0 -0.362862 -0.638651 0.120834
8.0 -0.421505 -0.707867 0.157395
9.0 -0.581486 -0.854660 0.270399
10.0 -0.813854 -0.989192 0.456188
11.0 -1.093229 -1.077155 0.696721
12.0 -1.385573 -1.118308 0.957340
13.0 -1.630457 -1.124404 1.178071
14.0 -1.780280 -1.116467 1.312978
15.0 -1.816834 -1.113125 1.345791
16.0 -1.716262 -1.120970 1.255398
17.0 -1.464403 -1.122858 1.028310
18.0 -1.132168 -1.085132 0.731077
19.0 -0.864931 -1.010058 0.499147
20.0 -0.687301 -0.925151 0.352661
21.0 -0.596113 -0.865495 0.281479
22.0 -0.592540 -0.862882 0.278763
23.0 -0.700551 -0.932790 0.363271
24.0 -0.925548 -1.031722 0.550819
25.0 -1.235912 -1.102400 0.823240
26.0 -1.585814 -1.125046 1.137803
27.0 -1.887700 -1.104965 1.409228
28.0 -2.092197 -1.067317 1.590301
29.0 -2.197916 -1.037889 1.682147
30.0 -2.165969 -1.047619 1.654560
31.0 -1.968138 -1.092826 1.480868
32.0 -1.578099 -1.125077 1.130843
33.0 -1.067886 -1.071485 0.674442
34.0 -0.664016 -0.911125 0.334169
35.0 -0.427283 -0.714190 0.161163
36.0 -0.338294 -0.606803 0.106518
37.0 -0.340007 -0.609080 0.107495
38.0 -0.370171 -0.647791 0.125213
39.0 -0.421807 -0.708200 0.157590
40.0 -0.491399 -0.778900 0.204703
41.0 -0.578791 -0.852621 0.268368
42.0 -0.684435 -0.923465 0.350374
43.0 -0.802276 -0.984098 0.446532
44.0 -0.919550 -1.029717 0.545675
45.0 -1.026737 -1.061427 0.638425
46.0 -1.071871 -1.072402 0.677943
47.0 -1.024084 -1.060742 0.636110
48.0 -0.911457 -1.026965 0.538747
49.0 -0.769581 -0.968938 0.419451
50.0 -0.634762 -0.892368 0.311231
51.0 -0.529968 -0.813337 0.232253
52.0 -0.474652 -0.762933 0.193040
53.0 -0.487144 -0.774902 0.201721
54.0 -0.572113 -0.847515 0.263355
55.0 -0.716492 -0.941670 0.376112
56.0 -0.909711 -1.026363 0.537253
57.0 -1.128358 -1.084389 0.727710
58.0 -1.328513 -1.113407 0.906093
59.0 -1.462811 -1.122792 1.026874
"HandTwist_L"
"Elbow_L"
0 0.000000 0.000000 0.000000 0.000000 0.000000 0.000000
2
0.0 0.600349 -0.288361 0.004105
59.0 0.600349 -0.288361 0.004105
2
0.0 -0.000000 0.000000 0.000000
59.0 -0.000000 0.000000 -0.000000
"Wrist_L"
"HandTwist_L"
0 0.000000 0.000000 0.000000 0.000000 0.000000 0.000000
2
0.0 1.336147 -0.785051 -0.004107
59.0 1.336147 -0.785051 -0.004107
60
0.0 0.133678 0.057536 0.202342
1.0 0.132688 0.045776 0.155480
2.0 0.143326 0.047529 0.136326
3.0 0.157409 0.056850 0.136933
4.0 0.165359 0.065755 0.148156
5.0 0.160758 0.065802 0.161034
6.0 0.143961 0.052560 0.169062
7.0 0.124806 0.032878 0.167187
8.0 0.124834 0.034017 0.155871
9.0 0.134454 0.049587 0.145360
10.0 0.149347 0.073129 0.145378
11.0 0.153720 0.084138 0.150590
12.0 0.140809 0.085926 0.158249
13.0 0.121930 0.084438 0.170267
14.0 0.101363 0.077579 0.182704
15.0 0.083564 0.065083 0.187128
16.0 0.071723 0.050011 0.164338
17.0 0.078169 0.033995 0.136244
18.0 0.122248 0.039192 0.103503
19.0 0.200708 0.073617 0.080130
20.0 0.282821 0.102113 0.086100
21.0 0.350201 0.115701 0.105181
22.0 0.392624 0.119936 0.107657
23.0 0.395503 0.115237 0.076063
24.0 0.354533 0.108573 0.029477
25.0 0.298529 0.105873 0.006269
26.0 0.257944 0.108190 0.019457
27.0 0.230422 0.108003 0.058108
28.0 0.200007 0.099346 0.109006
29.0 0.177007 0.086108 0.171228
30.0 0.157872 0.064757 0.238851
31.0 0.141141 0.059380 0.305515
32.0 0.126517 0.076665 0.346513
33.0 0.112949 0.085429 0.339094
34.0 0.113589 0.073461 0.299365
35.0 0.142743 0.049442 0.252342
36.0 0.214360 0.062664 0.217514
37.0 0.293156 0.120559 0.199195
38.0 0.320235 0.180871 0.190440
39.0 0.291536 0.210549 0.177179
40.0 0.241072 0.211261 0.166320
41.0 0.212020 0.204301 0.167097
42.0 0.204710 0.192453 0.173499
43.0 0.211655 0.176578 0.180848
44.0 0.224439 0.159651 0.191910
45.0 0.236920 0.152206 0.209010
46.0 0.232869 0.157448 0.222442
47.0 0.211619 0.179506 0.222062
48.0 0.187082 0.210668 0.216100
49.0 0.165036 0.228299 0.212949
50.0 0.145032 0.214113 0.220883
51.0 0.123440 0.168869 0.247140
52.0 0.096558 0.106275 0.293954
53.0 0.079318 0.053456 0.353682
54.0 0.089594 0.009199 0.400833
55.0 0.119031 -0.019448 0.419985
56.0 0.153747 -0.014187 0.410688
57.0 0.173051 0.013012 0.377543
58.0 0.169237 0.044433 0.326888
59.0 0.149967 0.063109 0.266021
"Thumb0_L"
"Wrist_L"
0 0.000000 0.000000 0.000000 0.000000 0.000000 0.000000
2
0.0 0.211393 -0.119377 0.292440
59.0 0.211393 -0.119377 0.292440
2
0.0 -0.000000 -0.000000 0.000000
59.0 -0.000000 0.000000 -0.000000
"Thumb1_L"
"Thumb0_L"
0 0.000000 0.000000 0.000000 0.000000 0.000000 0.000000
2
0.0 0.217009 -0.196038 0.148163
59.0 0.217009 -0.196038 0.148163
2
0.0 -0.000000 -0.000000 0.000000
59.0 -0.000000 0.000000 -0.000000
"IndexFinger1_L"
"Wrist_L"
0 0.000000 0.000000 0.000000 0.000000 0.000000 0.000000
2
0.0 0.809682 -0.342358 0.193057
59.0 0.809682 -0.342358 0.193057
2
0.0 -0.000000 -0.000000 -0.000000
59.0 -0.000000 -0.000000 -0.000000
"IndexFinger2_L"
"IndexFinger1_L"
0 0.000000 0.000000 0.000000 0.000000 0.000000 0.000000
2
0.0 0.265565 -0.176418 0.027509
59.0 0.265565 -0.176418 0.027509
2
0.0 0.000000 0.000000 0.000000
59.0 0.000000 0.000000 -0.000000
"MiddleFinger1_L"
"Wrist_L"
0 0.000000 0.000000 0.000000 0.000000 0.000000 0.000000
2
0.0 0.814088 -0.343601 -0.003787
59.0 0.814088 -0.343601 -0.003787
2
0.0 -0.000000 -0.000000 -0.000000
59.0 -0.000000 0.000000 -0.000000
"MiddleFinger2_L"
"MiddleFinger1_L"
0 0.000000 0.000000 0.000000 0.000000 0.000000 0.000000
2
0.0 0.281698 -0.162633 -0.004092
59.0 0.281698 -0.162633 -0.004092
2
0.0 -0.000000 -0.000000 -0.000000
59.0 -0.000000 0.000000 -0.000000
"RingFinger1_L"
"Wrist_L"
0 0.000000 0.000000 0.000000 0.000000 0.000000 0.000000
2
0.0 0.799423 -0.332222 -0.201428
59.0 0.799423 -0.332222 -0.201428
2
0.0 -0.000000 -0.000000 -0.000000
59.0 -0.000000 -0.000000 -0.000000
"RingFinger2_L"
"RingFinger1_L"
0 0.000000 0.000000 0.000000 0.000000 0.000000 0.000000
2
0.0 0.226208 -0.154661 -0.026064
59.0 0.226208 -0.154661 -0.026064
2
0.0 -0.000000 0.000000 -0.000000
59.0 -0.000000 -0.000000 -0.000000
"LittleFinger1_L"
"Wrist_L"
0 0.000000 0.000000 0.000000 0.000000 0.000000 0.000000
2
0.0 0.740004 -0.380190 -0.392705
59.0 0.740004 -0.380190 -0.392705
2
0.0 -0.000000 -0.000000 -0.000000
59.0 -0.000000 0.000000 -0.000000
"LittleFinger2_L"
"LittleFinger1_L"
0 0.000000 0.000000 0.000000 0.000000 0.000000 0.000000
2
0.0 0.195602 -0.115708 -0.048708
59.0 0.195602 -0.115708 -0.048708
2
0.0 -0.000000 -0.000000 0.000000
59.0 -0.000000 0.000000 -0.000000
"Shoulder_R"
"UpperBody2"
0 0.000000 0.000000 0.000000 0.000000 0.000000 0.000000
2
0.0 -0.596103 1.107050 -0.255475
59.0 -0.596103 1.107050 -0.255475
2
0.0 -0.000000 -0.000000 -0.000000
59.0 -0.000000 -0.000000 0.000000
"Arm_R"
"Shoulder_R"
0 0.000000 0.000000 0.000000 0.000000 0.000000 0.000000
2
0.0 -1.107048 0.085158 0.000000
59.0 -1.107048 0.085158 0.000000
60
0.0 0.324153 -0.289664 0.670282
1.0 0.285041 -0.282156 0.688470
2.0 0.219926 -0.259844 0.736151
3.0 0.139750 -0.230917 0.797930
4.0 0.055538 -0.202918 0.859736
5.0 -0.020842 -0.188072 0.913119
6.0 -0.076295 -0.208042 0.958524
7.0 -0.108274 -0.263506 0.999373
8.0 -0.120550 -0.337847 1.033248
9.0 -0.097207 -0.411112 1.048226
10.0 -0.021609 -0.466313 1.028239
11.0 0.100384 -0.493940 0.965553
12.0 0.239197 -0.494684 0.873204
13.0 0.363786 -0.471796 0.779794
14.0 0.448657 -0.437955 0.709436
15.0 0.481691 -0.407226 0.679909
16.0 0.478688 -0.370720 0.692000
17.0 0.436364 -0.326066 0.739443
18.0 0.362079 -0.283543 0.807162
19.0 0.268633 -0.238791 0.876714
20.0 0.174841 -0.194813 0.931073
21.0 0.103459 -0.178188 0.960411
22.0 0.069451 -0.198732 0.968152
23.0 0.072851 -0.233628 0.957482
24.0 0.103199 -0.264336 0.925948
25.0 0.148799 -0.279462 0.873656
26.0 0.201582 -0.276796 0.805528
27.0 0.255558 -0.262153 0.729949
28.0 0.305386 -0.240756 0.659016
29.0 0.354708 -0.223476 0.605400
30.0 0.407707 -0.212741 0.582758
31.0 0.449945 -0.201412 0.599043
32.0 0.457934 -0.186136 0.655011
33.0 0.430493 -0.171269 0.730872
34.0 0.377682 -0.163444 0.803333
35.0 0.308835 -0.157729 0.865643
36.0 0.240875 -0.153120 0.912229
37.0 0.192207 -0.149843 0.937633
38.0 0.174492 -0.150307 0.936644
39.0 0.175183 -0.155581 0.912157
40.0 0.180456 -0.162177 0.866599
41.0 0.184100 -0.173345 0.803037
42.0 0.187717 -0.190447 0.729095
43.0 0.194546 -0.212312 0.655212
44.0 0.208104 -0.234568 0.593214
45.0 0.229749 -0.249825 0.554179
46.0 0.253246 -0.245943 0.545909
47.0 0.274164 -0.213731 0.574141
48.0 0.277875 -0.171584 0.632762
49.0 0.256645 -0.141717 0.705198
50.0 0.206137 -0.128864 0.780596
51.0 0.133189 -0.130986 0.847803
52.0 0.060287 -0.145821 0.898000
53.0 0.008340 -0.185890 0.930042
54.0 -0.017367 -0.242483 0.944820
55.0 -0.019932 -0.296217 0.937755
56.0 0.018382 -0.332916 0.902117
57.0 0.115169 -0.337325 0.833711
58.0 0.225250 -0.320243 0.756840
59.0 0.305467 -0.298538 0.695951
"ArmTwist_R"
"Arm_R"
0 0.000000 0.000000 0.000000 0.000000 0.000000 0.000000
2
0.0 -1.129662 -0.517788 0.041215
59.0 -1.129662 -0.517788 0.041215
2
0.0 -0.000000 0.000000 -0.000000
59.0 0.000000 -0.000000 -0.000000
"Elbow_R"
"ArmTwist_R"
0 0.000000 0.000000 0.000000 0.000000 0.000000 0.000000
2
0.0 -0.750082 -0.481687 -0.041217
59.0 -0.750082 -0.481687 -0.041217
60
0.0 -0.979914 1.050219 -0.600118
1.0 -0.964045 1.045539 -0.586366
2.0 -0.839419 1.001712 -0.479835
3.0 -0.671465 0.917664 -0.341991
4.0 -0.517244 0.804469 -0.224655
5.0 -0.410948 0.698287 -0.151892
6.0 -0.379705 0.661682 -0.132223
7.0 -0.412377 0.699896 -0.152812
8.0 -0.481419 0.771635 -0.199231
9.0 -0.579392 0.855158 -0.270560
10.0 -0.705684 0.937611 -0.369390
11.0 -0.865237 1.011906 -0.501662
12.0 -1.041601 1.066736 -0.653907
13.0 -1.189376 1.096773 -0.784461
14.0 -1.276557 1.109090 -0.862303
15.0 -1.282363 1.109784 -0.867505
16.0 -1.168739 1.093304 -0.766112
17.0 -0.926370 1.033658 -0.553870
18.0 -0.662625 0.912242 -0.334983
19.0 -0.453628 0.744161 -0.180111
20.0 -0.316101 0.578643 -0.095173
21.0 -0.267233 0.506609 -0.069880
22.0 -0.307071 0.565882 -0.090276
23.0 -0.415198 0.703063 -0.154635
24.0 -0.585452 0.859708 -0.275143
25.0 -0.812004 0.990179 -0.456817
26.0 -1.073337 1.074261 -0.681761
27.0 -1.333634 1.115247 -0.913497
28.0 -1.546023 1.126207 -1.104918
29.0 -1.675155 1.124177 -1.221496
30.0 -1.712971 1.122342 -1.255595
31.0 -1.642682 1.125302 -1.192194
32.0 -1.426225 1.122264 -0.996820
33.0 -1.148865 1.089754 -0.748473
34.0 -0.938705 1.037669 -0.564484
35.0 -0.804887 0.987060 -0.450869
36.0 -0.743613 0.957904 -0.400209
37.0 -0.757108 0.964694 -0.411279
38.0 -0.861159 1.010337 -0.498207
39.0 -1.055405 1.070088 -0.666008
40.0 -1.296388 1.111393 -0.880072
41.0 -1.533815 1.126063 -1.093895
42.0 -1.723169 1.121748 -1.264786
43.0 -1.840313 1.111823 -1.370110
44.0 -1.881802 1.106871 -1.407272
45.0 -1.848353 1.110925 -1.377320
46.0 -1.727487 1.121485 -1.268678
47.0 -1.479615 1.124721 -1.044970
48.0 -1.149223 1.089821 -0.748789
49.0 -0.852736 1.007049 -0.491077
50.0 -0.629015 0.890547 -0.308610
51.0 -0.479915 0.770195 -0.198183
52.0 -0.402747 0.688933 -0.146645
53.0 -0.402082 0.688165 -0.146219
54.0 -0.453149 0.743672 -0.179785
55.0 -0.525395 0.811554 -0.230551
56.0 -0.613708 0.880076 -0.296754
57.0 -0.712370 0.941323 -0.374791
58.0 -0.813609 0.990876 -0.458161
59.0 -0.907256 1.027200 -0.537473
"HandTwist_R"
"Elbow_R"
0 0.000000 0.000000 0.000000 0.000000 0.000000 0.000000
2
0.0 -0.600349 -0.288362 0.004105
59.0 -0.600349 -0.288362 0.004105
2
0.0 -0.000000 0.000000 0.000000
59.0 -0.000000 0.000000 -0.000000
"Wrist_R"
"HandTwist_R"
0 0.000000 0.000000 0.000000 0.000000 0.000000 0.000000
2
0.0 -1.354582 -0.751094 -0.004107
59.0 -1.354582 -0.751094 -0.004107
60
0.0 -0.000561 -0.327054 -0.315799
1.0 0.054825 -0.332291 -0.310708
2.0 0.108275 -0.343259 -0.314988
3.0 0.147733 -0.350354 -0.327433
4.0 0.163742 -0.353737 -0.342784
5.0 0.159752 -0.363943 -0.355341
6.0 0.158050 -0.398748 -0.364948
7.0 0.158640 -0.448063 -0.368719
8.0 0.138507 -0.482311 -0.359197
9.0 0.087374 -0.485392 -0.337807
10.0 0.023007 -0.467564 -0.320216
11.0 -0.026865 -0.450046 -0.314580
12.0 -0.063122 -0.429888 -0.311327
13.0 -0.087317 -0.404396 -0.304789
14.0 -0.090234 -0.378957 -0.291698
15.0 -0.064363 -0.366855 -0.266447
16.0 -0.024966 -0.387382 -0.243594
17.0 -0.005239 -0.418044 -0.219644
18.0 -0.010392 -0.435167 -0.193135
19.0 -0.031663 -0.429868 -0.167898
20.0 -0.055861 -0.405132 -0.151039
21.0 -0.055096 -0.386833 -0.153008
22.0 -0.015414 -0.384931 -0.175720
23.0 0.034667 -0.389021 -0.205368
24.0 0.074775 -0.386640 -0.229373
25.0 0.091939 -0.369743 -0.241667
26.0 0.083315 -0.338535 -0.244273
27.0 0.057141 -0.299354 -0.242206
28.0 0.024862 -0.258245 -0.238888
29.0 -0.007227 -0.211986 -0.236531
30.0 -0.026262 -0.167150 -0.239669
31.0 -0.054885 -0.146629 -0.210109
32.0 -0.106806 -0.128143 -0.131108
33.0 -0.162292 -0.104685 -0.022362
34.0 -0.204921 -0.093668 0.090407
35.0 -0.238517 -0.102619 0.171908
36.0 -0.263167 -0.125879 0.186968
37.0 -0.286031 -0.158609 0.133819
38.0 -0.305176 -0.205232 0.036028
39.0 -0.296886 -0.249004 -0.084824
40.0 -0.260482 -0.264431 -0.196898
41.0 -0.215865 -0.253471 -0.277203
42.0 -0.178486 -0.229155 -0.322728
43.0 -0.154125 -0.200522 -0.334849
44.0 -0.140340 -0.174713 -0.320395
45.0 -0.128525 -0.159225 -0.287490
46.0 -0.109889 -0.168845 -0.237169
47.0 -0.085798 -0.216844 -0.190123
48.0 -0.059820 -0.291002 -0.158116
49.0 -0.023155 -0.375420 -0.139399
50.0 0.033650 -0.448407 -0.153137
51.0 0.085738 -0.490129 -0.187509
52.0 0.108065 -0.498177 -0.221336
53.0 0.107226 -0.481146 -0.248875
54.0 0.093742 -0.455420 -0.267064
55.0 0.062430 -0.422527 -0.270642
56.0 0.011586 -0.396861 -0.274064
57.0 -0.056481 -0.390597 -0.296686
58.0 -0.087010 -0.376964 -0.321944
59.0 -0.055155 -0.345264 -0.325423
"Thumb0_R"
"Wrist_R"
0 0.000000 0.000000 0.000000 0.000000 0.000000 0.000000
2
0.0 -0.213448 -0.115667 0.292441
59.0 -0.213448 -0.115667 0.292441
2
0.0 0.000000 0.000000 0.000000
59.0 0.000000 0.000000 -0.000000
"Thumb1_R"
"Thumb0_R"
0 0.000000 0.000000 0.000000 0.000000 0.000000 0.000000
2
0.0 -0.220396 -0.192223 0.148162
59.0 -0.220396 -0.192223 0.148162
2
0.0 0.000000 0.000000 0.000000
59.0 0.000000 -0.000000 -0.000000
"IndexFinger1_R"
"Wrist_R"
0 0.000000 0.000000 0.000000 0.000000 0.000000 0.000000
2
0.0 -0.815536 -0.328173 0.193057
59.0 -0.815536 -0.328173 0.193057
2
0.0 -0.000000 0.000000 0.000000
59.0 -0.000000 0.000000 -0.000000
"IndexFinger2_R"
"IndexFinger1_R"
0 0.000000 0.000000 0.000000 0.000000 0.000000 0.000000
2
0.0 -0.268604 -0.171759 0.027509
59.0 -0.268604 -0.171759 0.027509
2
0.0 0.000000 0.000000 0.000000
59.0 -0.000000 -0.000000 -0.000000
"MiddleFinger1_R"
"Wrist_R"
0 0.000000 0.000000 0.000000 0.000000 0.000000 0.000000
2
0.0 -0.819963 -0.329340 -0.003787
59.0 -0.819963 -0.329340 -0.003787
2
0.0 -0.000000 0.000000 0.000000
59.0 0.000000 0.000000 -0.000000
"MiddleFinger2_R"
"MiddleFinger1_R"
0 0.000000 0.000000 0.000000 0.000000 0.000000 0.000000
2
0.0 -0.284494 -0.157691 -0.004092
59.0 -0.284494 -0.157691 -0.004092
2
0.0 -0.000000 0.000000 0.000000
59.0 -0.000000 -0.000000 -0.000000
"RingFinger1_R"
"Wrist_R"
0 0.000000 0.000000 0.000000 0.000000 0.000000 0.000000
2
0.0 -0.805102 -0.318217 -0.201427
59.0 -0.805102 -0.318217 -0.201427
2
0.0 -0.000000 0.000000 0.000000
59.0 -0.000000 0.000000 -0.000000
"RingFinger2_R"
"RingFinger1_R"
0 0.000000 0.000000 0.000000 0.000000 0.000000 0.000000
2
0.0 -0.228873 -0.150688 -0.026064
59.0 -0.228873 -0.150688 -0.026064
2
0.0 -0.000000 -0.000000 0.000000
59.0 0.000000 0.000000 -0.000000
"LittleFinger1_R"
"Wrist_R"
0 0.000000 0.000000 0.000000 0.000000 0.000000 0.000000
2
0.0 -0.746527 -0.367216 -0.392705
59.0 -0.746527 -0.367216 -0.392705
2
0.0 -0.000000 0.000000 0.000000
59.0 -0.000000 0.000000 -0.000000
"LittleFinger2_R"
"LittleFinger1_R"
0 0.000000 0.000000 0.000000 0.000000 0.000000 0.000000
2
0.0 -0.197593 -0.112276 -0.048708
59.0 -0.197593 -0.112276 -0.048708
2
0.0 -0.000000 -0.000000 0.000000
59.0 -0.000000 0.000000 -0.000000
"LowerBody"
"Waist"
0 0.000000 0.000000 0.000000 0.000000 0.000000 0.000000
2
0.0 0.000000 0.000000 0.000000
59.0 0.000000 0.000000 0.000000
2
0.0 -0.000000 -0.000000 0.000000
59.0 -0.000000 -0.000000 -0.000000
"Leg_L"
"LowerBody"
0 0.000000 0.000000 0.000000 0.000000 0.000000 0.000000
2
0.0 0.723839 -1.192206 -0.000001
59.0 0.723839 -1.192206 -0.000001
60
0.0 -0.282783 -0.108411 0.069974
1.0 -0.264356 -0.076768 0.033087
2.0 -0.232746 -0.043216 -0.003005
3.0 -0.189306 -0.008271 -0.037115
4.0 -0.133826 0.027527 -0.068261
5.0 -0.062579 0.063627 -0.095642
6.0 0.045526 0.099425 -0.118549
7.0 0.099026 0.134204 -0.136210
8.0 0.058409 0.167569 -0.148450
9.0 -0.014134 0.199031 -0.155011
10.0 -0.067163 0.227982 -0.155528
11.0 -0.109105 0.253747 -0.149602
12.0 -0.140044 0.275597 -0.136839
13.0 -0.158883 0.292388 -0.116949
14.0 -0.161945 0.298470 -0.090565
15.0 -0.148115 0.293554 -0.061893
16.0 -0.113713 0.279742 -0.035252
17.0 -0.058049 0.259157 -0.010900
18.0 0.012459 0.233763 0.011499
19.0 0.092407 0.205362 0.032609
20.0 0.175934 0.175576 0.053465
21.0 0.248959 0.145971 0.075704
22.0 0.213678 0.119456 0.100609
23.0 0.119318 0.098398 0.129200
24.0 0.027554 0.083242 0.161717
25.0 -0.056770 0.070648 0.197237
26.0 -0.131093 0.060048 0.235432
27.0 -0.192772 0.051094 0.275778
28.0 -0.238626 0.043516 0.317452
29.0 -0.264618 0.037124 0.359287
30.0 -0.266292 0.031678 0.399944
31.0 -0.246459 0.029732 0.433941
32.0 -0.213964 0.034018 0.455290
33.0 -0.176711 0.044361 0.462406
34.0 -0.144862 0.061141 0.454286
35.0 -0.126484 0.082458 0.433043
36.0 -0.126483 0.103752 0.403714
37.0 -0.148154 0.122108 0.368986
38.0 -0.174983 0.135288 0.330692
39.0 -0.192425 0.140625 0.291465
40.0 -0.200242 0.117295 0.252086
41.0 -0.203883 0.051534 0.214172
42.0 -0.206104 -0.037452 0.178481
43.0 -0.207577 -0.127258 0.143264
44.0 -0.210367 -0.197720 0.111164
45.0 -0.216828 -0.229524 0.085084
46.0 -0.219864 -0.219932 0.065498
47.0 -0.214418 -0.179139 0.049724
48.0 -0.204449 -0.116934 0.033976
49.0 -0.197537 -0.046919 0.021190
50.0 -0.204931 0.016499 0.016678
51.0 -0.234542 0.062305 0.021109
52.0 -0.277866 0.080533 0.036761
53.0 -0.317091 0.061440 0.066794
54.0 -0.339401 0.015740 0.099947
55.0 -0.344928 -0.030147 0.122669
56.0 -0.338985 -0.071452 0.134375
57.0 -0.326175 -0.103958 0.134772
58.0 -0.310524 -0.123695 0.123879
59.0 -0.295334 -0.126651 0.102038
"Knee_L"
"Leg_L"
0 0.000000 0.000000 0.000000 0.000000 0.000000 0.000000
2
0.0 0.000000 -3.491461 0.000014
59.0 0.000000 -3.491461 0.000014
60
0.0 0.626733 0.000000 -0.000000
1.0 0.606008 0.000000 0.000000
2.0 0.557829 0.000000 -0.000000
3.0 0.484513 0.000000 -0.000000
4.0 0.385600 -0.000000 0.000000
5.0 0.253844 0.000000 -0.000000
6.0 0.047423 0.000000 -0.000000
7.0 -0.047763 -0.000000 0.000000
8.0 0.048395 -0.000000 0.000000
9.0 0.211179 -0.000000 0.000000
10.0 0.337817 0.000000 -0.000000
11.0 0.446317 -0.000001 -0.000000
12.0 0.537926 0.000000 -0.000000
13.0 0.611485 0.000000 -0.000000
14.0 0.663539 -0.000000 0.000001
15.0 0.688849 0.000000 -0.000000
16.0 0.672447 0.000000 -0.000000
17.0 0.608020 0.000000 -0.000000
18.0 0.505456 -0.000000 0.000000
19.0 0.371975 -0.000000 -0.000000
20.0 0.215554 0.000000 0.000000
21.0 0.065573 0.000000 0.000000
22.0 0.124233 0.000000 -0.000000
23.0 0.294999 0.000000 -0.000000
24.0 0.454656 -0.000000 0.000000
25.0 0.594569 -0.000000 -0.000000
26.0 0.711025 0.000000 0.000000
27.0 0.800345 -0.000000 0.000000
28.0 0.857978 -0.000000 -0.000000
29.0 0.877858 0.000000 -0.000000
30.0 0.853434 0.000000 -0.000000
31.0 0.792353 0.000000 -0.000000
32.0 0.711837 0.000000 0.000000
33.0 0.627377 -0.000000 0.000001
34.0 0.558220 0.000000 -0.000000
35.0 0.520908 0.000000 0.000000
36.0 0.525907 0.000000 -0.000000
37.0 0.578909 0.000000 0.000000
38.0 0.643092 0.000000 0.000000
39.0 0.688131 0.000000 -0.000000
40.0 0.712855 0.000000 0.000000
41.0 0.727282 -0.000000 0.000000
42.0 0.737986 0.000000 -0.000000
43.0 0.746995 0.000000 -0.000000
44.0 0.756849 0.000000 0.000000
45.0 0.768961 0.000000 -0.000000
46.0 0.766441 0.000000 -0.000000
47.0 0.739785 0.000000 0.000000
48.0 0.701088 -0.000000 0.000000
49.0 0.667717 0.000000 -0.000000
50.0 0.660514 0.000000 0.000000
51.0 0.694090 0.000000 -0.000000
52.0 0.749101 -0.000000 -0.000000
53.0 0.787844 0.000000 0.000000
54.0 0.792377 0.000000 0.000000
55.0 0.771915 0.000000 -0.000000
56.0 0.737861 -0.000000 -0.000000
57.0 0.699475 -0.000000 -0.000000
58.0 0.664509 0.000000 -0.000000
59.0 0.639041 -0.000000 0.000000
"Ankle_L"
"Knee_L"
0 0.000000 0.000000 0.000000 0.000000 0.000000 0.000000
2
0.0 0.000000 -3.746933 -0.255485
59.0 0.000000 -3.746933 -0.255485
60
0.0 -0.141627 0.403113 0.054258
1.0 -0.175917 0.394995 0.068993
2.0 -0.192736 0.376284 0.065906
3.0 -0.191824 0.352403 0.050752
4.0 -0.171769 0.328997 0.030041
5.0 -0.128091 0.310896 0.012116
6.0 -0.038512 0.300919 0.011686
7.0 -0.001025 0.299441 0.009028
8.0 -0.056918 0.304678 0.000181
9.0 -0.135179 0.316072 -0.006737
10.0 -0.182412 0.339134 -0.004931
11.0 -0.215703 0.374179 -0.003140
12.0 -0.242556 0.414881 -0.004543
13.0 -0.268591 0.454977 -0.010114
14.0 -0.299404 0.492514 -0.021123
15.0 -0.330966 0.522084 -0.034698
16.0 -0.347198 0.543256 -0.046886
17.0 -0.338960 0.555703 -0.057654
18.0 -0.307299 0.564804 -0.061528
19.0 -0.249921 0.576526 -0.047913
20.0 -0.164801 0.590263 -0.016296
21.0 -0.063742 0.604525 0.026149
22.0 -0.073640 0.621829 0.008257
23.0 -0.141879 0.634977 -0.037736
24.0 -0.195906 0.644641 -0.064410
25.0 -0.237114 0.655781 -0.074857
26.0 -0.271479 0.666140 -0.078179
27.0 -0.300774 0.674040 -0.076726
28.0 -0.319921 0.677308 -0.072115
29.0 -0.324022 0.673708 -0.065296
30.0 -0.308184 0.661289 -0.057745
31.0 -0.276400 0.638120 -0.052421
32.0 -0.229982 0.590880 -0.040030
33.0 -0.174831 0.518243 -0.019933
34.0 -0.120690 0.437219 -0.003075
35.0 -0.077845 0.367067 0.003762
36.0 -0.058287 0.328704 -0.006390
37.0 -0.069186 0.316359 -0.028532
38.0 -0.093164 0.301877 -0.040518
39.0 -0.119804 0.272811 -0.028192
40.0 -0.151100 0.260952 -0.006461
41.0 -0.190048 0.313000 -0.003291
42.0 -0.239146 0.433481 -0.014209
43.0 -0.294658 0.585651 -0.032630
44.0 -0.343381 0.709809 -0.050175
45.0 -0.371578 0.767788 -0.067328
46.0 -0.347946 0.742627 -0.069965
47.0 -0.271002 0.651821 -0.050506
48.0 -0.173191 0.527579 -0.027301
49.0 -0.079872 0.399203 -0.011253
50.0 -0.011633 0.297063 -0.004862
51.0 0.016746 0.245883 -0.011952
52.0 0.011354 0.252427 -0.043634
53.0 -0.010312 0.303832 -0.098983
54.0 -0.033504 0.378076 -0.154905
55.0 -0.056422 0.438282 -0.178410
56.0 -0.070159 0.458944 -0.156153
57.0 -0.076557 0.446415 -0.100239
58.0 -0.086926 0.428387 -0.038516
59.0 -0.106896 0.411376 0.016665
"Leg_R"
"LowerBody"
0 0.000000 0.000000 0.000000 0.000000 0.000000 0.000000
2
0.0 -0.723840 -1.192205 0.000000
59.0 -0.723840 -1.192205 0.000000
60
0.0 -0.305895 -0.145465 -0.337627
1.0 -0.299902 -0.116421 -0.368095
2.0 -0.296364 -0.094600 -0.385538
3.0 -0.300237 -0.081726 -0.387241
4.0 -0.314319 -0.080142 -0.370171
5.0 -0.337343 -0.092749 -0.330818
6.0 -0.360217 -0.111311 -0.282473
7.0 -0.381511 -0.125532 -0.240495
8.0 -0.394011 -0.135513 -0.203852
9.0 -0.393365 -0.140928 -0.172005
10.0 -0.384296 -0.141665 -0.144339
11.0 -0.371271 -0.138107 -0.119919
12.0 -0.358267 -0.130783 -0.097660
13.0 -0.348778 -0.120255 -0.076483
14.0 -0.344135 -0.105724 -0.057192
15.0 -0.344534 -0.081813 -0.049904
16.0 -0.339749 -0.049019 -0.056402
17.0 -0.324048 -0.009984 -0.072773
18.0 -0.299585 0.032005 -0.094993
19.0 -0.268588 0.073586 -0.119581
20.0 -0.233960 0.111674 -0.143817
21.0 -0.197896 0.144020 -0.165546
22.0 -0.168450 0.169475 -0.183633
23.0 -0.163416 0.186964 -0.196646
24.0 -0.189345 0.195434 -0.201570
25.0 -0.241501 0.193611 -0.194567
26.0 -0.305889 0.180038 -0.171381
27.0 -0.362688 0.160526 -0.139778
28.0 -0.403298 0.138438 -0.104598
29.0 -0.423640 0.113383 -0.065367
30.0 -0.420751 0.085331 -0.022358
31.0 -0.403913 0.056552 0.020158
32.0 -0.373905 0.028322 0.059344
33.0 -0.330000 0.000218 0.095004
34.0 -0.270799 -0.027995 0.127559
35.0 -0.191484 -0.056449 0.157269
36.0 -0.099890 -0.084948 0.183398
37.0 -0.038011 -0.113217 0.205382
38.0 -0.018601 -0.141483 0.223529
39.0 -0.031382 -0.169495 0.237640
40.0 -0.058815 -0.196773 0.247349
41.0 -0.090378 -0.222809 0.252376
42.0 -0.121242 -0.247036 0.252445
43.0 -0.148763 -0.268860 0.247293
44.0 -0.170964 -0.287700 0.236679
45.0 -0.185913 -0.303037 0.220395
46.0 -0.185408 -0.314494 0.198297
47.0 -0.166345 -0.321880 0.170289
48.0 -0.136370 -0.325330 0.135997
49.0 -0.104118 -0.325180 0.097971
50.0 -0.085122 -0.321719 0.059301
51.0 -0.100858 -0.315000 0.019980
52.0 -0.142701 -0.305044 -0.020012
53.0 -0.187653 -0.292008 -0.060524
54.0 -0.227669 -0.276398 -0.101445
55.0 -0.257682 -0.258995 -0.142488
56.0 -0.279564 -0.240266 -0.183407
57.0 -0.294717 -0.220246 -0.223868
58.0 -0.303938 -0.198504 -0.263437
59.0 -0.307636 -0.174080 -0.301573
"Knee_R"
"Leg_R"
0 0.000000 0.000000 0.000000 0.000000 0.000000 0.000000
2
0.0 0.000000 -3.491461 0.000001
59.0 0.000000 -3.491461 0.000001
60
0.0 0.740765 0.000000 -0.000000
1.0 0.716552 0.000000 -0.000000
2.0 0.692048 0.000000 0.000000
3.0 0.679196 0.000000 -0.000000
4.0 0.686510 0.000000 -0.000000
5.0 0.715337 0.000000 -0.000000
6.0 0.751189 -0.000000 -0.000000
7.0 0.791346 0.000000 0.000000
8.0 0.820129 -0.000001 -0.000000
9.0 0.827899 0.000000 -0.000000
10.0 0.823659 -0.000000 0.000000
11.0 0.816005 0.000000 0.000000
12.0 0.812720 -0.000000 -0.000000
13.0 0.820913 0.000000 0.000000
14.0 0.846446 -0.000001 -0.000000
15.0 0.881223 -0.000000 -0.000000
16.0 0.897011 -0.000000 -0.000000
17.0 0.879168 0.000000 -0.000000
18.0 0.830721 -0.000000 -0.000000
19.0 0.754628 0.000000 -0.000000
20.0 0.655207 -0.000001 -0.000000
21.0 0.540115 -0.000001 -0.000000
22.0 0.431818 0.000000 0.000000
23.0 0.370872 -0.000000 -0.000000
24.0 0.374951 0.000000 -0.000000
25.0 0.438859 -0.000000 0.000000
26.0 0.538352 0.000000 -0.000000
27.0 0.629303 0.000000 -0.000000
28.0 0.693421 0.000000 0.000000
29.0 0.725474 0.000000 0.000000
30.0 0.722095 -0.000000 0.000001
31.0 0.703326 0.000000 -0.000000
32.0 0.669968 -0.000000 0.000000
33.0 0.618424 0.000000 0.000000
34.0 0.541974 -0.000000 -0.000000
35.0 0.427000 0.000000 -0.000000
36.0 0.285761 0.000000 0.000000
37.0 0.200476 0.000000 0.000000
38.0 0.193983 -0.000000 -0.000000
39.0 0.246035 -0.000001 -0.000000
40.0 0.322558 -0.000000 -0.000000
41.0 0.402579 -0.000000 -0.000000
42.0 0.476630 0.000000 -0.000000
43.0 0.539671 0.000000 0.000000
44.0 0.588006 -0.000000 -0.000000
45.0 0.617987 0.000000 -0.000000
46.0 0.612979 0.000000 0.000000
47.0 0.566819 0.000000 -0.000000
48.0 0.497117 0.000000 -0.000000
49.0 0.423110 0.000000 0.000000
50.0 0.376010 0.000000 -0.000000
51.0 0.399683 0.000000 -0.000000
52.0 0.476915 0.000000 0.000000
53.0 0.560966 0.000000 0.000000
54.0 0.635130 0.000000 0.000000
55.0 0.688537 -0.000001 -0.000000
56.0 0.724805 0.000000 -0.000000
57.0 0.746743 0.000000 -0.000000
58.0 0.756076 0.000000 0.000000
59.0 0.753877 0.000000 -0.000000
"Ankle_R"
"Knee_R"
0 0.000000 0.000000 0.000000 0.000000 0.000000 0.000000
2
0.0 0.000000 -3.746932 -0.255471
59.0 0.000000 -3.746932 -0.255471
60
0.0 -0.216780 -0.320522 -0.032211
1.0 -0.171339 -0.326357 -0.004710
2.0 -0.115919 -0.329241 0.022191
3.0 -0.060835 -0.329009 0.043419
4.0 -0.015178 -0.324330 0.052941
5.0 0.014301 -0.314000 0.043046
6.0 0.029220 -0.302590 0.022849
7.0 0.026947 -0.295550 0.005676
8.0 0.010513 -0.294347 -0.015380
9.0 -0.017522 -0.303133 -0.050915
10.0 -0.057456 -0.324500 -0.105658
11.0 -0.101496 -0.351203 -0.166488
12.0 -0.142428 -0.376226 -0.220996
13.0 -0.181262 -0.392631 -0.257576
14.0 -0.216801 -0.391764 -0.263738
15.0 -0.232815 -0.356207 -0.224043
16.0 -0.220488 -0.296868 -0.151365
17.0 -0.184967 -0.240483 -0.065709
18.0 -0.141371 -0.216306 0.011960
19.0 -0.098483 -0.242096 0.068295
20.0 -0.054217 -0.314901 0.106134
21.0 -0.004601 -0.403075 0.113994
22.0 0.048292 -0.462841 0.088301
23.0 0.089151 -0.450552 0.041493
24.0 0.105297 -0.355139 -0.008714
25.0 0.091287 -0.231046 -0.044665
26.0 0.054575 -0.138889 -0.070174
27.0 0.017444 -0.113140 -0.082305
28.0 -0.009357 -0.129697 -0.079366
29.0 -0.024193 -0.166688 -0.068331
30.0 -0.025663 -0.203885 -0.058704
31.0 -0.022716 -0.223158 -0.053975
32.0 -0.014559 -0.226428 -0.051892
33.0 0.000699 -0.228270 -0.048221
34.0 0.027931 -0.228706 -0.045204
35.0 0.075505 -0.227606 -0.045815
36.0 0.136233 -0.225379 -0.049368
37.0 0.158084 -0.224058 -0.047188
38.0 0.131609 -0.223444 -0.038562
39.0 0.070104 -0.222332 -0.026798
40.0 -0.006247 -0.219954 -0.016565
41.0 -0.083390 -0.216523 -0.011089
42.0 -0.152486 -0.211563 -0.008478
43.0 -0.207270 -0.204663 -0.007527
44.0 -0.242697 -0.197397 -0.007896
45.0 -0.259230 -0.191336 -0.008985
46.0 -0.256148 -0.186435 -0.012065
47.0 -0.230804 -0.182602 -0.017406
48.0 -0.192959 -0.179877 -0.023148
49.0 -0.153143 -0.178735 -0.027828
50.0 -0.127311 -0.179989 -0.029210
51.0 -0.137671 -0.184384 -0.023253
52.0 -0.175094 -0.191163 -0.011089
53.0 -0.215139 -0.199212 0.002975
54.0 -0.249324 -0.211281 0.007901
55.0 -0.271258 -0.229112 -0.000368
56.0 -0.281559 -0.250623 -0.015747
57.0 -0.280824 -0.273072 -0.032434
58.0 -0.269514 -0.293646 -0.044709
59.0 -0.248062 -0.309965 -0.046697
