Bones: 47
"ParentNode"
""
16 0.000000 0.000000 0.000000 0.000000 0.000000 0.000000
2
0.0 0.000000 0.000000 -0.000000
59.0 0.000000 0.000000 -0.000000
2
0.0 3.141593 0.000000 3.141593
59.0 3.141593 0.000000 3.141593
"Center"
"ParentNode"
16 0.000000 0.000000 0.000000 0.000000 0.000000 0.000000
60
0.0 -0.597693 8.448043 -0.000017
1.0 -0.775762 8.302189 -0.135318
2.0 -0.874341 8.171334 -0.190152
3.0 -0.904925 8.082871 -0.179210
4.0 -0.879018 8.064197 -0.117185
5.0 -0.808116 8.142707 -0.018765
6.0 -0.703718 8.322387 0.101358
7.0 -0.577323 8.480450 0.228493
8.0 -0.440428 8.595975 0.347949
9.0 -0.304535 8.670359 0.445037
10.0 -0.181141 8.705003 0.505064
11.0 -0.081744 8.701304 0.513515
12.0 -0.017845 8.660664 0.467571
13.0 0.000000 8.584479 0.383167
14.0 0.000000 8.474151 0.277916
15.0 0.000000 8.331077 0.169432
16.0 0.000000 8.156658 0.075329
17.0 0.000000 8.031797 0.013222
18.0 0.000000 8.037876 0.000654
19.0 0.000000 8.177009 0.011566
20.0 0.000000 8.427366 0.015718
21.0 0.000000 8.647377 0.014964
22.0 0.000000 8.815163 0.011161
23.0 0.000000 8.932786 0.006162
24.0 0.000000 9.002309 0.001824
25.0 0.000000 9.025793 -0.000000
26.0 0.000000 9.005306 -0.000000
27.0 0.000000 8.942907 -0.000000
28.0 0.000000 8.840660 -0.000001
29.0 0.000000 8.700628 -0.000000
30.0 0.000000 8.524873 -0.000000
31.0 0.000000 8.317869 -0.000000
32.0 0.000000 8.117548 -0.000000
33.0 0.000000 7.983100 -0.000000
34.0 0.000000 7.973685 -0.000000
35.0 0.000000 8.120852 -0.000000
36.0 0.000000 8.292833 -0.000000
37.0 0.000000 8.456581 -0.000000
38.0 0.000000 8.603851 -0.000000
39.0 0.000000 8.726402 -0.000000
40.0 0.000000 8.815987 -0.000000
41.0 0.000000 8.864364 -0.000000
42.0 0.000000 8.863287 -0.000000
43.0 0.000000 8.804514 -0.000000
44.0 0.000000 8.679798 -0.000000
45.0 0.000000 8.489916 -0.000000
46.0 0.000000 8.296974 -0.000000
47.0 0.000000 8.143249 -0.000000
48.0 0.000000 8.063812 -0.000000
49.0 0.000000 8.093729 0.010493
50.0 0.000000 8.251004 0.071007
51.0 0.000000 8.446604 0.168979
52.0 0.000000 8.642990 0.285519
53.0 -0.000232 8.817268 0.401739
54.0 -0.007601 8.946548 0.498749
55.0 -0.030199 9.007923 0.557661
56.0 -0.074595 8.985263 0.557119
57.0 -0.147359 8.894125 0.481664
58.0 -0.255060 8.758328 0.349415
59.0 -0.404265 8.601693 0.181631
60
0.0 0.093309 0.018658 -0.056707
1.0 0.093194 0.007235 -0.087421
2.0 0.092633 -0.000106 -0.116119
3.0 0.091291 -0.003094 -0.141819
4.0 0.088823 -0.001459 -0.163523
5.0 0.084894 0.005068 -0.180244
6.0 0.078107 0.016757 -0.190992
7.0 0.067849 0.040552 -0.194778
8.0 0.056577 0.084364 -0.190609
9.0 0.046792 0.133743 -0.177498
10.0 0.040998 0.173447 -0.156443
11.0 0.041002 0.189633 -0.138500
12.0 0.044290 0.189365 -0.124935
13.0 0.049730 0.178328 -0.115038
14.0 0.056634 0.158352 -0.108097
15.0 0.064332 0.131275 -0.103397
16.0 0.072141 0.096912 -0.100231
17.0 0.079377 0.052538 -0.097885
18.0 0.085366 0.020424 -0.095646
19.0 0.089425 0.012966 -0.092804
20.0 0.091913 0.011391 -0.088648
21.0 0.094217 0.013304 -0.082462
22.0 0.096360 0.017239 -0.073540
23.0 0.098352 0.021725 -0.061167
24.0 0.100194 0.025291 -0.041605
25.0 0.101892 0.026469 -0.012270
26.0 0.103444 0.023791 0.020371
27.0 0.104860 0.016117 0.049646
28.0 0.106141 0.004244 0.068890
29.0 0.107290 -0.010711 0.071354
30.0 0.108308 -0.027672 0.055241
31.0 0.109208 -0.045559 0.032587
32.0 0.109987 -0.063295 0.017387
33.0 0.110650 -0.079805 0.019625
34.0 0.111200 -0.094011 0.033617
35.0 0.111638 -0.104835 0.055641
36.0 0.111978 -0.111200 0.082398
37.0 0.112214 -0.112006 0.110592
38.0 0.112352 -0.106063 0.136931
39.0 0.112329 -0.093998 0.158112
40.0 0.112077 -0.077001 0.170845
41.0 0.111615 -0.056257 0.171711
42.0 0.110963 -0.032951 0.158859
43.0 0.110151 -0.008275 0.135683
44.0 0.109197 0.016587 0.106228
45.0 0.108125 0.040448 0.074535
46.0 0.106958 0.062121 0.044651
47.0 0.105718 0.080419 0.020615
48.0 0.104425 0.094153 0.006472
49.0 0.103109 0.102138 0.006266
50.0 0.101785 0.103829 0.021858
51.0 0.100484 0.102526 0.041725
52.0 0.099218 0.099056 0.061350
53.0 0.098020 0.093636 0.078116
54.0 0.096906 0.086471 0.089407
55.0 0.095903 0.077771 0.092609
56.0 0.095029 0.067753 0.081511
57.0 0.094308 0.056620 0.055325
58.0 0.093766 0.044586 0.019756
59.0 0.093427 0.031861 -0.019489
"Groove"
"Center"
16 0.000000 0.000000 0.000000 0.000000 0.000000 0.000000
2
0.0 0.000000 0.427938 0.000000
59.0 0.000000 0.427938 0.000000
2
0.0 0.000000 -0.000000 0.000000
59.0 -0.000000 0.000000 0.000000
"Waist"
"Groove"
16 0.000000 0.000000 0.000000 0.000000 0.000000 0.000000
2
0.0 0.000000 0.000000 0.000000
59.0 0.000000 0.000000 0.000000
2
0.0 0.000000 -0.000000 -0.000000
59.0 0.000000 0.000000 0.000000
"UpperBody"
"Waist"
16 0.000000 0.000000 0.000000 0.000000 0.000000 0.000000
2
0.0 0.000000 0.000001 -0.000001
59.0 0.000000 0.000001 -0.000001
60
0.0 0.394140 0.284938 0.111206
1.0 0.411436 0.277434 0.116802
2.0 0.424716 0.264721 0.115346
3.0 0.426262 0.247634 0.108510
4.0 0.408560 0.227012 0.097987
5.0 0.364219 0.203706 0.085465
6.0 0.294959 0.178502 0.072766
7.0 0.243303 0.145635 0.061818
8.0 0.212146 0.103512 0.053339
9.0 0.198487 0.080312 0.039984
10.0 0.199204 0.075053 0.020693
11.0 0.208340 0.082677 0.006530
12.0 0.231957 0.079724 -0.000557
13.0 0.271148 0.064849 -0.001347
14.0 0.320419 0.044871 0.003222
15.0 0.374480 0.026155 0.012124
16.0 0.428164 0.017043 0.023881
17.0 0.476431 0.028313 0.036458
18.0 0.513027 0.045748 0.049690
19.0 0.530100 0.057615 0.063630
20.0 0.515118 0.072262 0.076685
21.0 0.474066 0.089437 0.087842
22.0 0.419579 0.108046 0.096225
23.0 0.364414 0.126979 0.100990
24.0 0.332729 0.144811 0.098321
25.0 0.334656 0.160449 0.087862
26.0 0.361735 0.174293 0.083184
27.0 0.405754 0.184537 0.083063
28.0 0.457922 0.161791 0.087441
29.0 0.510929 0.103436 0.090064
30.0 0.558046 0.028455 0.068002
31.0 0.593634 -0.040279 0.035465
32.0 0.614168 -0.079084 0.014001
33.0 0.617634 -0.069261 0.022064
34.0 0.599793 -0.036152 0.053724
35.0 0.558658 0.006574 0.085519
36.0 0.518080 0.052149 0.095518
37.0 0.483995 0.097254 0.094907
38.0 0.457738 0.138037 0.091516
39.0 0.440397 0.171854 0.087497
40.0 0.433126 0.196639 0.085045
41.0 0.436896 0.210349 0.086521
42.0 0.456920 0.210796 0.092715
43.0 0.492819 0.194060 0.097342
44.0 0.539223 0.157750 0.088357
45.0 0.591229 0.110853 0.069547
46.0 0.643295 0.063359 0.046823
47.0 0.689216 0.025277 0.026029
48.0 0.722261 0.006479 0.013145
49.0 0.734932 0.012479 0.019598
50.0 0.723351 0.040775 0.054176
51.0 0.695456 0.080745 0.090180
52.0 0.658177 0.123575 0.096597
53.0 0.613742 0.166300 0.089462
54.0 0.565182 0.205239 0.077919
55.0 0.516053 0.236178 0.066603
56.0 0.469743 0.258171 0.063309
57.0 0.430132 0.274057 0.070121
58.0 0.401586 0.283822 0.083063
59.0 0.388278 0.287450 0.098122
"UpperBody2"
"UpperBody"
16 0.000000 0.000000 0.000000 0.000000 0.000000 0.000000
2
0.0 0.000000 1.703150 -0.000001
59.0 0.000000 1.703150 -0.000001
2
0.0 -0.000000 -0.000000 -0.000000
59.0 0.000000 0.000000 0.000000
"Neck"
"UpperBody2"
16 0.000000 0.000000 0.000000 0.000000 0.000000 0.000000
2
0.0 0.000000 1.873467 -0.255475
59.0 0.000000 1.873467 -0.255475
60
0.0 -0.017697 -0.156587 -0.024286
1.0 -0.060109 -0.154544 -0.011010
2.0 -0.107715 -0.181859 0.010985
3.0 -0.137147 -0.220201 0.035183
4.0 -0.124693 -0.252267 0.052636
5.0 -0.072078 -0.260664 0.054503
6.0 0.014090 -0.225872 0.039614
7.0 0.086833 -0.154170 0.026746
8.0 0.138465 -0.085566 0.022402
9.0 0.171393 -0.052017 0.028550
10.0 0.189157 -0.056226 0.038745
11.0 0.195121 -0.093362 0.049625
12.0 0.184271 -0.138721 0.059353
13.0 0.154824 -0.183129 0.070224
14.0 0.111423 -0.222163 0.083748
15.0 0.059782 -0.251067 0.099111
16.0 0.007236 -0.265548 0.112965
17.0 -0.037670 -0.262915 0.120430
18.0 -0.067797 -0.249392 0.122464
19.0 -0.075980 -0.227514 0.120045
20.0 -0.050035 -0.190943 0.108881
21.0 -0.000362 -0.148019 0.089335
22.0 0.057126 -0.107925 0.061925
23.0 0.096974 -0.073927 0.033776
24.0 0.101588 -0.052129 0.010077
25.0 0.071473 -0.053224 -0.007847
26.0 0.025668 -0.082311 -0.024732
27.0 -0.021261 -0.134849 -0.029579
28.0 -0.068974 -0.172171 -0.028401
29.0 -0.122365 -0.171648 -0.020674
30.0 -0.169975 -0.122775 0.009540
31.0 -0.196183 -0.044301 0.040444
32.0 -0.201697 0.044614 0.052982
33.0 -0.200879 0.101850 0.031556
34.0 -0.189194 0.115921 -0.012133
35.0 -0.157047 0.078768 -0.048935
36.0 -0.128890 0.026684 -0.069155
37.0 -0.112689 -0.026433 -0.088734
38.0 -0.110086 -0.079582 -0.109678
39.0 -0.110839 -0.128671 -0.128768
40.0 -0.106716 -0.169937 -0.142242
41.0 -0.103547 -0.199678 -0.146189
42.0 -0.111780 -0.213800 -0.137165
43.0 -0.134500 -0.206752 -0.119473
44.0 -0.169228 -0.172372 -0.092321
45.0 -0.208560 -0.120734 -0.063358
46.0 -0.248731 -0.065403 -0.038066
47.0 -0.282934 -0.022230 -0.016156
48.0 -0.304982 -0.013306 0.012511
49.0 -0.309462 -0.050101 0.039579
50.0 -0.294025 -0.133444 0.047464
51.0 -0.264864 -0.225426 0.047976
52.0 -0.227374 -0.290358 0.054648
53.0 -0.181245 -0.329240 0.051417
54.0 -0.129886 -0.344619 0.037043
55.0 -0.079319 -0.337162 0.016084
56.0 -0.035817 -0.310315 -0.005650
57.0 -0.004605 -0.272117 -0.022007
58.0 0.010572 -0.229363 -0.030720
59.0 0.006984 -0.188767 -0.031368
"Head"
"Neck"
16 0.000000 0.000000 0.000000 0.000000 0.000000 0.000000
2
0.0 0.000000 0.596102 0.255472
59.0 0.000000 0.596102 0.255472
60
0.0 -0.188113 -0.080953 0.039369
1.0 -0.161290 -0.079372 0.029612
2.0 -0.124444 -0.066445 0.017796
3.0 -0.093693 -0.046768 0.007450
4.0 -0.083344 -0.025735 0.000303
5.0 -0.080813 -0.008883 -0.003625
6.0 -0.078788 -0.001477 -0.003588
7.0 -0.077558 0.003024 -0.003333
8.0 -0.077202 0.010071 -0.005117
9.0 -0.077550 0.012712 -0.005845
10.0 -0.078423 0.005505 -0.002591
11.0 -0.079877 -0.001095 0.000535
12.0 -0.081877 -0.003952 0.002003
13.0 -0.084370 -0.004309 0.002264
14.0 -0.087317 -0.003161 0.001720
15.0 -0.090687 -0.001478 0.000833
16.0 -0.094442 -0.000202 0.000118
17.0 -0.098543 0.000000 -0.000000
18.0 -0.102953 0.000000 -0.000000
19.0 -0.107634 -0.000000 0.000000
20.0 -0.112550 -0.000302 0.000193
21.0 -0.117498 -0.001191 0.003200
22.0 -0.122410 -0.001534 0.009097
23.0 -0.124652 -0.001649 0.015365
24.0 -0.124444 -0.001033 0.019131
25.0 -0.122325 0.002585 0.017247
26.0 -0.119419 0.005759 0.012935
27.0 -0.117416 0.004394 0.009574
28.0 -0.114715 -0.000058 0.007237
29.0 -0.110549 -0.004401 0.005360
30.0 -0.107722 -0.005565 0.003409
31.0 -0.108656 -0.000691 0.000384
32.0 -0.111163 0.004220 -0.002366
33.0 -0.113087 -0.002090 0.001179
34.0 -0.114524 -0.007937 0.004459
35.0 -0.115503 -0.002258 0.000535
36.0 -0.116139 -0.001132 -0.004636
37.0 -0.116386 -0.000594 -0.010974
38.0 -0.116304 0.000833 -0.016126
39.0 -0.116150 0.003969 -0.017565
40.0 -0.116253 0.009345 -0.012802
41.0 -0.116493 0.014332 -0.007884
42.0 -0.116409 0.014994 -0.009743
43.0 -0.116182 0.011827 -0.011355
44.0 -0.116136 0.007697 -0.009175
45.0 -0.116926 0.004526 -0.002845
46.0 -0.120820 0.002541 0.004913
47.0 -0.127558 -0.006476 0.017928
48.0 -0.136130 -0.012397 0.030028
49.0 -0.145553 -0.009932 0.037160
50.0 -0.155306 0.002538 0.037410
51.0 -0.165416 0.025828 0.029614
52.0 -0.175903 0.045478 0.021898
53.0 -0.186272 0.050282 0.020430
54.0 -0.195742 0.042254 0.023945
55.0 -0.203541 0.024977 0.030281
56.0 -0.208867 0.001776 0.037465
57.0 -0.210856 -0.023952 0.043612
58.0 -0.208603 -0.048724 0.046983
59.0 -0.201252 -0.068955 0.046016
"Shoulder_L"
"UpperBody2"
16 0.000000 0.000000 0.000000 0.000000 0.000000 0.000000
2
0.0 0.596103 1.107049 -0.255475
59.0 0.596103 1.107049 -0.255475
2
0.0 -0.000000 -0.000000 0.000000
59.0 -0.000000 0.000000 -0.000000
"Arm_L"
"Shoulder_L"
16 0.000000 0.000000 0.000000 0.000000 0.000000 0.000000
2
0.0 1.107049 0.085159 0.000000
59.0 1.107049 0.085159 0.000000
60
0.0 0.295199 -0.286085 -0.991939
1.0 0.244669 -0.297834 -0.975102
2.0 0.204695 -0.279063 -0.948736
3.0 0.182753 -0.215952 -0.914250
4.0 0.160738 -0.161306 -0.885499
5.0 0.133211 -0.139781 -0.867194
6.0 0.101449 -0.158495 -0.859233
7.0 0.070170 -0.200701 -0.855585
8.0 0.042175 -0.271424 -0.855974
9.0 0.032507 -0.382984 -0.861740
10.0 0.050013 -0.487262 -0.874098
11.0 0.106983 -0.534485 -0.894277
12.0 0.192855 -0.495941 -0.909890
13.0 0.265736 -0.424180 -0.920946
14.0 0.295628 -0.369438 -0.941089
15.0 0.297342 -0.348442 -0.969324
16.0 0.309117 -0.385857 -0.991341
17.0 0.336086 -0.451516 -1.010924
18.0 0.369433 -0.485164 -1.025083
19.0 0.402889 -0.477095 -1.038143
20.0 0.428729 -0.453907 -1.058045
21.0 0.441329 -0.448133 -1.083470
22.0 0.413148 -0.472952 -1.102700
23.0 0.331528 -0.532708 -1.106308
24.0 0.217655 -0.612126 -1.099341
25.0 0.126378 -0.685731 -1.093059
26.0 0.104190 -0.716341 -1.103004
27.0 0.131503 -0.695775 -1.117460
28.0 0.142397 -0.647499 -1.113998
29.0 0.112752 -0.601671 -1.096624
30.0 0.060472 -0.566515 -1.062522
31.0 0.010841 -0.538208 -1.026412
32.0 -0.006162 -0.528791 -1.011229
33.0 0.043984 -0.533043 -1.034809
34.0 0.139592 -0.511449 -1.077869
35.0 0.238420 -0.471894 -1.109662
36.0 0.312091 -0.442599 -1.111141
37.0 0.355675 -0.452891 -1.093681
38.0 0.351959 -0.502712 -1.068525
39.0 0.300436 -0.572581 -1.045018
40.0 0.232275 -0.631875 -1.028992
41.0 0.191649 -0.654389 -1.025009
42.0 0.200303 -0.637751 -1.029971
43.0 0.225167 -0.604825 -1.032400
44.0 0.223117 -0.575540 -1.026646
45.0 0.180403 -0.558967 -1.014761
46.0 0.110942 -0.555494 -0.996854
47.0 0.046658 -0.555929 -0.976718
48.0 0.024398 -0.543116 -0.968485
49.0 0.069147 -0.518100 -0.987836
50.0 0.170750 -0.495797 -1.033828
51.0 0.299721 -0.470987 -1.073568
52.0 0.439183 -0.457930 -1.086011
53.0 0.587957 -0.481685 -1.086251
54.0 0.732681 -0.538207 -1.088603
55.0 0.840471 -0.586507 -1.086992
56.0 0.832111 -0.548572 -1.031777
57.0 0.677818 -0.368068 -0.975675
58.0 0.500820 -0.240026 -0.981505
59.0 0.374408 -0.247239 -0.994239
"ArmTwist_L"
"Arm_L"
16 0.000000 0.000000 0.000000 0.000000 0.000000 0.000000
2
0.0 0.918262 -0.447743 0.041227
59.0 0.918262 -0.447743 0.041227
2
0.0 0.000000 -0.000000 -0.000000
59.0 0.000000 -0.000000 0.000000
"Elbow_L"
"ArmTwist_L"
16 0.000000 0.000000 0.000000 0.000000 0.000000 0.000000
2
0.0 0.943750 -0.584387 -0.041229
59.0 0.943750 -0.584387 -0.041229
60
0.0 -0.670446 -0.915076 0.339257
1.0 -0.558163 -0.836582 0.252954
2.0 -0.563182 -0.840558 0.256684
3.0 -0.763080 -0.965779 0.414098
4.0 -1.152157 -1.088897 0.748769
5.0 -1.647923 -1.123942 1.193821
6.0 -2.027682 -1.081681 1.533577
7.0 -2.300029 -1.001188 1.769143
8.0 -2.473632 -0.914103 1.911321
9.0 -2.563160 -0.853028 1.980546
10.0 -2.597589 -0.825840 2.006158
11.0 -2.585830 -0.835378 1.997481
12.0 -2.507758 -0.892346 1.938112
13.0 -2.326990 -0.989903 1.791759
14.0 -1.962405 -1.093798 1.475778
15.0 -1.417505 -1.120456 0.986070
16.0 -0.941058 -1.036773 0.564146
17.0 -0.716748 -0.941811 0.376319
18.0 -0.752319 -0.960444 0.405268
19.0 -1.017620 -1.059049 0.630472
20.0 -1.476715 -1.123345 1.039406
21.0 -1.968701 -1.092727 1.481368
22.0 -2.308761 -0.997612 1.776486
23.0 -2.490162 -0.903784 1.924357
24.0 -2.574876 -0.844027 1.989330
25.0 -2.598571 -0.825032 2.006879
26.0 -2.559237 -0.855988 1.977588
27.0 -2.431842 -0.938454 1.877926
28.0 -2.190930 -1.040082 1.676129
29.0 -1.782766 -1.116260 1.315212
30.0 -1.292603 -1.109602 0.873910
31.0 -0.893566 -1.020686 0.523471
32.0 -0.652657 -0.903997 0.325224
33.0 -0.576638 -0.850984 0.266750
34.0 -0.654556 -0.905200 0.326715
35.0 -0.873884 -1.013460 0.506736
36.0 -1.315837 -1.112129 0.894724
37.0 -1.864233 -1.107919 1.388249
38.0 -2.253958 -1.018869 1.730139
39.0 -2.460009 -0.922306 1.900504
40.0 -2.552654 -0.860889 1.972608
41.0 -2.566937 -0.850154 1.983385
42.0 -2.495061 -0.900648 1.928199
43.0 -2.325708 -0.990456 1.790688
44.0 -2.029841 -1.081242 1.535483
45.0 -1.599009 -1.124936 1.149708
46.0 -1.176316 -1.093160 0.770197
47.0 -0.926930 -1.032179 0.552006
48.0 -0.893759 -1.020755 0.523635
49.0 -1.053124 -1.068000 0.661498
50.0 -1.323003 -1.112861 0.901150
51.0 -1.711939 -1.121213 1.251505
52.0 -2.123497 -1.059410 1.617651
53.0 -2.409273 -0.950632 1.859646
54.0 -2.576355 -0.842873 1.990434
55.0 -2.658800 -0.771625 2.050009
56.0 -2.665229 -0.765460 2.054475
57.0 -2.485258 -0.906888 1.920501
58.0 -1.944371 -1.096748 1.459748
59.0 -1.081725 -1.074630 0.686600
"HandTwist_L"
"Elbow_L"
16 0.000000 0.000000 0.000000 0.000000 0.000000 0.000000
2
0.0 0.600349 -0.288361 0.004105
59.0 0.600349 -0.288361 0.004105
2
0.0 -0.000000 -0.000000 -0.000000
59.0 -0.000000 0.000000 0.000000
"Wrist_L"
"HandTwist_L"
16 0.000000 0.000000 0.000000 0.000000 0.000000 0.000000
2
0.0 1.336147 -0.785051 -0.004107
59.0 1.336147 -0.785051 -0.004107
2
0.0 0.015636 0.293260 0.290553
59.0 0.015635 0.293258 0.290554
"Thumb0_L"
"Wrist_L"
16 0.000000 0.000000 0.000000 0.000000 0.000000 0.000000
2
0.0 0.211393 -0.119377 0.292440
59.0 0.211393 -0.119377 0.292440
2
0.0 -0.000000 -0.000000 0.000000
59.0 -0.000000 -0.000000 -0.000000
"Thumb1_L"
"Thumb0_L"
16 0.000000 0.000000 0.000000 0.000000 0.000000 0.000000
2
0.0 0.217009 -0.196038 0.148163
59.0 0.217009 -0.196038 0.148163
2
0.0 -0.000000 -0.000000 0.000000
59.0 -0.000000 -0.000000 -0.000000
"IndexFinger1_L"
"Wrist_L"
16 0.000000 0.000000 0.000000 0.000000 0.000000 0.000000
2
0.0 0.809682 -0.342358 0.193057
59.0 0.809682 -0.342358 0.193057
2
0.0 0.000000 0.000000 0.000000
59.0 -0.000000 -0.000000 -0.000000
"IndexFinger2_L"
"IndexFinger1_L"
16 0.000000 0.000000 0.000000 0.000000 0.000000 0.000000
2
0.0 0.265565 -0.176418 0.027509
59.0 0.265565 -0.176418 0.027509
2
0.0 -0.000000 -0.000000 -0.000000
59.0 0.000000 0.000000 -0.000000
"MiddleFinger1_L"
"Wrist_L"
16 0.000000 0.000000 0.000000 0.000000 0.000000 0.000000
2
0.0 0.814088 -0.343601 -0.003787
59.0 0.814088 -0.343601 -0.003787
2
0.0 0.000000 -0.000000 0.000000
59.0 -0.000000 -0.000000 -0.000000
"MiddleFinger2_L"
"MiddleFinger1_L"
16 0.000000 0.000000 0.000000 0.000000 0.000000 0.000000
2
0.0 0.281698 -0.162633 -0.004092
59.0 0.281698 -0.162633 -0.004092
2
0.0 -0.000000 -0.000000 -0.000000
59.0 -0.000000 -0.000000 0.000000
"RingFinger1_L"
"Wrist_L"
16 0.000000 0.000000 0.000000 0.000000 0.000000 0.000000
2
0.0 0.799423 -0.332222 -0.201428
59.0 0.799423 -0.332222 -0.201428
2
0.0 -0.000000 0.000000 0.000000
59.0 -0.000000 -0.000000 -0.000000
"RingFinger2_L"
"RingFinger1_L"
16 0.000000 0.000000 0.000000 0.000000 0.000000 0.000000
2
0.0 0.226208 -0.154661 -0.026064
59.0 0.226208 -0.154661 -0.026064
2
0.0 -0.000000 -0.000000 0.000000
59.0 -0.000000 -0.000000 0.000000
"LittleFinger1_L"
"Wrist_L"
16 0.000000 0.000000 0.000000 0.000000 0.000000 0.000000
2
0.0 0.740004 -0.380190 -0.392705
59.0 0.740004 -0.380190 -0.392705
2
0.0 0.000000 -0.000000 0.000000
59.0 -0.000000 -0.000000 -0.000000
"LittleFinger2_L"
"LittleFinger1_L"
16 0.000000 0.000000 0.000000 0.000000 0.000000 0.000000
2
0.0 0.195602 -0.115708 -0.048708
59.0 0.195602 -0.115708 -0.048708
2
0.0 -0.000000 -0.000000 0.000000
59.0 -0.000000 -0.000000 -0.000000
"Shoulder_R"
"UpperBody2"
16 0.000000 0.000000 0.000000 0.000000 0.000000 0.000000
2
0.0 -0.596103 1.107050 -0.255475
59.0 -0.596103 1.107050 -0.255475
2
0.0 -0.000000 -0.000000 0.000000
59.0 -0.000000 0.000000 0.000000
"Arm_R"
"Shoulder_R"
16 0.000000 0.000000 0.000000 0.000000 0.000000 0.000000
2
0.0 -1.107048 0.085158 0.000000
59.0 -1.107048 0.085158 0.000000
60
0.0 0.121290 -0.097680 0.733450
1.0 0.067069 -0.112693 0.686675
2.0 -0.001245 -0.110908 0.648795
3.0 -0.032829 -0.111652 0.640221
4.0 0.007833 -0.119109 0.672854
5.0 0.083705 -0.114843 0.726286
6.0 0.152363 -0.093588 0.784280
7.0 0.194902 -0.070492 0.835562
8.0 0.224940 -0.062824 0.866665
9.0 0.258015 -0.051762 0.881072
10.0 0.280838 -0.030082 0.884251
11.0 0.281613 -0.005101 0.871806
12.0 0.258361 0.005925 0.838691
13.0 0.221617 -0.015486 0.782350
14.0 0.150335 -0.028819 0.728515
15.0 0.046050 -0.005690 0.687339
16.0 -0.075995 0.058899 0.660056
17.0 -0.172516 0.142155 0.646614
18.0 -0.195905 0.203890 0.654248
19.0 -0.151335 0.216948 0.687652
20.0 -0.079604 0.200648 0.739323
21.0 -0.021882 0.174907 0.793478
22.0 0.011514 0.160340 0.839031
23.0 0.030297 0.172164 0.867498
24.0 0.052906 0.205335 0.876299
25.0 0.076590 0.220477 0.870260
26.0 0.082451 0.206020 0.846279
27.0 0.052867 0.166563 0.813498
28.0 0.015032 0.150471 0.781610
29.0 -0.018134 0.190585 0.758239
30.0 -0.041423 0.286313 0.752444
31.0 -0.061202 0.417006 0.745384
32.0 -0.094188 0.540396 0.724093
33.0 -0.110470 0.588370 0.686404
34.0 -0.056535 0.561470 0.660642
35.0 0.022666 0.497820 0.665872
36.0 0.078993 0.430141 0.700600
37.0 0.091487 0.383214 0.747145
38.0 0.069452 0.364842 0.789612
39.0 0.033333 0.351891 0.824557
40.0 0.002646 0.319254 0.853396
41.0 -0.028795 0.289110 0.877250
42.0 -0.049294 0.247628 0.897517
43.0 -0.056945 0.207861 0.916132
44.0 -0.055337 0.205394 0.929024
45.0 -0.065371 0.253443 0.925126
46.0 -0.095027 0.336050 0.908100
47.0 -0.151052 0.433391 0.878475
48.0 -0.206823 0.491780 0.843770
49.0 -0.213546 0.472556 0.815791
50.0 -0.169415 0.395297 0.795393
51.0 -0.126233 0.315684 0.789163
52.0 -0.107122 0.275015 0.802919
53.0 -0.098597 0.257855 0.821487
54.0 -0.074019 0.231935 0.837908
55.0 -0.040223 0.210147 0.848864
56.0 -0.002293 0.181146 0.852689
57.0 0.040412 0.137377 0.847729
58.0 0.087560 0.068418 0.828556
59.0 0.128162 -0.030348 0.786928
"ArmTwist_R"
"Arm_R"
16 0.000000 0.000000 0.000000 0.000000 0.000000 0.000000
2
0.0 -1.129662 -0.517788 0.041215
59.0 -1.129662 -0.517788 0.041215
2
0.0 -0.000000 0.000000 0.000000
59.0 -0.000000 0.000000 -0.000000
"Elbow_R"
"ArmTwist_R"
16 0.000000 0.000000 0.000000 0.000000 0.000000 0.000000
2
0.0 -0.750082 -0.481687 -0.041217
59.0 -0.750082 -0.481687 -0.041217
60
0.0 -2.085073 1.070110 -1.587564
1.0 -2.396638 0.958068 -1.853184
2.0 -2.528837 0.878698 -1.958424
3.0 -2.536819 0.873056 -1.964559
4.0 -2.408006 0.952180 -1.862468
5.0 -2.071910 1.073191 -1.576004
6.0 -1.452699 1.123624 -1.020688
7.0 -0.907457 1.027268 -0.537645
8.0 -0.643958 0.900408 -0.320279
9.0 -0.498075 0.787249 -0.210948
10.0 -0.421392 0.709940 -0.158660
11.0 -0.407991 0.694933 -0.149992
12.0 -0.486352 0.776327 -0.202682
13.0 -0.765057 0.968593 -0.417824
14.0 -1.303065 1.112129 -0.886060
15.0 -1.936409 1.099122 -1.456027
16.0 -2.329812 0.989639 -1.797878
17.0 -2.511974 0.890268 -1.945369
18.0 -2.555256 0.859606 -1.978615
19.0 -2.491755 0.903540 -1.929562
20.0 -2.281061 1.009699 -1.756844
21.0 -1.832260 1.112694 -1.362888
22.0 -1.179483 1.095138 -0.775661
23.0 -0.683519 0.924877 -0.351596
24.0 -0.436199 0.725982 -0.168410
25.0 -0.358178 0.634891 -0.119207
26.0 -0.388016 0.671678 -0.137367
27.0 -0.519285 0.806257 -0.226127
28.0 -0.784599 0.977873 -0.433987
29.0 -1.243276 1.104818 -0.832530
30.0 -1.845752 1.111219 -1.374987
31.0 -2.295481 1.004007 -1.769036
32.0 -2.513808 0.889030 -1.946796
33.0 -2.579098 0.841309 -1.996545
34.0 -2.499406 0.898592 -1.935563
35.0 -2.248546 1.021834 -1.729200
36.0 -1.734041 1.121070 -1.274582
37.0 -1.057561 1.070600 -0.667901
38.0 -0.603061 0.872561 -0.288567
39.0 -0.386787 0.670212 -0.136603
40.0 -0.308070 0.567307 -0.090812
41.0 -0.281851 0.528930 -0.077127
42.0 -0.339018 0.609924 -0.108023
43.0 -0.504403 0.793022 -0.215447
44.0 -0.841386 1.002511 -0.481493
45.0 -1.511027 1.125637 -1.073321
46.0 -2.169018 1.047776 -1.660788
47.0 -2.468656 0.917938 -1.911304
48.0 -2.575477 0.844157 -1.993842
49.0 -2.540557 0.870379 -1.967420
50.0 -2.356146 0.977792 -1.819813
51.0 -1.929174 1.100232 -1.449577
52.0 -1.227928 1.102672 -0.818824
53.0 -0.740422 0.956266 -0.397600
54.0 -0.546096 0.828941 -0.245700
55.0 -0.453938 0.744476 -0.180320
56.0 -0.444839 0.735086 -0.174181
57.0 -0.515502 0.802938 -0.223399
58.0 -0.738468 0.955258 -0.396002
59.0 -1.367527 1.118231 -0.943965
"HandTwist_R"
"Elbow_R"
16 0.000000 0.000000 0.000000 0.000000 0.000000 0.000000
2
0.0 -0.600349 -0.288362 0.004105
59.0 -0.600349 -0.288362 0.004105
2
0.0 -0.000000 -0.000000 0.000000
59.0 -0.000000 -0.000000 0.000000
"Wrist_R"
"HandTwist_R"
16 0.000000 0.000000 0.000000 0.000000 0.000000 0.000000
2
0.0 -1.354582 -0.751094 -0.004107
59.0 -1.354582 -0.751094 -0.004107
2
0.0 -0.296406 -0.381235 -0.164904
59.0 -0.296407 -0.381235 -0.164904
"Thumb0_R"
"Wrist_R"
16 0.000000 0.000000 0.000000 0.000000 0.000000 0.000000
2
0.0 -0.213448 -0.115667 0.292441
59.0 -0.213448 -0.115667 0.292441
2
0.0 0.000000 -0.000000 0.000000
59.0 0.000000 -0.000000 0.000000
"Thumb1_R"
"Thumb0_R"
16 0.000000 0.000000 0.000000 0.000000 0.000000 0.000000
2
0.0 -0.220396 -0.192223 0.148162
59.0 -0.220396 -0.192223 0.148162
2
0.0 0.000000 -0.000000 0.000000
59.0 0.000000 -0.000000 -0.000000
"IndexFinger1_R"
"Wrist_R"
16 0.000000 0.000000 0.000000 0.000000 0.000000 0.000000
2
0.0 -0.815536 -0.328173 0.193057
59.0 -0.815536 -0.328173 0.193057
2
0.0 -0.000000 0.000000 0.000000
59.0 -0.000000 -0.000000 0.000000
"IndexFinger2_R"
"IndexFinger1_R"
16 0.000000 0.000000 0.000000 0.000000 0.000000 0.000000
2
0.0 -0.268604 -0.171759 0.027509
59.0 -0.268604 -0.171759 0.027509
2
0.0 -0.000000 0.000000 -0.000000
59.0 0.000000 -0.000000 0.000000
"MiddleFinger1_R"
"Wrist_R"
16 0.000000 0.000000 0.000000 0.000000 0.000000 0.000000
2
0.0 -0.819963 -0.329340 -0.003787
59.0 -0.819963 -0.329340 -0.003787
2
0.0 0.000000 -0.000000 0.000000
59.0 0.000000 -0.000000 0.000000
"MiddleFinger2_R"
"MiddleFinger1_R"
16 0.000000 0.000000 0.000000 0.000000 0.000000 0.000000
2
0.0 -0.284494 -0.157691 -0.004092
59.0 -0.284494 -0.157691 -0.004092
2
0.0 -0.000000 -0.000000 0.000000
59.0 -0.000000 -0.000000 0.000000
"RingFinger1_R"
"Wrist_R"
16 0.000000 0.000000 0.000000 0.000000 0.000000 0.000000
2
0.0 -0.805102 -0.318217 -0.201427
59.0 -0.805102 -0.318217 -0.201427
2
0.0 0.000000 -0.000000 0.000000
59.0 0.000000 -0.000000 0.000000
"RingFinger2_R"
"RingFinger1_R"
16 0.000000 0.000000 0.000000 0.000000 0.000000 0.000000
2
0.0 -0.228873 -0.150688 -0.026064
59.0 -0.228873 -0.150688 -0.026064
2
0.0 -0.000000 0.000000 0.000000
59.0 0.000000 -0.000000 0.000000
"LittleFinger1_R"
"Wrist_R"
16 0.000000 0.000000 0.000000 0.000000 0.000000 0.000000
2
0.0 -0.746527 -0.367216 -0.392705
59.0 -0.746527 -0.367216 -0.392705
2
0.0 -0.000000 -0.000000 0.000000
59.0 0.000000 -0.000000 0.000000
"LittleFinger2_R"
"LittleFinger1_R"
16 0.000000 0.000000 0.000000 0.000000 0.000000 0.000000
2
0.0 -0.197593 -0.112276 -0.048708
59.0 -0.197593 -0.112276 -0.048708
2
0.0 0.000000 -0.000000 0.000000
59.0 -0.000000 0.000000 -0.000000
"LowerBody"
"Waist"
16 0.000000 0.000000 0.000000 0.000000 0.000000 0.000000
2
0.0 0.000000 0.000000 0.000000
59.0 0.000000 0.000000 0.000000
2
0.0 -0.000000 0.000000 -0.000000
59.0 0.000000 0.000000 -0.000000
"Leg_L"
"LowerBody"
16 0.000000 0.000000 0.000000 0.000000 0.000000 0.000000
2
0.0 0.723839 -1.192206 -0.000001
59.0 0.723839 -1.192206 -0.000001
60
0.0 -0.502714 0.042848 0.207415
1.0 -0.546077 0.041707 0.279488
2.0 -0.551218 0.037905 0.352093
3.0 -0.528301 0.031945 0.419060
4.0 -0.486688 0.025114 0.475219
5.0 -0.442618 0.018484 0.517618
6.0 -0.403028 0.013607 0.542633
7.0 -0.385235 0.005976 0.548291
8.0 -0.397511 -0.009331 0.530642
9.0 -0.443443 -0.017750 0.477980
10.0 -0.494227 -0.008168 0.386449
11.0 -0.528743 0.025009 0.276215
12.0 -0.543334 0.065016 0.160165
13.0 -0.544138 0.098231 0.051181
14.0 -0.543958 0.119227 -0.038165
15.0 -0.557843 0.126619 -0.097248
16.0 -0.590677 0.129521 -0.134294
17.0 -0.618790 0.136600 -0.154986
18.0 -0.617228 0.129282 -0.157264
19.0 -0.577268 0.098664 -0.144185
20.0 -0.495483 0.065014 -0.125481
21.0 -0.416423 0.032686 -0.112307
22.0 -0.352131 0.004041 -0.108461
23.0 -0.309039 -0.018250 -0.112784
24.0 -0.290285 -0.032004 -0.128110
25.0 -0.295397 -0.028077 -0.156650
26.0 -0.323828 0.022831 -0.191427
27.0 -0.370517 0.111238 -0.225198
28.0 -0.430587 0.217279 -0.250953
29.0 -0.499877 0.319035 -0.260250
30.0 -0.571817 0.392213 -0.237600
31.0 -0.633725 0.397925 -0.121313
32.0 -0.651809 0.328768 0.053997
33.0 -0.603613 0.203960 0.218219
34.0 -0.515289 0.062615 0.322188
35.0 -0.389750 -0.067285 0.354202
36.0 -0.230289 -0.159864 0.332596
37.0 -0.106830 -0.175196 0.272309
38.0 -0.101708 -0.139507 0.192191
39.0 -0.098942 -0.082284 0.107933
40.0 -0.097826 -0.021497 0.033120
41.0 -0.099171 0.023108 -0.019421
42.0 -0.104142 0.039976 -0.045429
43.0 -0.160749 0.048547 -0.053430
44.0 -0.355920 0.053430 -0.049505
45.0 -0.489459 0.055431 -0.038875
46.0 -0.590504 0.055398 -0.026633
47.0 -0.659033 0.053757 -0.016843
48.0 -0.689604 0.050770 -0.013116
49.0 -0.672609 0.046771 -0.019191
50.0 -0.602575 0.042363 -0.037425
51.0 -0.508481 0.037197 -0.055340
52.0 -0.400481 0.031623 -0.069003
53.0 -0.282289 0.026022 -0.076535
54.0 -0.155898 0.021803 -0.076857
55.0 -0.011178 0.019879 -0.067373
56.0 -0.103580 0.021255 -0.040414
57.0 -0.221064 0.025948 0.005870
58.0 -0.329137 0.032466 0.066319
59.0 -0.424617 0.038906 0.135495
"Knee_L"
"Leg_L"
16 0.000000 0.000000 0.000000 0.000000 0.000000 0.000000
2
0.0 0.000000 -3.491461 0.000014
59.0 0.000000 -3.491461 0.000014
60
0.0 0.829889 0.000000 0.000000
1.0 0.889007 -0.000001 -0.000000
2.0 0.893503 0.000000 0.000000
3.0 0.858591 0.000000 -0.000000
4.0 0.796615 0.000000 -0.000000
5.0 0.734174 0.000000 0.000000
6.0 0.682710 0.000000 0.000000
7.0 0.666589 -0.000000 0.000000
8.0 0.687550 0.000000 -0.000000
9.0 0.771879 0.000000 0.000000
10.0 0.880192 0.000000 0.000000
11.0 0.968636 -0.000000 -0.000000
12.0 1.012362 -0.000001 -0.000001
13.0 1.013319 -0.000000 -0.000000
14.0 0.993729 0.000000 -0.000000
15.0 0.985592 0.000000 -0.000000
16.0 1.009067 -0.000000 0.000000
17.0 1.026940 0.000000 -0.000000
18.0 1.002816 -0.000000 0.000000
19.0 0.928184 -0.000000 -0.000000
20.0 0.788223 0.000000 0.000000
21.0 0.661268 0.000000 -0.000000
22.0 0.566270 -0.000000 0.000001
23.0 0.511513 -0.000000 -0.000000
24.0 0.498823 0.000000 -0.000000
25.0 0.522193 0.000000 -0.000000
26.0 0.575694 0.000000 -0.000000
27.0 0.649595 0.000000 -0.000000
28.0 0.735671 0.000000 -0.000000
29.0 0.828418 -0.000000 -0.000000
30.0 0.922076 -0.000000 0.000001
31.0 1.006765 0.000000 -0.000000
32.0 1.013170 -0.000000 -0.000000
33.0 0.906316 -0.000000 0.000000
34.0 0.728681 0.000000 0.000000
35.0 0.483417 0.000000 -0.000000
36.0 0.183777 -0.000000 0.000000
37.0 -0.047763 -0.000000 0.000000
38.0 -0.047762 -0.000000 -0.000000
39.0 -0.047762 -0.000000 -0.000000
40.0 -0.047762 0.000000 0.000000
41.0 -0.047762 0.000000 -0.000000
42.0 -0.047762 0.000000 -0.000000
43.0 0.049344 -0.000000 -0.000000
44.0 0.419886 0.000000 0.000000
45.0 0.662621 0.000000 -0.000000
46.0 0.841357 0.000000 -0.000000
47.0 0.963436 0.000000 0.000000
48.0 1.026756 0.000000 -0.000000
49.0 1.019407 0.000000 -0.000000
50.0 0.925891 0.000000 -0.000000
51.0 0.791008 -0.000000 -0.000000
52.0 0.627255 0.000000 0.000000
53.0 0.436712 0.000000 0.000000
54.0 0.219572 -0.000000 -0.000000
55.0 -0.047763 0.000000 -0.000000
56.0 0.145229 0.000000 -0.000000
57.0 0.368541 0.000000 0.000000
58.0 0.558148 0.000000 -0.000000
59.0 0.713278 0.000000 -0.000000
"Ankle_L"
"Knee_L"
16 0.000000 0.000000 0.000000 0.000000 0.000000 0.000000
2
0.0 0.000000 -3.746933 -0.255485
59.0 0.000000 -3.746933 -0.255485
60
0.0 -0.265072 0.149631 -0.089281
1.0 -0.284651 0.165443 -0.129224
2.0 -0.296427 0.190672 -0.157960
3.0 -0.294444 0.225394 -0.170252
4.0 -0.270096 0.267494 -0.161092
5.0 -0.221381 0.324806 -0.118199
6.0 -0.148308 0.433603 -0.027221
7.0 -0.086491 0.523339 -0.027622
8.0 -0.057024 0.581094 -0.075950
9.0 -0.092121 0.595567 -0.116571
10.0 -0.169630 0.569815 -0.119036
11.0 -0.249954 0.530716 -0.081716
12.0 -0.308764 0.490710 -0.012597
13.0 -0.336821 0.449434 0.068925
14.0 -0.332809 0.389082 0.149936
15.0 -0.320759 0.322306 0.197195
16.0 -0.326344 0.278986 0.199828
17.0 -0.339050 0.285200 0.156436
18.0 -0.342567 0.337509 0.076630
19.0 -0.328549 0.402758 -0.008779
20.0 -0.279315 0.447169 -0.063939
21.0 -0.231290 0.456238 -0.091768
22.0 -0.197839 0.447070 -0.108521
23.0 -0.182086 0.424549 -0.121572
24.0 -0.182840 0.395804 -0.133612
25.0 -0.187940 0.362749 -0.142786
26.0 -0.166699 0.308682 -0.142501
27.0 -0.123980 0.245564 -0.134579
28.0 -0.070562 0.186718 -0.122532
29.0 -0.017966 0.146086 -0.113361
30.0 -0.032182 0.191814 -0.016987
31.0 -0.091157 0.345504 0.087717
32.0 -0.065690 0.487959 0.061408
33.0 0.030844 0.599798 -0.060371
34.0 0.125501 0.728506 -0.127515
35.0 0.242908 0.839632 -0.094550
36.0 0.402170 0.889591 0.036028
37.0 0.499267 0.830733 0.146961
38.0 0.409813 0.718258 0.123022
39.0 0.328762 0.578062 0.109050
40.0 0.260408 0.438111 0.100967
41.0 0.209683 0.328104 0.094814
42.0 0.180319 0.263765 0.091424
43.0 0.120830 0.215664 0.082912
44.0 -0.060995 0.184377 0.062097
45.0 -0.172377 0.156074 0.062896
46.0 -0.250819 0.133304 0.070444
47.0 -0.303881 0.115860 0.080073
48.0 -0.334490 0.103092 0.088632
49.0 -0.339741 0.094018 0.094543
50.0 -0.309456 0.087011 0.098401
51.0 -0.260982 0.081848 0.098164
52.0 -0.197449 0.078864 0.094557
53.0 -0.117717 0.078530 0.088967
54.0 -0.020452 0.080301 0.084022
55.0 0.107588 0.082601 0.081794
56.0 0.010649 0.103145 0.057692
57.0 -0.093229 0.119876 0.026009
58.0 -0.173070 0.131561 -0.009438
59.0 -0.230218 0.140415 -0.048042
"Leg_R"
"LowerBody"
16 0.000000 0.000000 0.000000 0.000000 0.000000 0.000000
2
0.0 -0.723840 -1.192205 0.000000
59.0 -0.723840 -1.192205 0.000000
60
0.0 -0.715312 -0.294216 0.263556
1.0 -0.755500 -0.338753 0.272490
2.0 -0.751922 -0.362985 0.226113
3.0 -0.722680 -0.364673 0.144930
4.0 -0.684539 -0.329041 0.043307
5.0 -0.593814 -0.248524 -0.057405
6.0 -0.440486 -0.144927 -0.130453
7.0 -0.269477 -0.048105 -0.165577
8.0 -0.123191 0.007502 -0.162152
9.0 -0.014234 0.023460 -0.156711
10.0 0.026743 0.005006 -0.157229
11.0 -0.062533 0.000671 -0.156750
12.0 -0.137279 0.008074 -0.154872
13.0 -0.223435 0.022095 -0.152752
14.0 -0.315068 0.040881 -0.150340
15.0 -0.409574 0.061672 -0.147737
16.0 -0.504431 0.086813 -0.145246
17.0 -0.574448 0.119828 -0.140411
18.0 -0.591778 0.140995 -0.128260
19.0 -0.550286 0.141070 -0.109899
20.0 -0.454968 0.137333 -0.091801
21.0 -0.348160 0.132002 -0.080406
22.0 -0.238038 0.125358 -0.076749
23.0 -0.119439 0.117141 -0.081377
24.0 0.012095 0.107124 -0.098658
25.0 0.017903 0.097305 -0.131888
26.0 0.015751 0.090890 -0.173987
27.0 -0.134842 0.090100 -0.217280
28.0 -0.235511 0.095182 -0.253768
29.0 -0.330107 0.106165 -0.275315
30.0 -0.420474 0.122296 -0.279540
31.0 -0.505298 0.141827 -0.280367
32.0 -0.571935 0.163495 -0.294421
33.0 -0.605637 0.187091 -0.335996
34.0 -0.604590 0.209809 -0.394111
35.0 -0.557260 0.228579 -0.457678
36.0 -0.499932 0.238776 -0.513405
37.0 -0.469596 0.223250 -0.523684
38.0 -0.453464 0.184574 -0.499471
39.0 -0.436847 0.130673 -0.456934
40.0 -0.415730 0.073557 -0.411822
41.0 -0.396150 0.027114 -0.377348
42.0 -0.396120 -0.014509 -0.335843
43.0 -0.423868 -0.054215 -0.278257
44.0 -0.474730 -0.086853 -0.210023
45.0 -0.544392 -0.111529 -0.136825
46.0 -0.612236 -0.128725 -0.064185
47.0 -0.665094 -0.139119 0.000758
48.0 -0.691957 -0.143778 0.050205
49.0 -0.681999 -0.143863 0.076449
50.0 -0.631541 -0.140008 0.075898
51.0 -0.566223 -0.136575 0.068041
52.0 -0.498104 -0.135265 0.059684
53.0 -0.437055 -0.136899 0.053812
54.0 -0.396268 -0.141608 0.052188
55.0 -0.390220 -0.150069 0.057833
56.0 -0.424846 -0.162713 0.078726
57.0 -0.487910 -0.181029 0.116256
58.0 -0.563907 -0.208486 0.164016
59.0 -0.642210 -0.246318 0.215425
"Knee_R"
"Leg_R"
16 0.000000 0.000000 0.000000 0.000000 0.000000 0.000000
2
0.0 0.000000 -3.491461 0.000001
59.0 0.000000 -3.491461 0.000001
60
0.0 1.131286 0.000000 0.000000
1.0 1.154477 -0.000000 0.000000
2.0 1.113528 0.000000 0.000000
3.0 1.043392 0.000000 -0.000000
4.0 0.976823 0.000000 0.000000
5.0 0.826454 -0.000000 0.000001
6.0 0.562163 0.000000 -0.000000
7.0 0.281932 0.000000 0.000000
8.0 0.075749 0.000000 -0.000000
9.0 -0.047762 -0.000000 -0.000000
10.0 -0.047761 0.000000 0.000000
11.0 0.176436 0.000000 -0.000000
12.0 0.333725 -0.000000 -0.000000
13.0 0.483832 -0.000000 -0.000000
14.0 0.629170 0.000000 0.000000
15.0 0.771540 0.000000 -0.000000
16.0 0.911995 0.000000 -0.000000
17.0 1.004762 0.000000 -0.000000
18.0 1.013677 0.000000 0.000000
19.0 0.938165 -0.000000 0.000000
20.0 0.772132 0.000000 -0.000000
21.0 0.589786 0.000000 -0.000000
22.0 0.402055 0.000000 -0.000000
23.0 0.193883 0.000000 -0.000000
24.0 -0.047762 -0.000000 0.000000
25.0 -0.047762 -0.000000 0.000000
26.0 -0.047762 -0.000000 0.000000
27.0 0.236282 0.000000 0.000000
28.0 0.407596 0.000000 -0.000000
29.0 0.558775 0.000000 -0.000000
30.0 0.699627 0.000000 0.000000
31.0 0.834570 -0.000000 0.000001
32.0 0.943771 0.000000 -0.000000
33.0 0.996165 -0.000000 0.000000
34.0 0.975262 0.000000 0.000000
35.0 0.865733 0.000000 0.000000
36.0 0.752473 0.000000 0.000000
37.0 0.724366 -0.000000 0.000000
38.0 0.756648 -0.000000 -0.000000
39.0 0.803004 0.000000 0.000000
40.0 0.835596 0.000000 0.000000
41.0 0.847714 0.000000 -0.000000
42.0 0.863634 -0.000001 -0.000000
43.0 0.899092 0.000000 -0.000000
44.0 0.956191 0.000000 0.000000
45.0 1.033293 0.000000 -0.000000
46.0 1.096399 0.000000 -0.000000
47.0 1.131424 0.000000 -0.000000
48.0 1.131517 0.000000 0.000000
49.0 1.089191 0.000000 0.000000
50.0 0.998388 0.000000 -0.000000
51.0 0.893986 0.000000 -0.000000
52.0 0.790624 0.000000 0.000000
53.0 0.701584 0.000000 0.000000
54.0 0.648018 0.000000 -0.000000
55.0 0.653993 0.000000 -0.000000
56.0 0.724956 0.000000 0.000000
57.0 0.831265 0.000000 0.000000
58.0 0.945316 0.000000 -0.000000
59.0 1.049265 0.000000 -0.000000
"Ankle_R"
"Knee_R"
16 0.000000 0.000000 0.000000 0.000000 0.000000 0.000000
2
0.0 0.000000 -3.746932 -0.255471
59.0 0.000000 -3.746932 -0.255471
60
0.0 0.026739 -0.284698 -0.004877
1.0 0.018301 -0.288521 -0.021348
2.0 -0.005671 -0.360471 0.010292
3.0 -0.039310 -0.443298 0.047996
4.0 -0.067721 -0.487815 0.064779
5.0 -0.031831 -0.502359 0.044349
6.0 0.086329 -0.496783 -0.006609
7.0 0.220298 -0.476979 -0.053155
8.0 0.297191 -0.455142 -0.098642
9.0 0.318704 -0.432168 -0.117087
10.0 0.269490 -0.392534 -0.100071
11.0 0.109343 -0.367536 -0.039476
12.0 -0.000499 -0.344088 0.004520
13.0 -0.094441 -0.323794 0.047163
14.0 -0.179573 -0.304237 0.089941
15.0 -0.257536 -0.277380 0.129239
16.0 -0.330320 -0.244439 0.163636
17.0 -0.376376 -0.212936 0.184522
18.0 -0.384125 -0.191370 0.188859
19.0 -0.358240 -0.182103 0.182039
20.0 -0.290769 -0.183645 0.165321
21.0 -0.215470 -0.187954 0.148365
22.0 -0.134786 -0.193869 0.129972
23.0 -0.038077 -0.201035 0.105371
24.0 0.083906 -0.207607 0.068605
25.0 0.091452 -0.205083 0.049835
26.0 0.109613 -0.205665 0.024131
27.0 -0.009567 -0.208174 0.022485
28.0 -0.064531 -0.220182 0.005376
29.0 -0.105284 -0.240628 -0.015764
30.0 -0.139535 -0.268963 -0.037409
31.0 -0.173035 -0.304360 -0.053639
32.0 -0.200379 -0.342714 -0.055810
33.0 -0.207458 -0.379022 -0.039579
34.0 -0.177441 -0.412684 -0.020001
35.0 -0.102606 -0.446547 -0.011777
36.0 -0.031539 -0.480540 -0.007614
37.0 -0.012061 -0.500811 -0.021848
38.0 -0.036562 -0.507645 -0.042083
39.0 -0.076387 -0.505963 -0.063849
40.0 -0.108605 -0.497858 -0.076497
41.0 -0.118684 -0.479086 -0.058779
42.0 -0.110060 -0.450922 -0.029691
43.0 -0.091523 -0.420356 -0.002136
44.0 -0.105723 -0.394832 0.026703
45.0 -0.187068 -0.376872 0.055284
46.0 -0.289576 -0.368689 0.074529
47.0 -0.378989 -0.371452 0.081094
48.0 -0.427380 -0.383416 0.075179
49.0 -0.431506 -0.394402 0.069830
50.0 -0.393296 -0.402704 0.066574
51.0 -0.330372 -0.408862 0.062446
52.0 -0.251518 -0.412282 0.056513
53.0 -0.165922 -0.412109 0.049947
54.0 -0.087519 -0.407788 0.047084
55.0 -0.031970 -0.398617 0.051185
56.0 -0.004117 -0.384536 0.059237
57.0 0.010187 -0.366155 0.061722
58.0 0.019383 -0.342874 0.052655
59.0 0.025532 -0.315484 0.030053
