Bones: 19
"12.joint_HipMaster"
""
24 0.000000 0.000000 0.000000 0.000000 0.000000 0.000000
60
0.0 0.597693 7.725949 0.000017
1.0 0.775762 7.543148 0.135318
2.0 0.874341 7.379144 0.190152
3.0 0.904925 7.268270 0.179210
4.0 0.879018 7.244865 0.117185
5.0 0.808116 7.343263 0.018765
6.0 0.703718 7.568462 -0.101358
7.0 0.577323 7.766567 -0.228493
8.0 0.440428 7.911356 -0.347949
9.0 0.304535 8.004584 -0.445037
10.0 0.181141 8.048004 -0.505064
11.0 0.081744 8.043368 -0.513515
12.0 0.017845 7.992432 -0.467571
13.0 0.000000 7.896949 -0.383167
14.0 0.000000 7.758672 -0.277916
15.0 0.000000 7.579354 -0.169432
16.0 0.000000 7.360749 -0.075329
17.0 0.000000 7.204259 -0.013222
18.0 0.000000 7.211878 -0.000654
19.0 0.000000 7.386256 -0.011566
20.0 0.000000 7.700036 -0.015718
21.0 0.000000 7.975781 -0.014964
22.0 0.000000 8.186071 -0.011161
23.0 0.000000 8.333490 -0.006162
24.0 0.000000 8.420625 -0.001824
25.0 -0.000000 8.450060 0.000000
26.0 -0.000000 8.424382 0.000000
27.0 -0.000000 8.346175 0.000000
28.0 -0.000000 8.218026 0.000001
29.0 -0.000000 8.042520 0.000000
30.0 -0.000000 7.822243 0.000000
31.0 -0.000000 7.562800 0.000000
32.0 -0.000000 7.311732 0.000000
33.0 -0.000000 7.143225 0.000000
34.0 -0.000000 7.131425 0.000000
35.0 -0.000000 7.315874 0.000000
36.0 -0.000000 7.531421 0.000000
37.0 -0.000000 7.736650 0.000000
38.0 -0.000000 7.921228 0.000000
39.0 -0.000000 8.074824 0.000000
40.0 -0.000000 8.187104 0.000000
41.0 -0.000000 8.247736 0.000000
42.0 -0.000000 8.246386 0.000000
43.0 -0.000000 8.172724 0.000000
44.0 -0.000000 8.016414 0.000000
45.0 -0.000000 7.778431 0.000000
46.0 -0.000000 7.536611 0.000000
47.0 -0.000000 7.343945 0.000000
48.0 -0.000000 7.244385 0.000000
49.0 0.000000 7.281879 -0.010493
50.0 0.000000 7.478996 -0.071007
51.0 0.000000 7.724147 -0.168979
52.0 0.000000 7.970281 -0.285519
53.0 0.000232 8.188709 -0.401739
54.0 0.007601 8.350739 -0.498749
55.0 0.030199 8.427662 -0.557661
56.0 0.074595 8.399261 -0.557119
57.0 0.147359 8.285036 -0.481664
58.0 0.255060 8.114837 -0.349415
59.0 0.404265 7.918524 -0.181631
60
0.0 -3.048284 -0.018657 -3.084885
1.0 -3.048398 -0.007234 -3.054171
2.0 -3.048959 0.000107 -3.025473
3.0 -3.050302 0.003094 -2.999774
4.0 -3.052769 0.001462 -2.978070
5.0 -3.056699 -0.005065 -2.961348
6.0 -3.063485 -0.016755 -2.950600
7.0 -3.073743 -0.040550 -2.946814
8.0 -3.085015 -0.084361 -2.950984
9.0 -3.094800 -0.133742 -2.964095
10.0 -3.100595 -0.173446 -2.985150
11.0 -3.100591 -0.189631 -3.003093
12.0 -3.097302 -0.189366 -3.016658
13.0 -3.091862 -0.178327 -3.026555
14.0 -3.084958 -0.158352 -3.033496
15.0 -3.077260 -0.131275 -3.038195
16.0 -3.069451 -0.096910 -3.041362
17.0 -3.062215 -0.052538 -3.043708
18.0 -3.056226 -0.020424 -3.045947
19.0 -3.052167 -0.012966 -3.048789
20.0 -3.049680 -0.011390 -3.052945
21.0 -3.047376 -0.013301 -3.059130
22.0 -3.045232 -0.017236 -3.068053
23.0 -3.043241 -0.021725 -3.080426
24.0 -3.041398 -0.025291 -3.099988
25.0 -3.039701 -0.026467 -3.129323
26.0 -3.038148 -0.023790 3.121222
27.0 -3.036733 -0.016115 3.091946
28.0 -3.035452 -0.004242 3.072703
29.0 -3.034303 0.010713 3.070239
30.0 -3.033284 0.027673 3.086352
31.0 -3.032385 0.045559 3.109005
32.0 -3.031606 0.063297 3.124205
33.0 -3.030943 0.079809 3.121968
34.0 -3.030392 0.094011 3.107975
35.0 -3.029954 0.104836 3.085951
36.0 -3.029614 0.111202 3.059195
37.0 -3.029379 0.112009 3.031001
38.0 -3.029241 0.106063 3.004662
39.0 -3.029264 0.093998 2.983481
40.0 -3.029516 0.077001 2.970747
41.0 -3.029977 0.056258 2.969882
42.0 -3.030630 0.032952 2.982733
43.0 -3.031442 0.008275 3.005909
44.0 -3.032396 -0.016586 3.035365
45.0 -3.033468 -0.040448 3.067057
46.0 -3.034635 -0.062120 3.096941
47.0 -3.035875 -0.080418 3.120978
48.0 -3.037168 -0.094151 3.135121
49.0 -3.038484 -0.102135 3.135327
50.0 -3.039807 -0.103825 3.119734
51.0 -3.041108 -0.102525 3.099867
52.0 -3.042375 -0.099056 3.080243
53.0 -3.043573 -0.093635 3.063477
54.0 -3.044687 -0.086468 3.052186
55.0 -3.045690 -0.077771 3.048983
56.0 -3.046564 -0.067752 3.060082
57.0 -3.047285 -0.056617 3.086268
58.0 -3.047826 -0.044584 3.121836
59.0 -3.048165 -0.031861 -3.122103
"28.joint_RightHip"
"12.joint_HipMaster"
24 0.000000 0.000000 0.000000 0.000000 0.000000 0.000000
2
0.0 -0.898730 -0.727985 -0.131171
59.0 -0.898730 -0.727985 -0.131171
60
0.0 -0.715312 -0.294216 0.263556
1.0 -0.755499 -0.338753 0.272489
2.0 -0.751922 -0.362985 0.226113
3.0 -0.722680 -0.364673 0.144930
4.0 -0.684539 -0.329041 0.043307
5.0 -0.593815 -0.248524 -0.057405
6.0 -0.440485 -0.144927 -0.130453
7.0 -0.269477 -0.048105 -0.165577
8.0 -0.123191 0.007502 -0.162152
9.0 -0.014234 0.023460 -0.156711
10.0 0.026743 0.005006 -0.157229
11.0 -0.062533 0.000671 -0.156750
12.0 -0.137279 0.008074 -0.154872
13.0 -0.223435 0.022095 -0.152752
14.0 -0.315067 0.040881 -0.150340
15.0 -0.409574 0.061672 -0.147737
16.0 -0.504431 0.086813 -0.145247
17.0 -0.574447 0.119828 -0.140412
18.0 -0.591778 0.140995 -0.128260
19.0 -0.550286 0.141070 -0.109899
20.0 -0.454967 0.137333 -0.091801
21.0 -0.348160 0.132002 -0.080406
22.0 -0.238037 0.125358 -0.076749
23.0 -0.119439 0.117141 -0.081377
24.0 0.012095 0.107124 -0.098658
25.0 0.017903 0.097305 -0.131888
26.0 0.015751 0.090890 -0.173987
27.0 -0.134842 0.090100 -0.217280
28.0 -0.235511 0.095182 -0.253769
29.0 -0.330107 0.106165 -0.275315
30.0 -0.420473 0.122296 -0.279540
31.0 -0.505298 0.141827 -0.280367
32.0 -0.571935 0.163495 -0.294421
33.0 -0.605637 0.187091 -0.335997
34.0 -0.604589 0.209809 -0.394111
35.0 -0.557260 0.228579 -0.457678
36.0 -0.499933 0.238776 -0.513405
37.0 -0.469596 0.223249 -0.523684
38.0 -0.453464 0.184574 -0.499471
39.0 -0.436847 0.130673 -0.456934
40.0 -0.415730 0.073557 -0.411822
41.0 -0.396150 0.027114 -0.377348
42.0 -0.396120 -0.014509 -0.335844
43.0 -0.423868 -0.054215 -0.278257
44.0 -0.474730 -0.086853 -0.210023
45.0 -0.544392 -0.111529 -0.136825
46.0 -0.612236 -0.128725 -0.064185
47.0 -0.665094 -0.139119 0.000758
48.0 -0.691957 -0.143778 0.050204
49.0 -0.681998 -0.143863 0.076448
50.0 -0.631541 -0.140008 0.075897
51.0 -0.566223 -0.136575 0.068040
52.0 -0.498104 -0.135265 0.059684
53.0 -0.437055 -0.136899 0.053811
54.0 -0.396268 -0.141608 0.052188
55.0 -0.390220 -0.150069 0.057833
56.0 -0.424846 -0.162713 0.078726
57.0 -0.487910 -0.181029 0.116256
58.0 -0.563907 -0.208486 0.164016
59.0 -0.642210 -0.246318 0.215425
"29.!joint_RightKnee"
"28.joint_RightHip"
24 0.000000 0.000000 0.000000 0.000000 0.000000 0.000000
2
0.0 -0.133782 -2.906913 -0.240881
59.0 -0.133782 -2.906913 -0.240881
60
0.0 1.131285 -0.000000 0.000000
1.0 1.154477 -0.000000 0.000000
2.0 1.113527 -0.000000 0.000000
3.0 1.043392 -0.000000 0.000000
4.0 0.976823 -0.000000 0.000000
5.0 0.826454 -0.000001 0.000001
6.0 0.562163 -0.000000 0.000000
7.0 0.281932 -0.000000 0.000000
8.0 0.075749 -0.000000 0.000000
9.0 -0.047762 -0.000000 -0.000000
10.0 -0.047761 0.000000 -0.000000
11.0 0.176436 0.000000 0.000000
12.0 0.333725 -0.000000 0.000000
13.0 0.483832 -0.000000 0.000000
14.0 0.629170 -0.000000 0.000000
15.0 0.771540 -0.000000 0.000000
16.0 0.911995 -0.000000 0.000000
17.0 1.004762 -0.000000 0.000000
18.0 1.013677 -0.000000 0.000000
19.0 0.938165 -0.000000 0.000000
20.0 0.772132 -0.000000 0.000000
21.0 0.589785 -0.000000 0.000000
22.0 0.402055 0.000000 0.000000
23.0 0.193883 -0.000000 0.000000
24.0 -0.047762 0.000000 0.000000
25.0 -0.047762 -0.000000 0.000000
26.0 -0.047762 -0.000000 0.000000
27.0 0.236282 0.000000 0.000000
28.0 0.407596 0.000000 0.000000
29.0 0.558775 -0.000000 0.000000
30.0 0.699627 -0.000000 0.000000
31.0 0.834570 -0.000000 0.000001
32.0 0.943770 -0.000000 0.000000
33.0 0.996165 -0.000000 0.000000
34.0 0.975262 -0.000000 0.000000
35.0 0.865733 -0.000000 0.000000
36.0 0.752473 -0.000000 0.000000
37.0 0.724366 -0.000000 0.000000
38.0 0.756647 -0.000000 0.000000
39.0 0.803004 -0.000000 0.000000
40.0 0.835596 -0.000000 0.000000
41.0 0.847714 -0.000000 0.000000
42.0 0.863634 -0.000001 -0.000000
43.0 0.899092 -0.000000 0.000000
44.0 0.956191 -0.000000 0.000000
45.0 1.033293 -0.000000 0.000000
46.0 1.096398 -0.000000 0.000000
47.0 1.131424 -0.000000 0.000000
48.0 1.131517 -0.000000 0.000000
49.0 1.089191 -0.000000 0.000000
50.0 0.998388 -0.000000 0.000000
51.0 0.893986 -0.000000 0.000000
52.0 0.790623 -0.000000 0.000000
53.0 0.701584 -0.000000 0.000000
54.0 0.648018 -0.000000 0.000000
55.0 0.653993 -0.000000 0.000000
56.0 0.724956 -0.000000 0.000000
57.0 0.831265 -0.000000 0.000000
58.0 0.945316 -0.000000 0.000000
59.0 1.049265 -0.000000 0.000000
"30.!joint_RightFoot"
"29.!joint_RightKnee"
24 0.000000 0.000000 0.000000 0.000000 0.000000 0.000000
2
0.0 -0.030686 -3.844475 -0.525004
59.0 -0.030686 -3.844475 -0.525004
60
0.0 0.026739 -0.284698 -0.004877
1.0 0.018301 -0.288521 -0.021348
2.0 -0.005671 -0.360471 0.010292
3.0 -0.039310 -0.443297 0.047996
4.0 -0.067721 -0.487815 0.064779
5.0 -0.031831 -0.502359 0.044349
6.0 0.086329 -0.496783 -0.006609
7.0 0.220298 -0.476979 -0.053155
8.0 0.297191 -0.455142 -0.098642
9.0 0.318703 -0.432167 -0.117087
10.0 0.269489 -0.392534 -0.100071
11.0 0.109342 -0.367536 -0.039476
12.0 -0.000499 -0.344088 0.004520
13.0 -0.094441 -0.323794 0.047163
14.0 -0.179573 -0.304237 0.089941
15.0 -0.257536 -0.277380 0.129239
16.0 -0.330320 -0.244439 0.163636
17.0 -0.376376 -0.212936 0.184522
18.0 -0.384126 -0.191370 0.188859
19.0 -0.358240 -0.182103 0.182039
20.0 -0.290769 -0.183645 0.165321
21.0 -0.215470 -0.187954 0.148365
22.0 -0.134786 -0.193869 0.129972
23.0 -0.038077 -0.201035 0.105371
24.0 0.083906 -0.207607 0.068605
25.0 0.091452 -0.205083 0.049835
26.0 0.109613 -0.205665 0.024131
27.0 -0.009567 -0.208174 0.022485
28.0 -0.064531 -0.220182 0.005376
29.0 -0.105284 -0.240628 -0.015764
30.0 -0.139535 -0.268963 -0.037409
31.0 -0.173035 -0.304360 -0.053639
32.0 -0.200379 -0.342714 -0.055810
33.0 -0.207458 -0.379021 -0.039579
34.0 -0.177441 -0.412684 -0.020001
35.0 -0.102606 -0.446547 -0.011777
36.0 -0.031539 -0.480540 -0.007614
37.0 -0.012061 -0.500811 -0.021848
38.0 -0.036562 -0.507645 -0.042083
39.0 -0.076387 -0.505963 -0.063850
40.0 -0.108605 -0.497858 -0.076497
41.0 -0.118684 -0.479086 -0.058779
42.0 -0.110060 -0.450922 -0.029692
43.0 -0.091523 -0.420356 -0.002137
44.0 -0.105723 -0.394832 0.026703
45.0 -0.187068 -0.376873 0.055284
46.0 -0.289576 -0.368689 0.074529
47.0 -0.378989 -0.371452 0.081094
48.0 -0.427380 -0.383416 0.075179
49.0 -0.431506 -0.394402 0.069830
50.0 -0.393296 -0.402704 0.066573
51.0 -0.330372 -0.408862 0.062445
52.0 -0.251518 -0.412282 0.056513
53.0 -0.165922 -0.412109 0.049947
54.0 -0.087519 -0.407788 0.047084
55.0 -0.031970 -0.398617 0.051185
56.0 -0.004117 -0.384536 0.059237
57.0 0.010187 -0.366155 0.061722
58.0 0.019383 -0.342874 0.052654
59.0 0.025532 -0.315485 0.030053
"32.joint_LeftHip"
"12.joint_HipMaster"
24 0.000000 0.000000 0.000000 0.000000 0.000000 0.000000
2
0.0 0.829650 -0.727986 -0.131174
59.0 0.829650 -0.727986 -0.131174
60
0.0 -0.502713 0.042848 0.207415
1.0 -0.546077 0.041707 0.279488
2.0 -0.551218 0.037905 0.352093
3.0 -0.528301 0.031945 0.419060
4.0 -0.486688 0.025114 0.475219
5.0 -0.442618 0.018484 0.517618
6.0 -0.403028 0.013607 0.542633
7.0 -0.385235 0.005976 0.548291
8.0 -0.397511 -0.009331 0.530642
9.0 -0.443443 -0.017750 0.477980
10.0 -0.494227 -0.008168 0.386449
11.0 -0.528743 0.025009 0.276214
12.0 -0.543334 0.065016 0.160165
13.0 -0.544138 0.098231 0.051181
14.0 -0.543958 0.119227 -0.038165
15.0 -0.557843 0.126619 -0.097248
16.0 -0.590677 0.129521 -0.134294
17.0 -0.618790 0.136600 -0.154986
18.0 -0.617227 0.129281 -0.157264
19.0 -0.577268 0.098664 -0.144185
20.0 -0.495483 0.065014 -0.125481
21.0 -0.416423 0.032686 -0.112307
22.0 -0.352130 0.004041 -0.108461
23.0 -0.309039 -0.018250 -0.112784
24.0 -0.290285 -0.032004 -0.128110
25.0 -0.295397 -0.028077 -0.156650
26.0 -0.323828 0.022831 -0.191427
27.0 -0.370516 0.111238 -0.225198
28.0 -0.430586 0.217279 -0.250953
29.0 -0.499877 0.319035 -0.260250
30.0 -0.571817 0.392213 -0.237600
31.0 -0.633725 0.397925 -0.121313
32.0 -0.651809 0.328768 0.053997
33.0 -0.603612 0.203960 0.218219
34.0 -0.515288 0.062615 0.322188
35.0 -0.389750 -0.067285 0.354202
36.0 -0.230289 -0.159864 0.332596
37.0 -0.106829 -0.175196 0.272309
38.0 -0.101708 -0.139507 0.192191
39.0 -0.098942 -0.082285 0.107933
40.0 -0.097826 -0.021497 0.033120
41.0 -0.099171 0.023108 -0.019421
42.0 -0.104142 0.039976 -0.045429
43.0 -0.160749 0.048548 -0.053430
44.0 -0.355920 0.053430 -0.049506
45.0 -0.489459 0.055431 -0.038875
46.0 -0.590504 0.055398 -0.026633
47.0 -0.659033 0.053757 -0.016843
48.0 -0.689604 0.050770 -0.013116
49.0 -0.672609 0.046771 -0.019191
50.0 -0.602575 0.042363 -0.037425
51.0 -0.508481 0.037197 -0.055341
52.0 -0.400481 0.031623 -0.069003
53.0 -0.282289 0.026022 -0.076535
54.0 -0.155898 0.021803 -0.076857
55.0 -0.011178 0.019879 -0.067373
56.0 -0.103580 0.021255 -0.040414
57.0 -0.221064 0.025948 0.005870
58.0 -0.329137 0.032466 0.066319
59.0 -0.424617 0.038906 0.135495
"33.!joint_LeftKnee"
"32.joint_LeftHip"
24 0.000000 0.000000 0.000000 0.000000 0.000000 0.000000
2
0.0 0.133781 -2.906914 -0.240879
59.0 0.133781 -2.906914 -0.240879
60
0.0 0.829889 -0.000000 0.000000
1.0 0.889007 -0.000001 -0.000000
2.0 0.893503 -0.000000 0.000000
3.0 0.858591 -0.000000 0.000000
4.0 0.796615 -0.000000 0.000000
5.0 0.734174 -0.000000 0.000000
6.0 0.682710 -0.000000 0.000000
7.0 0.666589 -0.000000 0.000000
8.0 0.687550 -0.000000 0.000000
9.0 0.771879 -0.000000 0.000000
10.0 0.880191 -0.000000 0.000000
11.0 0.968636 -0.000000 0.000000
12.0 1.012362 -0.000001 -0.000000
13.0 1.013319 -0.000000 0.000000
14.0 0.993728 -0.000000 0.000000
15.0 0.985592 -0.000000 0.000000
16.0 1.009067 -0.000000 0.000000
17.0 1.026940 -0.000000 0.000000
18.0 1.002817 -0.000000 0.000000
19.0 0.928184 -0.000000 0.000000
20.0 0.788223 -0.000000 0.000000
21.0 0.661268 -0.000000 0.000000
22.0 0.566270 -0.000000 0.000001
23.0 0.511513 -0.000000 0.000000
24.0 0.498823 -0.000000 0.000000
25.0 0.522193 -0.000000 0.000000
26.0 0.575694 -0.000000 0.000000
27.0 0.649595 -0.000000 0.000000
28.0 0.735671 -0.000000 0.000000
29.0 0.828418 -0.000000 0.000000
30.0 0.922076 -0.000001 0.000001
31.0 1.006765 -0.000000 0.000000
32.0 1.013170 -0.000000 0.000000
33.0 0.906316 -0.000000 0.000000
34.0 0.728681 -0.000000 0.000000
35.0 0.483417 -0.000000 0.000000
36.0 0.183777 -0.000000 -0.000000
37.0 -0.047763 -0.000000 -0.000000
38.0 -0.047762 -0.000000 -0.000000
39.0 -0.047762 0.000000 -0.000000
40.0 -0.047762 -0.000000 0.000000
41.0 -0.047762 0.000000 -0.000000
42.0 -0.047762 -0.000000 -0.000000
43.0 0.049344 -0.000000 0.000000
44.0 0.419886 -0.000000 0.000000
45.0 0.662621 -0.000000 0.000000
46.0 0.841357 -0.000000 0.000000
47.0 0.963436 -0.000000 0.000000
48.0 1.026756 -0.000000 0.000000
49.0 1.019408 -0.000000 0.000000
50.0 0.925891 -0.000000 0.000000
51.0 0.791007 -0.000000 0.000000
52.0 0.627255 -0.000000 0.000000
53.0 0.436712 -0.000000 0.000000
54.0 0.219572 -0.000000 0.000000
55.0 -0.047763 -0.000000 -0.000000
56.0 0.145229 0.000000 0.000000
57.0 0.368541 -0.000000 0.000000
58.0 0.558148 -0.000000 0.000000
59.0 0.713278 -0.000000 0.000000
"34.!joint_LeftFoot"
"33.!joint_LeftKnee"
24 0.000000 0.000000 0.000000 0.000000 0.000000 0.000000
2
0.0 0.030688 -3.844475 -0.524996
59.0 0.030688 -3.844475 -0.524996
60
0.0 -0.265072 0.149631 -0.089281
1.0 -0.284651 0.165443 -0.129224
2.0 -0.296427 0.190673 -0.157960
3.0 -0.294444 0.225394 -0.170252
4.0 -0.270096 0.267494 -0.161092
5.0 -0.221381 0.324806 -0.118199
6.0 -0.148308 0.433603 -0.027221
7.0 -0.086491 0.523339 -0.027622
8.0 -0.057025 0.581094 -0.075950
9.0 -0.092121 0.595566 -0.116572
10.0 -0.169630 0.569815 -0.119036
11.0 -0.249954 0.530716 -0.081716
12.0 -0.308764 0.490710 -0.012597
13.0 -0.336821 0.449434 0.068925
14.0 -0.332809 0.389082 0.149936
15.0 -0.320759 0.322306 0.197195
16.0 -0.326344 0.278986 0.199828
17.0 -0.339050 0.285199 0.156436
18.0 -0.342567 0.337509 0.076630
19.0 -0.328549 0.402758 -0.008779
20.0 -0.279315 0.447169 -0.063939
21.0 -0.231290 0.456238 -0.091768
22.0 -0.197839 0.447070 -0.108522
23.0 -0.182086 0.424549 -0.121572
24.0 -0.182840 0.395804 -0.133612
25.0 -0.187940 0.362749 -0.142786
26.0 -0.166699 0.308682 -0.142501
27.0 -0.123980 0.245564 -0.134579
28.0 -0.070562 0.186718 -0.122532
29.0 -0.017966 0.146086 -0.113361
30.0 -0.032182 0.191814 -0.016987
31.0 -0.091157 0.345504 0.087717
32.0 -0.065690 0.487959 0.061408
33.0 0.030844 0.599798 -0.060371
34.0 0.125501 0.728506 -0.127515
35.0 0.242908 0.839632 -0.094550
36.0 0.402170 0.889591 0.036028
37.0 0.499266 0.830733 0.146960
38.0 0.409813 0.718258 0.123022
39.0 0.328762 0.578062 0.109050
40.0 0.260408 0.438111 0.100967
41.0 0.209683 0.328104 0.094814
42.0 0.180319 0.263766 0.091424
43.0 0.120830 0.215664 0.082912
44.0 -0.060995 0.184377 0.062097
45.0 -0.172377 0.156074 0.062896
46.0 -0.250819 0.133304 0.070444
47.0 -0.303881 0.115860 0.080073
48.0 -0.334489 0.103092 0.088632
49.0 -0.339741 0.094017 0.094543
50.0 -0.309456 0.087011 0.098401
51.0 -0.260982 0.081848 0.098163
52.0 -0.197449 0.078864 0.094557
53.0 -0.117717 0.078530 0.088967
54.0 -0.020452 0.080301 0.084022
55.0 0.107588 0.082601 0.081794
56.0 0.010649 0.103145 0.057692
57.0 -0.093230 0.119876 0.026009
58.0 -0.173070 0.131561 -0.009438
59.0 -0.230218 0.140415 -0.048042
"10.joint_Torso"
"12.joint_HipMaster"
24 0.000000 0.000000 0.000000 0.000000 0.000000 0.000000
2
0.0 0.000000 0.044081 0.000000
59.0 0.000000 0.044081 0.000000
60
0.0 0.394140 0.284938 0.111207
1.0 0.411436 0.277434 0.116802
2.0 0.424716 0.264721 0.115346
3.0 0.426262 0.247634 0.108510
4.0 0.408560 0.227012 0.097987
5.0 0.364219 0.203706 0.085465
6.0 0.294959 0.178502 0.072766
7.0 0.243303 0.145635 0.061818
8.0 0.212146 0.103512 0.053339
9.0 0.198487 0.080312 0.039984
10.0 0.199204 0.075053 0.020693
11.0 0.208340 0.082677 0.006530
12.0 0.231957 0.079723 -0.000557
13.0 0.271148 0.064849 -0.001347
14.0 0.320419 0.044871 0.003222
15.0 0.374480 0.026155 0.012124
16.0 0.428164 0.017043 0.023882
17.0 0.476430 0.028313 0.036458
18.0 0.513028 0.045748 0.049691
19.0 0.530100 0.057615 0.063630
20.0 0.515118 0.072262 0.076685
21.0 0.474066 0.089437 0.087842
22.0 0.419579 0.108046 0.096225
23.0 0.364414 0.126979 0.100990
24.0 0.332729 0.144811 0.098321
25.0 0.334656 0.160449 0.087862
26.0 0.361735 0.174293 0.083184
27.0 0.405754 0.184537 0.083063
28.0 0.457922 0.161791 0.087441
29.0 0.510928 0.103436 0.090064
30.0 0.558045 0.028455 0.068002
31.0 0.593633 -0.040279 0.035466
32.0 0.614168 -0.079084 0.014001
33.0 0.617634 -0.069261 0.022064
34.0 0.599793 -0.036152 0.053724
35.0 0.558658 0.006574 0.085519
36.0 0.518080 0.052149 0.095518
37.0 0.483995 0.097254 0.094907
38.0 0.457738 0.138036 0.091516
39.0 0.440397 0.171854 0.087498
40.0 0.433126 0.196639 0.085045
41.0 0.436896 0.210349 0.086521
42.0 0.456920 0.210796 0.092715
43.0 0.492819 0.194060 0.097342
44.0 0.539223 0.157750 0.088357
45.0 0.591229 0.110853 0.069547
46.0 0.643295 0.063359 0.046823
47.0 0.689216 0.025277 0.026029
48.0 0.722261 0.006479 0.013146
49.0 0.734932 0.012479 0.019598
50.0 0.723351 0.040775 0.054176
51.0 0.695456 0.080745 0.090180
52.0 0.658176 0.123575 0.096597
53.0 0.613742 0.166300 0.089462
54.0 0.565183 0.205238 0.077920
55.0 0.516053 0.236178 0.066603
56.0 0.469743 0.258171 0.063309
57.0 0.430132 0.274057 0.070121
58.0 0.401586 0.283822 0.083063
59.0 0.388278 0.287450 0.098122
"11.joint_Torso2"
"10.joint_Torso"
24 0.000000 0.000000 0.000000 0.000000 0.000000 0.000000
2
0.0 0.000000 2.073173 -0.036064
59.0 0.000000 2.073173 -0.036064
60
0.0 0.000000 -0.000000 0.000000
1.0 -0.000000 -0.000000 -0.000000
2.0 0.000000 -0.000000 0.000000
3.0 -0.000000 0.000000 0.000000
4.0 0.000000 -0.000000 -0.000000
5.0 0.000000 0.000000 0.000000
6.0 0.000000 0.000000 0.000000
7.0 -0.000000 0.000000 -0.000000
8.0 0.000000 0.000000 0.000000
9.0 -0.000000 0.000000 -0.000000
10.0 -0.000000 -0.000000 0.000000
11.0 -0.000000 -0.000000 -0.000000
12.0 -0.000000 -0.000000 0.000000
13.0 0.000000 -0.000000 -0.000000
14.0 0.000000 -0.000000 0.000000
15.0 0.000000 -0.000000 0.000000
16.0 0.000000 0.000000 0.000000
17.0 -0.000000 0.000000 0.000000
18.0 0.000000 -0.000000 -0.000000
19.0 0.000000 -0.000000 0.000000
20.0 0.000000 -0.000000 0.000000
21.0 0.000000 -0.000000 0.000000
22.0 -0.000000 0.000000 -0.000000
23.0 -0.000000 0.000000 0.000000
24.0 0.000000 -0.000000 0.000000
25.0 0.000000 0.000000 0.000000
26.0 -0.000000 -0.000000 0.000000
27.0 0.000000 -0.000000 -0.000000
28.0 0.000000 -0.000000 0.000000
29.0 0.000000 0.000000 0.000000
30.0 -0.000000 0.000000 0.000000
31.0 0.000000 -0.000000 0.000000
32.0 -0.000000 0.000000 0.000000
33.0 -0.000000 -0.000000 -0.000000
34.0 0.000000 -0.000000 0.000000
35.0 -0.000000 0.000000 0.000000
36.0 0.000000 -0.000000 -0.000000
37.0 -0.000000 0.000000 -0.000000
38.0 0.000000 -0.000000 0.000000
39.0 0.000000 0.000000 0.000000
40.0 0.000000 -0.000000 0.000000
41.0 -0.000000 -0.000000 -0.000000
42.0 -0.000000 0.000000 -0.000000
43.0 -0.000000 -0.000000 -0.000000
44.0 0.000000 -0.000000 0.000000
45.0 -0.000000 0.000000 -0.000000
46.0 0.000000 -0.000000 -0.000000
47.0 0.000000 -0.000000 -0.000000
48.0 0.000000 0.000000 0.000000
49.0 0.000000 -0.000000 -0.000000
50.0 0.000000 -0.000000 0.000000
51.0 -0.000000 -0.000000 -0.000000
52.0 -0.000000 0.000000 -0.000000
53.0 -0.000000 -0.000000 0.000000
54.0 0.000000 -0.000000 -0.000000
55.0 -0.000000 0.000000 -0.000000
56.0 -0.000000 -0.000000 -0.000000
57.0 -0.000000 -0.000000 -0.000000
58.0 -0.000000 -0.000000 0.000000
59.0 0.000000 -0.000000 0.000000
"13.joint_Neck"
"11.joint_Torso2"
24 0.000000 0.000000 0.000000 0.000000 0.000000 0.000000
2
0.0 0.000000 1.593527 -0.266443
59.0 0.000000 1.593527 -0.266443
60
0.0 -0.017697 -0.156587 -0.024286
1.0 -0.060109 -0.154544 -0.011010
2.0 -0.107715 -0.181859 0.010985
3.0 -0.137147 -0.220202 0.035183
4.0 -0.124693 -0.252267 0.052636
5.0 -0.072078 -0.260665 0.054503
6.0 0.014090 -0.225872 0.039614
7.0 0.086833 -0.154170 0.026746
8.0 0.138465 -0.085566 0.022402
9.0 0.171393 -0.052017 0.028550
10.0 0.189157 -0.056226 0.038745
11.0 0.195121 -0.093363 0.049625
12.0 0.184271 -0.138721 0.059353
13.0 0.154824 -0.183129 0.070224
14.0 0.111423 -0.222163 0.083748
15.0 0.059782 -0.251067 0.099111
16.0 0.007235 -0.265548 0.112964
17.0 -0.037670 -0.262915 0.120430
18.0 -0.067797 -0.249392 0.122464
19.0 -0.075979 -0.227514 0.120045
20.0 -0.050035 -0.190943 0.108881
21.0 -0.000362 -0.148019 0.089335
22.0 0.057126 -0.107925 0.061925
23.0 0.096973 -0.073927 0.033776
24.0 0.101588 -0.052129 0.010077
25.0 0.071473 -0.053224 -0.007847
26.0 0.025668 -0.082311 -0.024732
27.0 -0.021261 -0.134849 -0.029579
28.0 -0.068974 -0.172171 -0.028401
29.0 -0.122365 -0.171648 -0.020674
30.0 -0.169975 -0.122775 0.009540
31.0 -0.196183 -0.044301 0.040444
32.0 -0.201697 0.044614 0.052982
33.0 -0.200879 0.101850 0.031556
34.0 -0.189194 0.115921 -0.012133
35.0 -0.157047 0.078769 -0.048935
36.0 -0.128891 0.026684 -0.069155
37.0 -0.112689 -0.026433 -0.088734
38.0 -0.110086 -0.079582 -0.109678
39.0 -0.110839 -0.128671 -0.128768
40.0 -0.106716 -0.169937 -0.142242
41.0 -0.103547 -0.199678 -0.146189
42.0 -0.111780 -0.213800 -0.137165
43.0 -0.134500 -0.206752 -0.119473
44.0 -0.169229 -0.172373 -0.092321
45.0 -0.208560 -0.120734 -0.063358
46.0 -0.248731 -0.065403 -0.038066
47.0 -0.282934 -0.022230 -0.016156
48.0 -0.304982 -0.013306 0.012511
49.0 -0.309462 -0.050101 0.039579
50.0 -0.294025 -0.133444 0.047464
51.0 -0.264864 -0.225426 0.047976
52.0 -0.227374 -0.290358 0.054648
53.0 -0.181244 -0.329240 0.051417
54.0 -0.129886 -0.344619 0.037044
55.0 -0.079319 -0.337162 0.016084
56.0 -0.035817 -0.310315 -0.005650
57.0 -0.004605 -0.272117 -0.022007
58.0 0.010572 -0.229363 -0.030719
59.0 0.006984 -0.188767 -0.031368
"14.joint_Head"
"13.joint_Neck"
24 0.000000 0.000000 0.000000 0.000000 0.000000 0.000000
2
0.0 0.000000 0.645012 0.006349
59.0 0.000000 0.645012 0.006349
60
0.0 -0.188112 -0.080953 0.039369
1.0 -0.161290 -0.079372 0.029612
2.0 -0.124444 -0.066445 0.017796
3.0 -0.093693 -0.046768 0.007450
4.0 -0.083344 -0.025735 0.000303
5.0 -0.080813 -0.008883 -0.003625
6.0 -0.078789 -0.001477 -0.003588
7.0 -0.077558 0.003024 -0.003333
8.0 -0.077202 0.010071 -0.005117
9.0 -0.077550 0.012712 -0.005845
10.0 -0.078423 0.005505 -0.002591
11.0 -0.079877 -0.001095 0.000535
12.0 -0.081877 -0.003952 0.002003
13.0 -0.084370 -0.004309 0.002264
14.0 -0.087317 -0.003161 0.001720
15.0 -0.090687 -0.001478 0.000833
16.0 -0.094442 -0.000202 0.000117
17.0 -0.098543 0.000000 -0.000000
18.0 -0.102953 0.000000 -0.000000
19.0 -0.107634 -0.000000 -0.000000
20.0 -0.112550 -0.000302 0.000193
21.0 -0.117498 -0.001191 0.003200
22.0 -0.122410 -0.001534 0.009097
23.0 -0.124652 -0.001649 0.015365
24.0 -0.124444 -0.001033 0.019131
25.0 -0.122325 0.002585 0.017247
26.0 -0.119419 0.005759 0.012935
27.0 -0.117416 0.004394 0.009574
28.0 -0.114715 -0.000058 0.007237
29.0 -0.110550 -0.004401 0.005360
30.0 -0.107722 -0.005565 0.003409
31.0 -0.108656 -0.000691 0.000384
32.0 -0.111163 0.004220 -0.002366
33.0 -0.113087 -0.002090 0.001179
34.0 -0.114524 -0.007937 0.004459
35.0 -0.115503 -0.002258 0.000535
36.0 -0.116139 -0.001132 -0.004636
37.0 -0.116386 -0.000594 -0.010974
38.0 -0.116304 0.000833 -0.016126
39.0 -0.116150 0.003969 -0.017565
40.0 -0.116253 0.009345 -0.012802
41.0 -0.116493 0.014332 -0.007884
42.0 -0.116409 0.014994 -0.009743
43.0 -0.116182 0.011827 -0.011355
44.0 -0.116136 0.007697 -0.009175
45.0 -0.116926 0.004526 -0.002845
46.0 -0.120820 0.002541 0.004913
47.0 -0.127558 -0.006476 0.017928
48.0 -0.136130 -0.012397 0.030028
49.0 -0.145553 -0.009932 0.037160
50.0 -0.155306 0.002538 0.037410
51.0 -0.165416 0.025828 0.029614
52.0 -0.175903 0.045478 0.021898
53.0 -0.186272 0.050282 0.020430
54.0 -0.195742 0.042254 0.023945
55.0 -0.203541 0.024977 0.030281
56.0 -0.208867 0.001776 0.037465
57.0 -0.210856 -0.023952 0.043612
58.0 -0.208603 -0.048724 0.046983
59.0 -0.201252 -0.068955 0.046016
"16.joint_RightShoulder"
"11.joint_Torso2"
24 0.000000 0.000000 0.000000 0.000000 0.000000 0.000000
2
0.0 -0.789728 1.619490 -0.238217
59.0 -0.789728 1.619490 -0.238217
60
0.0 0.154744 0.016188 -0.044758
1.0 0.127014 -0.032435 -0.097002
2.0 0.077710 -0.079221 -0.139754
3.0 0.056041 -0.102027 -0.149875
4.0 0.089921 -0.078605 -0.115617
5.0 0.140251 -0.022299 -0.055864
6.0 0.173950 0.040782 0.009586
7.0 0.188225 0.086911 0.065266
8.0 0.204526 0.113257 0.099999
9.0 0.220831 0.144099 0.118393
10.0 0.222379 0.175526 0.122752
11.0 0.205385 0.194117 0.107197
12.0 0.180544 0.185920 0.069399
13.0 0.168924 0.144967 0.010968
14.0 0.127040 0.085588 -0.049266
15.0 0.036597 0.028531 -0.097407
16.0 -0.095368 -0.011968 -0.122532
17.0 -0.222208 -0.019978 -0.124243
18.0 -0.281685 0.008385 -0.112236
19.0 -0.259508 0.048120 -0.087515
20.0 -0.198048 0.085935 -0.046601
21.0 -0.139547 0.108023 0.002441
22.0 -0.105828 0.121227 0.046278
23.0 -0.101236 0.142726 0.072241
24.0 -0.109590 0.181783 0.075449
25.0 -0.104300 0.208953 0.065433
26.0 -0.089604 0.203047 0.043218
27.0 -0.081448 0.154699 0.017369
28.0 -0.096293 0.116772 -0.010555
29.0 -0.148173 0.121660 -0.034467
30.0 -0.233331 0.172463 -0.047245
31.0 -0.343036 0.249432 -0.070487
32.0 -0.457974 0.311790 -0.108433
33.0 -0.505226 0.333764 -0.152402
34.0 -0.451981 0.349752 -0.189651
35.0 -0.352940 0.359422 -0.190058
36.0 -0.263206 0.352855 -0.149252
37.0 -0.217877 0.330277 -0.092464
38.0 -0.218016 0.302741 -0.041988
39.0 -0.231944 0.269078 0.001698
40.0 -0.227845 0.225617 0.041647
41.0 -0.226807 0.183104 0.075131
42.0 -0.210696 0.139994 0.103428
43.0 -0.187459 0.106748 0.126630
44.0 -0.184582 0.106129 0.139497
45.0 -0.225909 0.132975 0.132952
46.0 -0.305623 0.170663 0.112485
47.0 -0.413333 0.201750 0.083954
48.0 -0.491562 0.207379 0.058255
49.0 -0.482037 0.189551 0.035271
50.0 -0.397872 0.162988 0.011071
51.0 -0.312001 0.135322 0.002566
52.0 -0.269954 0.119546 0.016104
53.0 -0.251872 0.113256 0.034527
54.0 -0.216457 0.111879 0.048966
55.0 -0.177514 0.119984 0.057017
56.0 -0.130387 0.126130 0.059252
57.0 -0.069134 0.125463 0.055205
58.0 0.013431 0.110255 0.040900
59.0 0.112293 0.068933 0.007353
"18.joint_RightArm"
"16.joint_RightShoulder"
24 0.000000 0.000000 0.000000 0.000000 0.000000 0.000000
2
0.0 -0.352262 -0.165333 -0.009164
59.0 -0.352262 -0.165333 -0.009164
60
0.0 -0.000000 -0.000000 0.383972
1.0 -0.000000 0.000000 0.383972
2.0 -0.000000 0.000000 0.383972
3.0 -0.000000 0.000000 0.383972
4.0 -0.000000 0.000000 0.383972
5.0 -0.000000 0.000000 0.383972
6.0 -0.000000 0.000000 0.383972
7.0 -0.000000 0.000000 0.383972
8.0 -0.000000 -0.000000 0.383972
9.0 -0.000000 0.000000 0.383972
10.0 -0.000000 0.000000 0.383972
11.0 -0.000000 0.000000 0.383972
12.0 -0.000000 0.000000 0.383972
13.0 -0.000000 0.000000 0.383972
14.0 -0.000000 -0.000000 0.383972
15.0 -0.000000 0.000000 0.383972
16.0 -0.000000 0.000000 0.383972
17.0 -0.000000 0.000000 0.383972
18.0 -0.000000 0.000000 0.383972
19.0 -0.000000 -0.000000 0.383972
20.0 -0.000000 -0.000000 0.383972
21.0 -0.000000 -0.000000 0.383972
22.0 -0.000000 0.000000 0.383972
23.0 -0.000000 0.000000 0.383972
24.0 -0.000000 0.000000 0.383972
25.0 -0.000000 0.000000 0.383972
26.0 -0.000000 0.000000 0.383972
27.0 -0.000000 -0.000000 0.383972
28.0 -0.000000 -0.000000 0.383972
29.0 -0.000000 -0.000000 0.383972
30.0 -0.000000 0.000000 0.383972
31.0 -0.000000 0.000000 0.383972
32.0 -0.000000 -0.000000 0.383972
33.0 -0.000000 -0.000000 0.383972
34.0 -0.000000 -0.000000 0.383972
35.0 -0.000000 -0.000000 0.383972
36.0 -0.000000 0.000000 0.383972
37.0 -0.000000 -0.000000 0.383972
38.0 -0.000000 -0.000000 0.383972
39.0 -0.000000 0.000000 0.383972
40.0 -0.000000 -0.000000 0.383972
41.0 -0.000000 -0.000000 0.383972
42.0 -0.000000 0.000000 0.383972
43.0 -0.000000 0.000000 0.383972
44.0 -0.000000 0.000000 0.383972
45.0 -0.000000 0.000000 0.383972
46.0 -0.000000 0.000000 0.383972
47.0 -0.000000 0.000000 0.383972
48.0 -0.000000 0.000000 0.383972
49.0 -0.000000 -0.000000 0.383972
50.0 -0.000000 0.000000 0.383972
51.0 -0.000000 0.000000 0.383972
52.0 -0.000000 0.000000 0.383972
53.0 -0.000000 -0.000000 0.383972
54.0 -0.000000 -0.000000 0.383972
55.0 -0.000000 0.000000 0.383972
56.0 -0.000000 0.000000 0.383972
57.0 -0.000000 0.000000 0.383972
58.0 -0.000000 0.000000 0.383972
59.0 -0.000000 0.000000 0.383972
"19.joint_RightElbow"
"18.joint_RightArm"
24 0.000000 0.000000 0.000000 0.000000 0.000000 0.000000
2
0.0 -1.638191 -1.253511 -0.024869
59.0 -1.638191 -1.253511 -0.024869
60
0.0 -1.884651 0.699995 -0.932118
1.0 -2.127995 0.644386 -1.084260
2.0 -2.256061 0.600795 -1.159077
3.0 -2.264417 0.597579 -1.163795
4.0 -2.138299 0.641263 -1.090439
5.0 -1.875665 0.701414 -0.926321
6.0 -1.502750 0.723767 -0.680739
7.0 -1.148931 0.679791 -0.450743
8.0 -0.917784 0.613271 -0.310932
9.0 -0.758181 0.547260 -0.223184
10.0 -0.662803 0.499247 -0.175438
11.0 -0.645259 0.489691 -0.167103
12.0 -0.744144 0.540610 -0.215913
13.0 -1.031740 0.650126 -0.378330
14.0 -1.414521 0.718863 -0.622422
15.0 -1.787270 0.713108 -0.868833
16.0 -2.069808 0.660806 -1.048894
17.0 -2.238657 0.607342 -1.149183
18.0 -2.284013 0.589855 -1.174765
19.0 -2.218224 0.614775 -1.137452
20.0 -2.029716 0.670945 -1.024110
21.0 -1.723319 0.719046 -0.826821
22.0 -1.338115 0.711433 -0.572280
23.0 -0.956674 0.626774 -0.333548
24.0 -0.681882 0.509383 -0.184666
25.0 -0.577708 0.450766 -0.136448
26.0 -0.618614 0.474742 -0.154733
27.0 -0.783100 0.558728 -0.236284
28.0 -1.048800 0.654951 -0.388696
29.0 -1.378074 0.715691 -0.598449
30.0 -1.731452 0.718407 -0.832179
31.0 -2.041382 0.668092 -1.031354
32.0 -2.240534 0.606645 -1.150255
33.0 -2.309979 0.579219 -1.189104
34.0 -2.225901 0.612014 -1.141873
35.0 -2.003974 0.676962 -1.008033
36.0 -1.665130 0.722649 -0.788390
37.0 -1.257735 0.700345 -0.520092
38.0 -0.875716 0.597552 -0.286970
39.0 -0.616955 0.473793 -0.153975
40.0 -0.506040 0.405770 -0.106630
41.0 -0.467080 0.379731 -0.091696
42.0 -0.550740 0.434279 -0.124886
43.0 -0.765680 0.550758 -0.227100
44.0 -1.096527 0.667521 -0.418026
45.0 -1.536438 0.724611 -0.703071
46.0 -1.943997 0.689523 -0.970142
47.0 -2.195441 0.622741 -1.124227
48.0 -2.305988 0.580884 -1.186916
49.0 -2.268356 0.596049 -1.166008
50.0 -2.092270 0.654709 -1.062635
51.0 -1.782732 0.713598 -0.865861
52.0 -1.368571 0.714753 -0.592214
53.0 -1.009741 0.643644 -0.365062
54.0 -0.813727 0.572221 -0.252709
55.0 -0.704316 0.520958 -0.195731
56.0 -0.692865 0.515095 -0.190055
57.0 -0.778700 0.556736 -0.233953
58.0 -1.007972 0.643112 -0.363999
59.0 -1.452956 0.721479 -0.647787
"20.joint_RightWrist"
"19.joint_RightElbow"
24 0.000000 0.000000 0.000000 0.000000 0.000000 0.000000
2
0.0 -1.770166 -1.373888 0.032940
59.0 -1.770166 -1.373888 0.032940
60
0.0 -0.116825 -0.465000 -0.194814
1.0 -0.116827 -0.465000 -0.194814
2.0 -0.116829 -0.464997 -0.194814
3.0 -0.116829 -0.464998 -0.194814
4.0 -0.116827 -0.465000 -0.194814
5.0 -0.116827 -0.465000 -0.194813
6.0 -0.116827 -0.465000 -0.194814
7.0 -0.116829 -0.464997 -0.194814
8.0 -0.116825 -0.465000 -0.194814
9.0 -0.116825 -0.465000 -0.194814
10.0 -0.116825 -0.464999 -0.194814
11.0 -0.116825 -0.464999 -0.194818
12.0 -0.116827 -0.465000 -0.194814
13.0 -0.116825 -0.465000 -0.194814
14.0 -0.116825 -0.464999 -0.194814
15.0 -0.116827 -0.465000 -0.194814
16.0 -0.116827 -0.465000 -0.194814
17.0 -0.116825 -0.465000 -0.194814
18.0 -0.116825 -0.465000 -0.194814
19.0 -0.116825 -0.465000 -0.194814
20.0 -0.116829 -0.464997 -0.194814
21.0 -0.116825 -0.464999 -0.194818
22.0 -0.116825 -0.465000 -0.194817
23.0 -0.116827 -0.464997 -0.194818
24.0 -0.116825 -0.465000 -0.194814
25.0 -0.116827 -0.465000 -0.194814
26.0 -0.116825 -0.465000 -0.194814
27.0 -0.116829 -0.464997 -0.194814
28.0 -0.116825 -0.465000 -0.194817
29.0 -0.116825 -0.464999 -0.194814
30.0 -0.116825 -0.465000 -0.194814
31.0 -0.116825 -0.465000 -0.194817
32.0 -0.116825 -0.464999 -0.194814
33.0 -0.116825 -0.465000 -0.194814
34.0 -0.116825 -0.465000 -0.194814
35.0 -0.116827 -0.464997 -0.194814
36.0 -0.116825 -0.465000 -0.194814
37.0 -0.116827 -0.464997 -0.194814
38.0 -0.116825 -0.465000 -0.194814
39.0 -0.116825 -0.464999 -0.194814
40.0 -0.116825 -0.464999 -0.194814
41.0 -0.116825 -0.464999 -0.194817
42.0 -0.116825 -0.465000 -0.194814
43.0 -0.116825 -0.465000 -0.194817
44.0 -0.116825 -0.465000 -0.194814
45.0 -0.116825 -0.465000 -0.194814
46.0 -0.116827 -0.465000 -0.194814
47.0 -0.116825 -0.464999 -0.194814
48.0 -0.116829 -0.464998 -0.194818
49.0 -0.116827 -0.464997 -0.194814
50.0 -0.116827 -0.465001 -0.194813
51.0 -0.116827 -0.465000 -0.194814
52.0 -0.116825 -0.464999 -0.194818
53.0 -0.116825 -0.465000 -0.194814
54.0 -0.116825 -0.464999 -0.194818
55.0 -0.116825 -0.465000 -0.194814
56.0 -0.116827 -0.465000 -0.194814
57.0 -0.116825 -0.464999 -0.194818
58.0 -0.116825 -0.465000 -0.194817
59.0 -0.116827 -0.465000 -0.194814
"22.joint_LeftShoulder"
"11.joint_Torso2"
24 0.000000 0.000000 0.000000 0.000000 0.000000 0.000000
2
0.0 0.761909 1.603818 -0.238211
59.0 0.761909 1.603818 -0.238211
60
0.0 0.042804 -0.406021 -0.277252
1.0 -0.005079 -0.383088 -0.256551
2.0 -0.022829 -0.343771 -0.235247
3.0 0.003235 -0.281960 -0.214165
4.0 0.022259 -0.226151 -0.194329
5.0 0.014803 -0.192228 -0.178603
6.0 -0.021992 -0.186677 -0.168432
7.0 -0.073590 -0.199487 -0.160470
8.0 -0.141543 -0.236105 -0.152720
9.0 -0.224550 -0.314545 -0.139002
10.0 -0.286845 -0.402442 -0.122086
11.0 -0.283376 -0.470916 -0.115865
12.0 -0.192737 -0.495984 -0.131298
13.0 -0.082829 -0.489832 -0.162011
14.0 -0.018051 -0.468554 -0.200473
15.0 -0.000964 -0.454087 -0.235712
16.0 -0.020175 -0.489128 -0.244772
17.0 -0.051726 -0.553702 -0.237659
18.0 -0.054802 -0.598544 -0.235086
19.0 -0.022399 -0.613894 -0.251126
20.0 0.017629 -0.613692 -0.282484
21.0 0.032506 -0.617490 -0.311008
22.0 -0.010913 -0.617423 -0.317624
23.0 -0.124228 -0.607894 -0.295390
24.0 -0.273604 -0.591703 -0.265771
25.0 -0.397884 -0.586572 -0.245595
26.0 -0.439049 -0.593975 -0.246940
27.0 -0.403840 -0.596166 -0.263409
28.0 -0.353837 -0.570441 -0.280715
29.0 -0.333867 -0.521583 -0.291055
30.0 -0.340205 -0.465849 -0.282786
31.0 -0.352002 -0.416128 -0.267687
32.0 -0.356581 -0.399236 -0.259335
33.0 -0.325463 -0.432061 -0.270089
34.0 -0.242615 -0.474310 -0.301725
35.0 -0.140710 -0.507108 -0.334885
36.0 -0.062597 -0.532230 -0.342634
37.0 -0.037983 -0.567001 -0.319160
38.0 -0.083018 -0.599877 -0.270898
39.0 -0.181891 -0.615780 -0.217300
40.0 -0.281833 -0.613732 -0.182238
41.0 -0.328634 -0.604241 -0.175847
42.0 -0.307974 -0.598382 -0.187286
43.0 -0.262102 -0.591349 -0.200950
44.0 -0.237774 -0.570209 -0.209686
45.0 -0.252870 -0.532700 -0.212845
46.0 -0.297369 -0.488200 -0.209933
47.0 -0.341240 -0.450102 -0.203877
48.0 -0.346488 -0.427698 -0.205041
49.0 -0.296746 -0.436356 -0.222572
50.0 -0.208327 -0.482248 -0.258429
51.0 -0.094961 -0.544769 -0.293918
52.0 0.022389 -0.623140 -0.308607
53.0 0.122063 -0.733365 -0.304057
54.0 0.191474 -0.862984 -0.285461
55.0 0.236458 -0.962431 -0.261957
56.0 0.275008 -0.931099 -0.242527
57.0 0.304326 -0.704746 -0.276611
58.0 0.244789 -0.498663 -0.301778
59.0 0.133903 -0.426127 -0.295507
"24.joint_LeftArm"
"22.joint_LeftShoulder"
24 0.000000 0.000000 0.000000 0.000000 0.000000 0.000000
2
0.0 0.385820 -0.165332 -0.009181
59.0 0.385820 -0.165332 -0.009181
60
0.0 0.000000 -0.000000 -0.383972
1.0 0.000000 -0.000000 -0.383972
2.0 0.000000 -0.000000 -0.383973
3.0 0.000000 0.000000 -0.383972
4.0 0.000000 0.000000 -0.383972
5.0 0.000000 -0.000000 -0.383972
6.0 0.000000 0.000000 -0.383972
7.0 0.000000 0.000000 -0.383972
8.0 0.000000 0.000000 -0.383972
9.0 0.000000 0.000000 -0.383972
10.0 0.000000 0.000000 -0.383972
11.0 0.000000 0.000000 -0.383972
12.0 0.000000 0.000000 -0.383973
13.0 0.000000 0.000000 -0.383972
14.0 0.000000 0.000000 -0.383972
15.0 0.000000 0.000000 -0.383972
16.0 0.000000 0.000000 -0.383972
17.0 0.000000 -0.000000 -0.383972
18.0 0.000000 0.000000 -0.383973
19.0 0.000000 -0.000000 -0.383972
20.0 0.000000 -0.000000 -0.383972
21.0 0.000000 0.000000 -0.383973
22.0 0.000000 0.000000 -0.383972
23.0 0.000000 0.000000 -0.383973
24.0 0.000000 0.000000 -0.383972
25.0 0.000000 -0.000000 -0.383972
26.0 0.000000 0.000000 -0.383972
27.0 0.000000 0.000000 -0.383972
28.0 0.000000 0.000000 -0.383972
29.0 0.000000 0.000000 -0.383972
30.0 0.000000 -0.000000 -0.383972
31.0 0.000000 0.000000 -0.383972
32.0 0.000000 0.000000 -0.383972
33.0 0.000000 0.000000 -0.383972
34.0 0.000000 0.000000 -0.383972
35.0 0.000000 0.000000 -0.383972
36.0 0.000000 -0.000000 -0.383972
37.0 0.000000 -0.000000 -0.383972
38.0 0.000000 -0.000000 -0.383972
39.0 0.000000 0.000000 -0.383972
40.0 0.000000 0.000000 -0.383973
41.0 0.000000 -0.000000 -0.383972
42.0 0.000000 -0.000000 -0.383972
43.0 0.000000 0.000000 -0.383972
44.0 0.000000 0.000000 -0.383973
45.0 0.000000 0.000000 -0.383972
46.0 0.000000 0.000000 -0.383972
47.0 0.000000 -0.000000 -0.383972
48.0 0.000000 0.000000 -0.383973
49.0 0.000000 -0.000000 -0.383972
50.0 0.000000 -0.000000 -0.383972
51.0 0.000000 0.000000 -0.383972
52.0 0.000000 0.000000 -0.383972
53.0 0.000000 -0.000000 -0.383972
54.0 0.000000 -0.000000 -0.383972
55.0 0.000000 -0.000000 -0.383972
56.0 0.000000 0.000000 -0.383972
57.0 0.000000 0.000000 -0.383972
58.0 0.000000 -0.000000 -0.383972
59.0 0.000000 -0.000000 -0.383972
"25.joint_LeftElbow"
"24.joint_LeftArm"
24 0.000000 0.000000 0.000000 0.000000 0.000000 0.000000
2
0.0 1.638192 -1.253510 -0.024858
59.0 1.638192 -1.253510 -0.024858
60
0.0 -0.893467 -0.703920 0.347784
1.0 -0.774796 -0.651236 0.273352
2.0 -0.780369 -0.653968 0.276733
3.0 -0.982656 -0.736392 0.406602
4.0 -1.294323 -0.808996 0.625121
5.0 -1.620034 -0.827790 0.863809
6.0 -1.874524 -0.805096 1.049670
7.0 -2.088609 -0.758369 1.200762
8.0 -2.250406 -0.703448 1.308887
9.0 -2.344185 -0.662678 1.368084
10.0 -2.382371 -0.644013 1.391282
11.0 -2.369191 -0.650595 1.383339
12.0 -2.285242 -0.689120 1.331220
13.0 -2.112198 -0.751490 1.216920
14.0 -1.828244 -0.811744 1.016211
15.0 -1.472590 -0.825948 0.755268
16.0 -1.135771 -0.779442 0.511940
17.0 -0.938962 -0.721207 0.377515
18.0 -0.972664 -0.733038 0.399908
19.0 -1.195665 -0.792301 0.554301
20.0 -1.510698 -0.827465 0.783295
21.0 -1.832644 -0.811161 1.019401
22.0 -2.096194 -0.756198 1.205971
23.0 -2.267145 -0.696681 1.319667
24.0 -2.357041 -0.656533 1.375956
25.0 -2.383477 -0.643453 1.391946
26.0 -2.339910 -0.664693 1.365451
27.0 -2.209191 -0.719213 1.281992
28.0 -1.998041 -0.781481 1.137722
29.0 -1.707163 -0.823772 0.927850
30.0 -1.390649 -0.820201 0.695192
31.0 -1.096968 -0.769955 0.484808
32.0 -0.875476 -0.696653 0.336196
33.0 -0.795180 -0.661102 0.285780
34.0 -0.877408 -0.697444 0.337435
35.0 -1.080480 -0.765641 0.473361
36.0 -1.406102 -0.821546 0.706495
37.0 -1.761126 -0.819351 0.967352
38.0 -2.049453 -0.768993 1.173693
39.0 -2.236799 -0.708792 1.300064
40.0 -2.332772 -0.668019 1.361042
41.0 -2.348314 -0.660720 1.370619
42.0 -2.272154 -0.694614 1.322875
43.0 -2.111065 -0.751828 1.216147
44.0 -1.876081 -0.804854 1.050792
45.0 -1.588789 -0.828303 0.840801
46.0 -1.311308 -0.811328 0.637420
47.0 -1.124369 -0.776749 0.503941
48.0 -1.097129 -0.769995 0.484919
49.0 -1.222447 -0.797373 0.573409
50.0 -1.410845 -0.821935 0.709968
51.0 -1.661150 -0.826369 0.894058
52.0 -1.945492 -0.792602 1.100512
53.0 -2.187564 -0.726983 1.267688
54.0 -2.358675 -0.655742 1.376952
55.0 -2.453346 -0.605946 1.432799
56.0 -2.461034 -0.601551 1.437162
57.0 -2.262153 -0.698722 1.316462
58.0 -1.815708 -0.813345 1.007113
59.0 -1.243610 -0.801094 0.588574
"26.joint_LeftWrist"
"25.joint_LeftElbow"
24 0.000000 0.000000 0.000000 0.000000 0.000000 0.000000
2
0.0 1.639729 -1.373889 0.032934
59.0 1.639729 -1.373889 0.032934
60
0.0 0.102887 0.275541 0.302522
1.0 0.102886 0.275539 0.302521
2.0 0.102888 0.275541 0.302522
3.0 0.102889 0.275537 0.302523
4.0 0.102888 0.275539 0.302521
5.0 0.102887 0.275537 0.302523
6.0 0.102889 0.275541 0.302523
7.0 0.102888 0.275541 0.302522
8.0 0.102888 0.275539 0.302523
9.0 0.102886 0.275539 0.302522
10.0 0.102887 0.275539 0.302522
11.0 0.102887 0.275539 0.302522
12.0 0.102887 0.275539 0.302522
13.0 0.102888 0.275541 0.302522
14.0 0.102887 0.275539 0.302522
15.0 0.102886 0.275539 0.302523
16.0 0.102888 0.275539 0.302522
17.0 0.102887 0.275539 0.302522
18.0 0.102887 0.275539 0.302521
19.0 0.102888 0.275539 0.302522
20.0 0.102887 0.275539 0.302522
21.0 0.102886 0.275539 0.302522
22.0 0.102887 0.275539 0.302522
23.0 0.102888 0.275539 0.302521
24.0 0.102886 0.275539 0.302521
25.0 0.102888 0.275539 0.302522
26.0 0.102887 0.275537 0.302523
27.0 0.102885 0.275539 0.302523
28.0 0.102887 0.275539 0.302521
29.0 0.102887 0.275539 0.302522
30.0 0.102887 0.275539 0.302522
31.0 0.102888 0.275539 0.302521
32.0 0.102887 0.275541 0.302522
33.0 0.102885 0.275537 0.302520
34.0 0.102887 0.275539 0.302521
35.0 0.102886 0.275541 0.302521
36.0 0.102887 0.275539 0.302522
37.0 0.102887 0.275539 0.302522
38.0 0.102886 0.275539 0.302521
39.0 0.102888 0.275541 0.302523
40.0 0.102888 0.275541 0.302522
41.0 0.102887 0.275539 0.302522
42.0 0.102886 0.275539 0.302522
43.0 0.102887 0.275539 0.302522
44.0 0.102886 0.275539 0.302521
45.0 0.102886 0.275539 0.302522
46.0 0.102886 0.275539 0.302523
47.0 0.102886 0.275539 0.302521
48.0 0.102888 0.275539 0.302522
49.0 0.102887 0.275537 0.302522
50.0 0.102887 0.275539 0.302522
51.0 0.102888 0.275539 0.302523
52.0 0.102887 0.275539 0.302522
53.0 0.102888 0.275539 0.302522
54.0 0.102887 0.275539 0.302523
55.0 0.102887 0.275539 0.302521
56.0 0.102888 0.275539 0.302521
57.0 0.102887 0.275539 0.302522
58.0 0.102889 0.275541 0.302523
59.0 0.102886 0.275539 0.302522
