Bones: 19
"12.joint_HipMaster"
""
24 0.000000 0.000000 0.000000 0.000000 0.000000 0.000000
60
0.0 -0.000000 7.491859 0.000000
1.0 -0.000000 7.548232 0.000000
2.0 -0.000000 7.691459 0.000000
3.0 -0.000000 7.882705 0.000000
4.0 -0.000000 8.083133 0.000000
5.0 -0.000000 8.253905 0.000000
6.0 -0.000000 8.356186 0.000000
7.0 -0.000000 8.367293 0.000000
8.0 0.000001 8.359965 0.000000
9.0 -0.000000 8.348949 0.000000
10.0 -0.000000 8.334468 0.000000
11.0 -0.000000 8.316741 0.000000
12.0 -0.000000 8.295989 0.000000
13.0 -0.000000 8.272433 0.000000
14.0 -0.000000 8.212709 0.000000
15.0 -0.000000 8.104259 0.000000
16.0 -0.000000 7.978514 0.000000
17.0 -0.000000 7.866903 0.000000
18.0 -0.000000 7.800858 0.000000
19.0 -0.000000 7.832351 0.000000
20.0 -0.000000 7.933518 0.000000
21.0 -0.000000 8.016036 0.000000
22.0 -0.000000 8.008294 0.000000
23.0 -0.000000 7.958337 0.000000
24.0 -0.000000 7.886821 0.000000
25.0 -0.000000 7.801701 0.000000
26.0 -0.000000 7.710934 0.000000
27.0 -0.000000 7.622475 0.000000
28.0 -0.000000 7.544281 0.000000
29.0 -0.000000 7.484306 0.000000
30.0 -0.000000 7.450506 0.000000
31.0 -0.000000 7.463911 0.000000
32.0 -0.000000 7.588825 0.000000
33.0 -0.000000 7.789830 0.000000
34.0 -0.000000 8.015981 0.000000
35.0 -0.000000 8.216333 0.000000
36.0 -0.000000 8.339942 0.000000
37.0 -0.000000 8.355062 0.000000
38.0 -0.000000 8.345673 0.000000
39.0 -0.000000 8.330407 0.000000
40.0 -0.000000 8.310881 0.000000
41.0 -0.000000 8.288714 0.000000
42.0 -0.000000 8.265525 0.000000
43.0 -0.000000 8.237761 0.000000
44.0 -0.000000 8.180257 0.000000
45.0 -0.000000 8.100300 0.000000
46.0 -0.000000 8.010818 0.000000
47.0 -0.000000 7.924741 0.000000
48.0 -0.000000 7.854998 0.000000
49.0 -0.000000 7.814519 0.000000
50.0 -0.000000 7.826575 0.000000
51.0 -0.000000 7.929857 0.000000
52.0 -0.000000 8.054848 0.000000
53.0 -0.000000 8.117655 0.000000
54.0 -0.000000 8.085745 0.000000
55.0 -0.000000 7.997417 0.000000
56.0 -0.000000 7.875025 0.000000
57.0 -0.000000 7.740919 0.000000
58.0 -0.000000 7.617454 0.000000
59.0 -0.000000 7.526983 0.000000
60
0.0 3.141593 -0.000000 3.141593
1.0 3.140576 -0.002402 -3.140019
2.0 3.137777 -0.009043 -3.135667
3.0 3.133572 -0.019075 -3.129093
4.0 3.128338 -0.031650 -3.120852
5.0 3.122450 -0.045919 -3.111501
6.0 3.116285 -0.061035 -3.101593
7.0 3.110220 -0.076149 -3.091686
8.0 3.104631 -0.090413 -3.082333
9.0 3.099894 -0.102979 -3.074093
10.0 3.096386 -0.112998 -3.067519
11.0 3.094484 -0.119624 -3.063167
12.0 3.094562 -0.122006 -3.061593
13.0 3.098200 -0.119296 -3.061991
14.0 3.110296 -0.111869 -3.063145
15.0 3.128210 -0.100732 -3.064993
16.0 -3.134885 -0.086895 -3.067476
17.0 -3.116256 -0.071364 -3.070531
18.0 -3.102727 -0.055145 -3.074099
19.0 -3.098015 -0.039248 -3.078118
20.0 -3.108347 -0.024681 -3.082527
21.0 -3.131624 -0.012448 -3.087265
22.0 3.121414 -0.003560 -3.092273
23.0 3.090473 0.000977 -3.097488
24.0 3.064814 0.001351 -3.102849
25.0 3.050512 0.001351 -3.108297
26.0 3.052364 0.001351 -3.113768
27.0 3.065992 0.001351 -3.119205
28.0 3.086260 0.001351 -3.124545
29.0 3.108464 0.001351 -3.129728
30.0 3.127904 0.001351 -3.134691
31.0 3.139876 0.001364 -3.139375
32.0 3.141166 0.004868 3.139297
33.0 3.137999 0.013743 3.134062
34.0 3.132313 0.026778 3.128189
35.0 3.124780 0.042760 3.121936
36.0 3.116079 0.060475 3.115562
37.0 3.106881 0.078712 3.109329
38.0 3.097864 0.096259 3.103494
39.0 3.089700 0.111901 3.098318
40.0 3.083066 0.124428 3.094061
41.0 3.078637 0.132625 3.090981
42.0 3.077086 0.135290 3.089339
43.0 3.080327 0.132172 3.089275
44.0 3.096470 0.124270 3.090258
45.0 3.121761 0.112581 3.092089
46.0 -3.133214 0.098104 3.094648
47.0 -3.108309 0.081838 3.097821
48.0 -3.092941 0.064781 3.101488
49.0 -3.093140 0.047930 3.105535
50.0 -3.109408 0.032285 3.109843
51.0 -3.136279 0.018841 3.114297
52.0 3.115166 0.008598 3.118778
53.0 3.084290 0.002555 3.123170
54.0 3.060013 0.001339 3.127356
55.0 3.048070 0.001194 3.131219
56.0 3.054904 0.000933 3.134642
57.0 3.077726 0.000620 3.137507
58.0 3.106494 0.000318 3.139699
59.0 3.131140 0.000090 3.141100
"28.joint_RightHip"
"12.joint_HipMaster"
24 0.000000 0.000000 0.000000 0.000000 0.000000 0.000000
2
0.0 -0.898730 -0.727985 -0.131171
59.0 -0.898730 -0.727985 -0.131171
60
0.0 -0.811200 0.035665 -0.075729
1.0 -0.846302 0.027616 -0.078518
2.0 -0.852680 0.020738 -0.086034
3.0 -0.811282 0.020235 -0.096073
4.0 -0.732194 0.025422 -0.106732
5.0 -0.607577 0.031566 -0.110340
6.0 -0.475673 0.032402 -0.101439
7.0 -0.375223 0.029508 -0.090301
8.0 -0.283299 0.022092 -0.079870
9.0 -0.196066 0.011613 -0.071181
10.0 -0.124841 -0.001609 -0.065207
11.0 -0.093026 -0.017522 -0.061890
12.0 -0.106372 -0.035433 -0.061021
13.0 -0.123513 -0.056438 -0.059596
14.0 -0.230108 -0.081188 -0.052342
15.0 -0.391002 -0.113385 -0.036795
16.0 -0.593810 -0.149830 -0.007500
17.0 -0.742790 -0.175626 0.029776
18.0 -0.803933 -0.179745 0.065190
19.0 -0.749199 -0.164680 0.087618
20.0 -0.596955 -0.132567 0.088880
21.0 -0.420362 -0.078006 0.082078
22.0 -0.232834 -0.008466 0.080646
23.0 -0.042793 0.020745 0.079186
24.0 0.090748 0.012861 0.070175
25.0 0.113945 -0.016123 0.052726
26.0 0.058758 -0.056368 0.031988
27.0 -0.037942 -0.099554 0.015069
28.0 -0.146214 -0.135238 0.006373
29.0 -0.244549 -0.161038 0.003819
30.0 -0.314823 -0.183696 0.001746
31.0 -0.338697 -0.201722 -0.004130
32.0 -0.304684 -0.212065 -0.014721
33.0 -0.230297 -0.212917 -0.029036
34.0 -0.137627 -0.205401 -0.045739
35.0 -0.043025 -0.190782 -0.063536
36.0 0.018313 -0.170864 -0.080242
37.0 -0.010292 -0.150071 -0.091198
38.0 -0.044924 -0.127144 -0.099315
39.0 -0.043712 -0.100223 -0.107740
40.0 -0.029724 -0.074542 -0.113116
41.0 -0.016193 -0.054152 -0.114718
42.0 -0.016253 -0.042083 -0.112746
43.0 -0.051799 -0.041627 -0.106251
44.0 -0.128379 -0.052914 -0.096617
45.0 -0.222986 -0.074585 -0.084422
46.0 -0.313302 -0.107366 -0.070081
47.0 -0.384013 -0.149480 -0.053956
48.0 -0.421609 -0.194664 -0.038910
49.0 -0.411181 -0.236166 -0.031407
50.0 -0.340496 -0.268104 -0.036670
51.0 -0.206652 -0.288125 -0.051642
52.0 -0.036943 -0.294907 -0.069893
53.0 0.121506 -0.287504 -0.084188
54.0 0.187900 -0.264119 -0.087307
55.0 0.118355 -0.224777 -0.073703
56.0 -0.041080 -0.173666 -0.050238
57.0 -0.237087 -0.112916 -0.030965
58.0 -0.451181 -0.050056 -0.026501
59.0 -0.676892 0.003947 -0.042682
"29.!joint_RightKnee"
"28.joint_RightHip"
24 0.000000 0.000000 0.000000 0.000000 0.000000 0.000000
2
0.0 -0.133782 -2.906913 -0.240881
59.0 -0.133782 -2.906913 -0.240881
60
0.0 1.804636 -0.000000 0.000000
1.0 1.675026 -0.000000 0.000000
2.0 1.459339 -0.000000 0.000000
3.0 1.194976 -0.000000 0.000000
4.0 0.934308 -0.000000 0.000000
5.0 0.691360 -0.000000 0.000000
6.0 0.522782 -0.000000 0.000000
7.0 0.408977 0.000000 0.000000
8.0 0.300793 -0.000000 0.000000
9.0 0.187041 -0.000000 0.000000
10.0 0.086282 -0.000000 0.000000
11.0 0.041490 -0.000000 0.000000
12.0 0.048480 -0.000000 0.000000
13.0 0.016731 0.000000 0.000000
14.0 0.163375 -0.000000 0.000000
15.0 0.448197 -0.000000 0.000000
16.0 0.840691 -0.000000 0.000000
17.0 1.169867 -0.000000 0.000000
18.0 1.392670 -0.000001 -0.000000
19.0 1.456716 -0.000000 0.000000
20.0 1.351950 -0.000000 0.000000
21.0 1.152389 -0.000000 0.000000
22.0 0.916168 -0.000000 0.000000
23.0 0.662378 -0.000000 0.000000
24.0 0.487811 -0.000000 0.000000
25.0 0.473437 -0.000000 0.000000
26.0 0.540462 -0.000000 0.000000
27.0 0.638634 -0.000000 0.000000
28.0 0.732877 -0.000000 0.000000
29.0 0.807582 -0.000000 0.000001
30.0 0.857600 -0.000000 0.000000
31.0 0.873663 -0.000000 0.000000
32.0 0.822079 -0.000000 0.000000
33.0 0.713943 -0.000000 0.000000
34.0 0.585329 -0.000000 0.000000
35.0 0.464109 0.000000 0.000000
36.0 0.408014 -0.000000 0.000000
37.0 0.491217 -0.000000 0.000000
38.0 0.577151 -0.000000 0.000000
39.0 0.619198 -0.000000 0.000000
40.0 0.631977 -0.000000 0.000000
41.0 0.629439 -0.000000 0.000000
42.0 0.629447 -0.000000 0.000000
43.0 0.650278 -0.000000 0.000000
44.0 0.695911 -0.000000 0.000000
45.0 0.744101 -0.000000 0.000000
46.0 0.780105 -0.000000 0.000000
47.0 0.799782 -0.000001 -0.000000
48.0 0.803161 -0.000000 0.000000
49.0 0.789424 -0.000000 0.000000
50.0 0.743074 -0.000000 0.000000
51.0 0.623739 -0.000000 0.000000
52.0 0.448962 -0.000000 0.000000
53.0 0.280990 -0.000000 0.000000
54.0 0.252273 -0.000000 0.000000
55.0 0.422112 -0.000000 0.000000
56.0 0.683171 -0.000000 0.000000
57.0 0.953107 -0.000000 0.000000
58.0 1.239080 -0.000001 -0.000000
59.0 1.577214 -0.000000 0.000000
"30.!joint_RightFoot"
"29.!joint_RightKnee"
24 0.000000 0.000000 0.000000 0.000000 0.000000 0.000000
2
0.0 -0.030686 -3.844475 -0.525004
59.0 -0.030686 -3.844475 -0.525004
60
0.0 0.086979 0.009816 -0.074782
1.0 0.097637 0.014418 -0.047859
2.0 0.152739 -0.015884 0.017877
3.0 0.207213 -0.091580 0.080515
4.0 0.232039 -0.183673 0.113432
5.0 0.221376 -0.245753 0.114143
6.0 0.164885 -0.261257 0.100937
7.0 0.111621 -0.251690 0.084322
8.0 0.083554 -0.224956 0.063586
9.0 0.083880 -0.188895 0.040838
10.0 0.101111 -0.149564 0.020825
11.0 0.120023 -0.113505 0.006678
12.0 0.165987 -0.084026 -0.003745
13.0 0.274977 -0.052835 -0.013285
14.0 0.297397 -0.021524 -0.016823
15.0 0.251852 0.011936 -0.015599
16.0 0.159653 0.044574 -0.025029
17.0 0.082755 0.038328 -0.034059
18.0 0.016530 -0.002037 -0.023270
19.0 -0.029906 -0.024916 -0.021778
20.0 -0.038816 -0.037668 -0.018543
21.0 -0.110764 -0.057275 -0.003428
22.0 -0.275807 -0.093605 0.013855
23.0 -0.422521 -0.105569 0.006721
24.0 -0.468412 -0.094049 -0.005889
25.0 -0.465189 -0.066989 -0.014334
26.0 -0.474115 -0.029175 -0.026335
27.0 -0.478779 0.008447 -0.043280
28.0 -0.470384 0.035302 -0.061516
29.0 -0.451020 0.050831 -0.077498
30.0 -0.429699 0.062959 -0.091127
31.0 -0.410987 0.071585 -0.099279
32.0 -0.370336 0.079501 -0.100568
33.0 -0.308867 0.086345 -0.095344
34.0 -0.243856 0.089645 -0.085538
35.0 -0.188948 0.087752 -0.073242
36.0 -0.168982 0.079160 -0.062290
37.0 -0.203905 0.064823 -0.058138
38.0 -0.241856 0.047397 -0.051606
39.0 -0.278802 0.024100 -0.036288
40.0 -0.306350 -0.005987 -0.015116
41.0 -0.325133 -0.040147 0.007888
42.0 -0.339599 -0.076005 0.029850
43.0 -0.347073 -0.110754 0.046167
44.0 -0.353199 -0.141533 0.056565
45.0 -0.354072 -0.165839 0.059973
46.0 -0.350028 -0.178834 0.055189
47.0 -0.345442 -0.177952 0.043425
48.0 -0.347082 -0.164839 0.029588
49.0 -0.361287 -0.142073 0.019641
50.0 -0.381760 -0.111184 0.015169
51.0 -0.375886 -0.069036 0.008106
52.0 -0.341520 -0.019731 -0.000848
53.0 -0.301362 0.031085 -0.010176
54.0 -0.300880 0.074142 -0.026109
55.0 -0.275512 0.092691 -0.060667
56.0 -0.186948 0.084746 -0.100185
57.0 -0.045138 0.060042 -0.124630
58.0 0.086494 0.030427 -0.127392
59.0 0.124072 0.007118 -0.107650
"32.joint_LeftHip"
"12.joint_HipMaster"
24 0.000000 0.000000 0.000000 0.000000 0.000000 0.000000
2
0.0 0.829650 -0.727986 -0.131174
59.0 0.829650 -0.727986 -0.131174
60
0.0 -0.329887 -0.086235 0.000844
1.0 -0.310772 -0.079558 0.000302
2.0 -0.262322 -0.062758 -0.000102
3.0 -0.197883 -0.040734 0.001557
4.0 -0.142113 -0.018568 0.006477
5.0 -0.128253 -0.001398 0.014703
6.0 -0.114696 0.005399 0.025695
7.0 -0.077779 -0.002348 0.038679
8.0 -0.042132 -0.016471 0.053693
9.0 -0.009480 -0.029886 0.066271
10.0 0.015632 -0.040719 0.075215
11.0 0.028192 -0.048113 0.080123
12.0 0.012772 -0.051149 0.080363
13.0 -0.031621 -0.048804 0.077059
14.0 -0.100377 -0.041514 0.072629
15.0 -0.187859 -0.030580 0.066912
16.0 -0.276822 -0.017646 0.059686
17.0 -0.353169 -0.004288 0.051095
18.0 -0.396771 0.008604 0.042106
19.0 -0.376419 0.020311 0.034191
20.0 -0.290023 0.030217 0.027789
21.0 -0.172311 0.038126 0.022410
22.0 -0.068449 0.042708 0.018552
23.0 0.011549 0.042951 0.015559
24.0 0.047241 0.039040 0.012155
25.0 0.016659 0.034560 0.007603
26.0 -0.078246 0.029792 0.002029
27.0 -0.229551 0.024222 -0.004182
28.0 -0.457105 0.018103 -0.011517
29.0 -0.672338 0.009466 -0.016260
30.0 -0.830508 -0.001933 -0.013552
31.0 -0.924517 -0.011087 -0.005864
32.0 -0.936497 -0.013606 0.002564
33.0 -0.872186 -0.010138 0.008381
34.0 -0.744011 -0.003471 0.011352
35.0 -0.565445 0.004944 0.011755
36.0 -0.365496 0.013767 0.009676
37.0 -0.219880 0.022873 0.005216
38.0 -0.167538 0.032974 -0.001437
39.0 -0.132866 0.044085 -0.008583
40.0 -0.106624 0.054603 -0.015109
41.0 -0.091485 0.061882 -0.020250
42.0 -0.092249 0.063653 -0.023588
43.0 -0.121355 0.058795 -0.024145
44.0 -0.182680 0.048287 -0.022933
45.0 -0.245140 0.034770 -0.021629
46.0 -0.527649 0.019741 -0.020723
47.0 -0.773489 0.003525 -0.019789
48.0 -0.910490 -0.013536 -0.020304
49.0 -0.895592 -0.030871 -0.024127
50.0 -0.750521 -0.046130 -0.030673
51.0 -0.550611 -0.057787 -0.036958
52.0 -0.354482 -0.066914 -0.040750
53.0 -0.192195 -0.073257 -0.042178
54.0 -0.073749 -0.075989 -0.041276
55.0 -0.022143 -0.079048 -0.036849
56.0 -0.049210 -0.082219 -0.029138
57.0 -0.128330 -0.084695 -0.019341
58.0 -0.222151 -0.085995 -0.009572
59.0 -0.298505 -0.086290 -0.002112
"33.!joint_LeftKnee"
"32.joint_LeftHip"
24 0.000000 0.000000 0.000000 0.000000 0.000000 0.000000
2
0.0 0.133781 -2.906914 -0.240879
59.0 0.133781 -2.906914 -0.240879
60
0.0 0.880518 -0.000000 0.000000
1.0 0.854317 -0.000000 0.000000
2.0 0.789297 -0.000000 0.000001
3.0 0.705900 -0.000000 0.000000
4.0 0.649299 -0.000000 0.000000
5.0 0.684394 -0.000000 0.000000
6.0 0.715739 -0.000000 0.000000
7.0 0.694256 -0.000000 0.000000
8.0 0.670531 -0.000000 0.000000
9.0 0.643504 -0.000000 0.000000
10.0 0.618054 -0.000000 0.000000
11.0 0.599990 -0.000001 0.000000
12.0 0.604476 -0.000000 0.000000
13.0 0.629197 -0.000000 0.000000
14.0 0.676420 -0.000000 0.000000
15.0 0.745790 -0.000001 0.000000
16.0 0.812599 -0.000000 0.000000
17.0 0.859965 -0.000000 0.000000
18.0 0.873108 -0.000000 0.000000
19.0 0.824757 -0.000000 0.000000
20.0 0.725363 -0.000000 0.000000
21.0 0.620566 -0.000000 0.000000
22.0 0.570271 -0.000000 0.000000
23.0 0.561546 -0.000000 0.000000
24.0 0.603684 -0.000000 0.000000
25.0 0.708513 -0.000000 0.000000
26.0 0.857443 -0.000000 0.000000
27.0 1.058625 -0.000000 0.000000
28.0 1.385336 -0.000000 0.000000
29.0 1.633018 -0.000000 0.000000
30.0 1.676688 -0.000000 0.000000
31.0 1.604834 -0.000000 0.000000
32.0 1.433477 -0.000000 0.000000
33.0 1.181644 -0.000000 0.000000
34.0 0.870132 -0.000000 0.000000
35.0 0.517942 -0.000000 0.000000
36.0 0.179977 -0.000000 0.000000
37.0 -0.023899 0.000000 -0.000000
38.0 -0.047762 -0.000000 -0.000000
39.0 -0.047763 0.000000 -0.000000
40.0 -0.047762 0.000000 -0.000000
41.0 -0.047762 0.000000 -0.000000
42.0 -0.047761 0.000000 -0.000000
43.0 -0.047763 0.000000 -0.000000
44.0 -0.047763 -0.000000 -0.000000
45.0 -0.047762 -0.000000 -0.000000
46.0 0.431153 0.000000 0.000000
47.0 0.881718 -0.000001 0.000001
48.0 1.206677 -0.000000 0.000000
49.0 1.372579 -0.000000 0.000000
50.0 1.388553 -0.000000 0.000000
51.0 1.304603 -0.000000 0.000000
52.0 1.159970 -0.000000 0.000000
53.0 1.010472 -0.000000 0.000000
54.0 0.890518 -0.000000 0.000000
55.0 0.819132 -0.000000 0.000000
56.0 0.806176 -0.000000 0.000000
57.0 0.827130 -0.000001 0.000000
58.0 0.854559 -0.000000 0.000000
59.0 0.873669 -0.000000 0.000000
"34.!joint_LeftFoot"
"33.!joint_LeftKnee"
24 0.000000 0.000000 0.000000 0.000000 0.000000 0.000000
2
0.0 0.030688 -3.844475 -0.524996
59.0 0.030688 -3.844475 -0.524996
60
0.0 -0.550274 0.076513 -0.062274
1.0 -0.530440 0.078588 -0.059473
2.0 -0.480277 0.083704 -0.052769
3.0 -0.413895 0.090276 -0.044848
4.0 -0.358699 0.096988 -0.039407
5.0 -0.353883 0.102985 -0.041050
6.0 -0.353990 0.110757 -0.045662
7.0 -0.333900 0.121692 -0.049926
8.0 -0.319159 0.132175 -0.053652
9.0 -0.306077 0.140829 -0.051633
10.0 -0.293920 0.146661 -0.043677
11.0 -0.282451 0.148857 -0.030986
12.0 -0.270472 0.146611 -0.014523
13.0 -0.255362 0.139105 0.004313
14.0 -0.271281 0.126712 0.020413
15.0 -0.361954 0.110526 0.033448
16.0 -0.437712 0.092489 0.046755
17.0 -0.430251 0.072773 0.060204
18.0 -0.405707 0.051075 0.072438
19.0 -0.375264 0.027037 0.081976
20.0 -0.344641 0.001502 0.088461
21.0 -0.326141 -0.023730 0.093082
22.0 -0.339779 -0.045639 0.096931
23.0 -0.368122 -0.064925 0.101126
24.0 -0.389604 -0.081082 0.106533
25.0 -0.346600 -0.093372 0.113273
26.0 -0.231924 -0.102708 0.119699
27.0 -0.067311 -0.107215 0.126014
28.0 0.056263 -0.099754 0.137184
29.0 0.076934 -0.097983 0.136007
30.0 0.055961 -0.112665 0.106677
31.0 0.001232 -0.101766 0.043341
32.0 0.026887 -0.051510 -0.027087
33.0 0.075935 0.030666 -0.076218
34.0 0.130317 0.121770 -0.090042
35.0 0.202660 0.193077 -0.070949
36.0 0.279241 0.224804 -0.039489
37.0 0.296674 0.236106 -0.016447
38.0 0.236653 0.234415 -0.009585
39.0 0.180085 0.223439 -0.002152
40.0 0.140286 0.205710 0.008230
41.0 0.118205 0.184248 0.020847
42.0 0.116884 0.161370 0.035029
43.0 0.160008 0.138715 0.049826
44.0 0.286432 0.117409 0.062860
45.0 0.447854 0.099047 0.071861
46.0 0.363149 0.102152 0.054163
47.0 0.262792 0.106279 0.034202
48.0 0.158804 0.107644 0.016821
49.0 0.068984 0.108531 0.002772
50.0 -0.001149 0.108618 -0.007533
51.0 -0.046176 0.106842 -0.013955
52.0 -0.067062 0.104014 -0.017308
53.0 -0.110056 0.100799 -0.020632
54.0 -0.219937 0.097268 -0.025898
55.0 -0.349787 0.093158 -0.033487
56.0 -0.446503 0.088238 -0.041986
57.0 -0.510435 0.083337 -0.050115
58.0 -0.542462 0.079488 -0.056647
59.0 -0.550903 0.077231 -0.060822
"10.joint_Torso"
"12.joint_HipMaster"
24 0.000000 0.000000 0.000000 0.000000 0.000000 0.000000
2
0.0 0.000000 0.044081 0.000000
59.0 0.000000 0.044081 0.000000
60
0.0 0.203704 -0.000000 0.023018
1.0 0.196622 -0.004784 0.034097
2.0 0.176900 -0.017562 0.045508
3.0 0.146926 -0.035930 0.053120
4.0 0.109247 -0.057428 0.055499
5.0 0.066371 -0.079612 0.055470
6.0 0.020657 -0.100085 0.056227
7.0 -0.025730 -0.117632 0.061023
8.0 -0.070718 -0.132723 0.072189
9.0 -0.111812 -0.145110 0.087343
10.0 -0.146128 -0.154423 0.102659
11.0 -0.170537 -0.160254 0.114271
12.0 -0.181806 -0.162206 0.118288
13.0 -0.162586 -0.164255 0.115388
14.0 -0.098655 -0.169070 0.110254
15.0 -0.010699 -0.175324 0.103709
16.0 0.080645 -0.181748 0.096313
17.0 0.154849 -0.186913 0.088438
18.0 0.191541 -0.189227 0.080262
19.0 0.175576 -0.186943 0.071883
20.0 0.123274 -0.178295 0.065185
21.0 0.051824 -0.160602 0.061447
22.0 -0.025781 -0.134390 0.057137
23.0 -0.096599 -0.104208 0.047795
24.0 -0.147419 -0.073284 0.031856
25.0 -0.164794 -0.042798 0.020456
26.0 -0.137146 -0.017758 0.018803
27.0 -0.071388 -0.002233 0.019869
28.0 0.013652 0.000975 0.020263
29.0 0.098714 0.001502 0.017893
30.0 0.164546 0.001947 0.010739
31.0 0.191907 0.002106 0.000441
32.0 0.182083 0.002985 -0.010494
33.0 0.155970 -0.011575 -0.020413
34.0 0.116762 -0.039508 -0.026857
35.0 0.068820 -0.073846 -0.028058
36.0 0.016542 -0.107655 -0.025415
37.0 -0.035777 -0.133973 -0.020499
38.0 -0.084070 -0.145792 -0.014490
39.0 -0.124462 -0.137494 -0.008273
40.0 -0.153041 -0.125761 -0.003930
41.0 -0.165968 -0.118109 -0.003517
42.0 -0.151461 -0.115598 -0.007955
43.0 -0.100007 -0.118594 -0.015575
44.0 -0.033883 -0.126481 -0.024039
45.0 0.035861 -0.138575 -0.031830
46.0 0.100594 -0.153832 -0.037732
47.0 0.151576 -0.170844 -0.040892
48.0 0.179981 -0.187994 -0.040987
49.0 0.177705 -0.203715 -0.037640
50.0 0.147008 -0.217039 -0.029022
51.0 0.097229 -0.224616 -0.018046
52.0 0.037912 -0.217454 -0.007405
53.0 -0.021308 -0.196939 0.000998
54.0 -0.070460 -0.164809 0.003042
55.0 -0.099401 -0.126914 -0.005494
56.0 -0.089751 -0.088887 -0.010937
57.0 -0.018903 -0.054846 -0.004387
58.0 0.079209 -0.026732 0.005387
59.0 0.166195 -0.007309 0.015117
"11.joint_Torso2"
"10.joint_Torso"
24 0.000000 0.000000 0.000000 0.000000 0.000000 0.000000
2
0.0 0.000000 2.073173 -0.036064
59.0 0.000000 2.073173 -0.036064
60
0.0 -0.000000 0.000000 0.000000
1.0 -0.000000 0.000000 0.000000
2.0 0.000000 -0.000000 -0.000000
3.0 -0.000000 -0.000000 -0.000000
4.0 -0.000000 0.000000 -0.000000
5.0 -0.000000 0.000000 0.000000
6.0 -0.000000 -0.000000 -0.000000
7.0 0.000000 -0.000000 -0.000000
8.0 -0.000000 0.000000 -0.000000
9.0 -0.000000 -0.000000 0.000000
10.0 0.000000 -0.000000 -0.000000
11.0 -0.000000 0.000000 0.000000
12.0 -0.000000 -0.000000 0.000000
13.0 -0.000000 -0.000000 0.000000
14.0 -0.000000 0.000000 0.000000
15.0 -0.000000 -0.000000 0.000000
16.0 -0.000000 0.000000 0.000000
17.0 0.000000 0.000000 0.000000
18.0 0.000000 -0.000000 0.000000
19.0 -0.000000 -0.000000 -0.000000
20.0 0.000000 -0.000000 0.000000
21.0 -0.000000 0.000000 0.000000
22.0 0.000000 0.000000 0.000000
23.0 -0.000000 0.000000 -0.000000
24.0 -0.000000 0.000000 0.000000
25.0 0.000000 -0.000000 0.000000
26.0 -0.000000 0.000000 0.000000
27.0 0.000000 0.000000 0.000000
28.0 0.000000 0.000000 0.000000
29.0 0.000000 0.000000 0.000000
30.0 0.000000 0.000000 -0.000000
31.0 -0.000000 -0.000000 -0.000000
32.0 0.000000 0.000000 -0.000000
33.0 0.000000 0.000000 -0.000000
34.0 0.000000 0.000000 0.000000
35.0 0.000000 0.000000 0.000000
36.0 -0.000000 0.000000 -0.000000
37.0 0.000000 0.000000 -0.000000
38.0 0.000000 -0.000000 -0.000000
39.0 0.000000 -0.000000 0.000000
40.0 0.000000 -0.000000 0.000000
41.0 0.000000 0.000000 0.000000
42.0 0.000000 0.000000 -0.000000
43.0 0.000000 -0.000000 -0.000000
44.0 0.000000 0.000000 -0.000000
45.0 -0.000000 0.000000 0.000000
46.0 0.000000 0.000000 0.000000
47.0 -0.000000 -0.000000 -0.000000
48.0 0.000000 -0.000000 0.000000
49.0 -0.000000 -0.000000 -0.000000
50.0 0.000000 0.000000 0.000000
51.0 0.000000 0.000000 0.000000
52.0 0.000000 -0.000000 -0.000000
53.0 0.000000 -0.000000 -0.000000
54.0 0.000000 0.000000 -0.000000
55.0 -0.000000 -0.000000 0.000000
56.0 0.000000 -0.000000 0.000000
57.0 -0.000000 -0.000000 0.000000
58.0 -0.000000 0.000000 0.000000
59.0 0.000000 -0.000000 -0.000000
"13.joint_Neck"
"11.joint_Torso2"
24 0.000000 0.000000 0.000000 0.000000 0.000000 0.000000
2
0.0 0.000000 1.593527 -0.266443
59.0 0.000000 1.593527 -0.266443
60
0.0 -0.139782 0.082415 -0.038010
1.0 -0.134600 0.079996 -0.054514
2.0 -0.121262 0.078353 -0.070111
3.0 -0.100437 0.076050 -0.079161
4.0 -0.072517 0.070228 -0.078947
5.0 -0.037786 0.055797 -0.071460
6.0 0.003341 0.028089 -0.060009
7.0 0.049701 -0.009104 -0.050169
8.0 0.096278 -0.048805 -0.047494
9.0 0.139346 -0.084343 -0.051235
10.0 0.175472 -0.109591 -0.057817
11.0 0.200974 -0.119542 -0.063014
12.0 0.212484 -0.121961 -0.065508
13.0 0.190383 -0.118000 -0.061706
14.0 0.114212 -0.105846 -0.051007
15.0 0.006910 -0.086267 -0.039906
16.0 -0.107793 -0.061454 -0.033807
17.0 -0.206762 -0.034797 -0.034783
18.0 -0.266609 -0.009229 -0.041027
19.0 -0.267683 0.013564 -0.047932
20.0 -0.219223 0.030662 -0.053276
21.0 -0.139335 0.037931 -0.056989
22.0 -0.045625 0.034154 -0.058691
23.0 0.044047 0.021114 -0.056261
24.0 0.110860 -0.000183 -0.049357
25.0 0.134959 -0.024768 -0.047386
26.0 0.100770 -0.047427 -0.051760
27.0 0.021431 -0.065706 -0.053367
28.0 -0.061975 -0.076096 -0.049737
29.0 -0.130864 -0.085549 -0.041246
30.0 -0.178748 -0.094254 -0.027768
31.0 -0.199042 -0.101354 -0.013766
32.0 -0.186497 -0.105923 -0.003498
33.0 -0.155883 -0.091487 -0.000041
34.0 -0.110602 -0.061208 -0.002807
35.0 -0.057204 -0.022272 -0.005237
36.0 -0.010848 0.017311 0.000515
37.0 0.031735 0.048773 0.008654
38.0 0.075289 0.064918 0.011485
39.0 0.121991 0.059636 0.010297
40.0 0.158332 0.048333 0.008693
41.0 0.178799 0.037066 0.009475
42.0 0.170698 0.025861 0.013760
43.0 0.122182 0.016015 0.020821
44.0 0.047140 0.008856 0.030855
45.0 -0.039819 0.005423 0.043011
46.0 -0.124249 0.005766 0.055111
47.0 -0.191763 0.008551 0.064895
48.0 -0.227970 0.011444 0.070531
49.0 -0.218304 0.012390 0.070043
50.0 -0.165118 0.012346 0.060682
51.0 -0.082984 0.011539 0.046382
52.0 0.013245 0.004150 0.031440
53.0 0.109082 -0.006634 0.017972
54.0 0.189590 -0.018981 0.010734
55.0 0.238697 -0.032431 0.015347
56.0 0.228799 -0.037882 0.021167
57.0 0.139638 -0.010622 0.020055
58.0 0.016509 0.032720 0.006993
59.0 -0.092676 0.069353 -0.017341
"14.joint_Head"
"13.joint_Neck"
24 0.000000 0.000000 0.000000 0.000000 0.000000 0.000000
2
0.0 0.000000 0.645012 0.006349
59.0 0.000000 0.645012 0.006349
60
0.0 -0.137815 -0.128038 -0.012388
1.0 -0.154986 -0.117175 -0.016166
2.0 -0.160295 -0.102220 -0.017479
3.0 -0.154392 -0.083955 -0.017292
4.0 -0.133803 -0.063135 -0.016663
5.0 -0.092809 -0.039368 -0.016843
6.0 -0.039682 -0.013154 -0.018990
7.0 0.017151 0.005798 -0.022770
8.0 0.073107 0.016604 -0.027731
9.0 0.122711 0.020263 -0.033250
10.0 0.160293 0.017772 -0.038638
11.0 0.180337 0.010705 -0.043219
12.0 0.179342 0.010775 -0.045302
13.0 0.162795 0.015585 -0.043920
14.0 0.130924 0.023153 -0.040430
15.0 0.083338 0.032244 -0.035392
16.0 0.012243 0.041605 -0.029358
17.0 -0.102984 0.049972 -0.022870
18.0 -0.209163 0.056073 -0.016530
19.0 -0.244255 0.058644 -0.011100
20.0 -0.192275 0.056491 -0.007468
21.0 -0.095178 0.048582 -0.005454
22.0 0.014433 0.037697 -0.002755
23.0 0.103663 0.025767 0.000538
24.0 0.140396 0.013442 0.004066
25.0 0.132354 0.001408 0.007552
26.0 0.100308 -0.009626 0.010781
27.0 0.053384 -0.018922 0.013594
28.0 -0.015125 -0.025664 0.016233
29.0 -0.088794 -0.030241 0.018397
30.0 -0.139399 -0.033078 0.019252
31.0 -0.148482 -0.034653 0.018359
32.0 -0.131757 -0.034931 0.016171
33.0 -0.104203 -0.033647 0.013601
34.0 -0.069981 -0.030754 0.011229
35.0 -0.030464 -0.027033 0.005299
36.0 0.022525 -0.023832 -0.007898
37.0 0.079009 -0.020809 -0.020637
38.0 0.126654 -0.018411 -0.026022
39.0 0.156313 -0.016895 -0.027934
40.0 0.175097 -0.015912 -0.028431
41.0 0.181918 -0.015344 -0.027583
42.0 0.169448 -0.015088 -0.025441
43.0 0.120841 -0.015031 -0.022053
44.0 0.046198 -0.015033 -0.018389
45.0 -0.041782 -0.014972 -0.015365
46.0 -0.130257 -0.014761 -0.013263
47.0 -0.206393 -0.014326 -0.012369
48.0 -0.257212 -0.013493 -0.012154
49.0 -0.269881 -0.009176 -0.012135
50.0 -0.232210 -0.001988 -0.012399
51.0 -0.160670 0.006669 -0.013029
52.0 -0.076503 0.015481 -0.014052
53.0 -0.000885 0.023142 -0.015216
54.0 0.045042 0.028370 -0.015876
55.0 0.044309 0.029863 -0.016140
56.0 0.018415 0.022617 -0.015950
57.0 -0.019783 -0.013806 -0.014301
58.0 -0.063298 -0.064981 -0.011996
59.0 -0.105045 -0.110018 -0.010707
"16.joint_RightShoulder"
"11.joint_Torso2"
24 0.000000 0.000000 0.000000 0.000000 0.000000 0.000000
2
0.0 -0.789728 1.619490 -0.238217
59.0 -0.789728 1.619490 -0.238217
60
0.0 -0.118402 0.435545 -0.223403
1.0 -0.320557 0.402560 -0.514641
2.0 -0.535886 0.187577 -0.596953
3.0 -0.642125 0.028376 -0.614512
4.0 -0.594538 -0.181617 -0.595811
5.0 -0.489482 -0.426306 -0.625566
6.0 -0.326014 -0.584975 -0.795256
7.0 -0.153843 -0.594874 -1.034596
8.0 0.173597 -0.586120 -1.238466
9.0 0.589406 -0.589318 -1.426532
10.0 0.823931 -0.556630 -1.561921
11.0 0.870367 -0.523388 -1.616373
12.0 0.801328 -0.507388 -1.592371
13.0 0.727798 -0.537949 -1.481725
14.0 0.477021 -0.565292 -1.270913
15.0 0.085385 -0.526585 -1.042325
16.0 -0.385347 -0.391898 -0.902831
17.0 -0.612740 -0.267656 -0.837518
18.0 -0.524551 -0.154759 -0.777257
19.0 -0.457135 0.032949 -0.747955
20.0 -0.340728 0.201704 -0.615364
21.0 -0.127718 0.254559 -0.305271
22.0 0.144805 0.062269 -0.008912
23.0 0.364155 -0.253906 0.090204
24.0 0.554578 -0.385580 0.069190
25.0 0.666417 -0.310436 0.073375
26.0 0.704147 -0.166306 0.113751
27.0 0.650987 0.024131 0.150007
28.0 0.469206 0.282823 0.102300
29.0 0.107530 0.502464 -0.142155
30.0 -0.279600 0.462472 -0.464526
31.0 -0.475545 0.246708 -0.611967
32.0 -0.600895 0.074440 -0.644661
33.0 -0.738083 -0.052514 -0.629705
34.0 -0.734244 -0.202352 -0.612126
35.0 -0.563475 -0.370341 -0.661728
36.0 -0.309469 -0.463346 -0.820360
37.0 -0.008925 -0.459766 -0.998745
38.0 0.323692 -0.413305 -1.128655
39.0 0.626735 -0.359819 -1.230589
40.0 0.815303 -0.301843 -1.281545
41.0 0.895045 -0.264871 -1.277485
42.0 0.869506 -0.254828 -1.225274
43.0 0.691946 -0.244999 -1.128564
44.0 0.381371 -0.206336 -1.023918
45.0 0.001880 -0.148372 -0.956353
46.0 -0.241945 -0.155529 -0.911465
47.0 -0.437330 -0.150950 -0.835069
48.0 -0.528421 -0.111030 -0.707448
49.0 -0.560242 -0.006899 -0.540162
50.0 -0.416062 0.125981 -0.331102
51.0 -0.181888 0.236384 -0.106450
52.0 0.084091 0.119592 0.056489
53.0 0.318169 -0.112912 0.110767
54.0 0.507328 -0.333494 0.090014
55.0 0.597201 -0.458478 0.075142
56.0 0.526455 -0.400812 0.149146
57.0 0.404733 -0.103650 0.180934
58.0 0.229645 0.231909 0.067595
59.0 0.007398 0.403530 -0.122187
"18.joint_RightArm"
"16.joint_RightShoulder"
24 0.000000 0.000000 0.000000 0.000000 0.000000 0.000000
2
0.0 -0.352262 -0.165333 -0.009164
59.0 -0.352262 -0.165333 -0.009164
60
0.0 -0.000000 0.000000 0.383972
1.0 -0.000000 -0.000000 0.383972
2.0 -0.000000 -0.000000 0.383972
3.0 -0.000000 0.000000 0.383972
4.0 -0.000000 0.000000 0.383972
5.0 -0.000000 0.000000 0.383972
6.0 -0.000000 -0.000000 0.383972
7.0 -0.000000 0.000000 0.383972
8.0 -0.000000 -0.000000 0.383972
9.0 -0.000000 -0.000000 0.383972
10.0 -0.000000 -0.000000 0.383972
11.0 0.000000 0.000000 0.383972
12.0 -0.000000 0.000000 0.383972
13.0 -0.000000 -0.000000 0.383972
14.0 -0.000000 0.000000 0.383972
15.0 -0.000000 -0.000000 0.383972
16.0 -0.000000 0.000000 0.383972
17.0 -0.000000 0.000000 0.383972
18.0 -0.000000 0.000000 0.383972
19.0 -0.000000 0.000000 0.383972
20.0 -0.000000 0.000000 0.383972
21.0 -0.000000 0.000000 0.383972
22.0 -0.000000 0.000000 0.383972
23.0 -0.000000 0.000000 0.383972
24.0 -0.000000 -0.000000 0.383972
25.0 -0.000000 0.000000 0.383972
26.0 -0.000000 0.000000 0.383972
27.0 -0.000000 0.000000 0.383972
28.0 -0.000000 0.000000 0.383972
29.0 -0.000000 -0.000000 0.383972
30.0 -0.000000 -0.000000 0.383972
31.0 -0.000000 0.000000 0.383972
32.0 -0.000000 0.000000 0.383972
33.0 -0.000000 0.000000 0.383972
34.0 -0.000000 0.000000 0.383972
35.0 -0.000000 -0.000000 0.383972
36.0 -0.000000 -0.000000 0.383972
37.0 -0.000000 0.000000 0.383972
38.0 -0.000000 0.000000 0.383972
39.0 -0.000000 0.000000 0.383972
40.0 -0.000000 -0.000000 0.383972
41.0 -0.000000 0.000000 0.383972
42.0 -0.000000 -0.000000 0.383972
43.0 -0.000000 0.000000 0.383972
44.0 -0.000000 0.000000 0.383972
45.0 -0.000000 0.000000 0.383972
46.0 -0.000000 0.000000 0.383972
47.0 -0.000000 0.000000 0.383972
48.0 -0.000000 -0.000000 0.383972
49.0 -0.000000 0.000000 0.383972
50.0 -0.000000 0.000000 0.383972
51.0 -0.000000 0.000000 0.383972
52.0 -0.000000 -0.000000 0.383972
53.0 -0.000000 0.000000 0.383972
54.0 -0.000000 0.000000 0.383972
55.0 -0.000000 0.000000 0.383972
56.0 -0.000000 0.000000 0.383972
57.0 -0.000000 0.000000 0.383972
58.0 -0.000000 0.000000 0.383972
59.0 -0.000000 0.000000 0.383972
"19.joint_RightElbow"
"18.joint_RightArm"
24 0.000000 0.000000 0.000000 0.000000 0.000000 0.000000
2
0.0 -1.638191 -1.253511 -0.024869
59.0 -1.638191 -1.253511 -0.024869
60
0.0 -2.436944 0.520421 -1.255599
1.0 -2.254420 0.601421 -1.158147
2.0 -1.640311 0.723669 -0.771957
3.0 -1.040665 0.652672 -0.383744
4.0 -0.777740 0.556297 -0.233446
5.0 -0.584855 0.455046 -0.139580
6.0 -0.314600 0.267705 -0.042948
7.0 0.048227 -0.042716 -0.001047
8.0 0.048226 -0.042716 -0.001048
9.0 -0.235645 0.204080 -0.024431
10.0 -0.350638 0.295557 -0.052985
11.0 -0.321853 0.273374 -0.044891
12.0 -0.263053 0.226545 -0.030303
13.0 -0.422462 0.348573 -0.075777
14.0 -0.460375 0.375138 -0.089221
15.0 -0.317847 0.270245 -0.043813
16.0 0.048227 -0.042717 -0.001047
17.0 0.048227 -0.042716 -0.001048
18.0 -0.498794 0.401011 -0.103782
19.0 -0.970205 0.631244 -0.341514
20.0 -1.487562 0.723200 -0.670679
21.0 -1.907946 0.696114 -0.947100
22.0 -2.152189 0.636950 -1.098731
23.0 -2.282513 0.590456 -1.173930
24.0 -2.343592 0.564761 -1.207315
25.0 -2.374895 0.550586 -1.223897
26.0 -2.404513 0.536534 -1.239230
27.0 -2.430913 0.523475 -1.252589
28.0 -2.443340 0.517153 -1.258772
29.0 -2.390606 0.543209 -1.232074
30.0 -2.210642 0.617463 -1.133067
31.0 -1.825130 0.708601 -0.893550
32.0 -1.230659 0.695836 -0.502679
33.0 -0.656367 0.495769 -0.172365
34.0 -0.409529 0.339283 -0.071409
35.0 -0.373153 0.312544 -0.059741
36.0 -0.311884 0.265572 -0.042231
37.0 -0.287076 0.245911 -0.035941
38.0 -0.421938 0.348199 -0.075597
39.0 -0.514045 0.410984 -0.109815
40.0 -0.463144 0.377039 -0.090240
41.0 -0.429033 0.353249 -0.078040
42.0 -0.487283 0.393370 -0.099324
43.0 -0.446783 0.365732 -0.084294
44.0 -0.247673 0.213984 -0.026934
45.0 0.048227 -0.042717 -0.001048
46.0 0.048227 -0.042716 -0.001048
47.0 -0.164761 0.144388 -0.012090
48.0 -0.645393 0.489765 -0.167167
49.0 -1.129309 0.675382 -0.438434
50.0 -1.710508 0.719986 -0.818376
51.0 -2.072782 0.660017 -1.050720
52.0 -2.260326 0.599160 -1.161486
53.0 -2.376819 0.549693 -1.224904
54.0 -2.437216 0.520283 -1.255733
55.0 -2.455391 0.510915 -1.264703
56.0 -2.448970 0.514252 -1.261552
57.0 -2.430967 0.523448 -1.252616
58.0 -2.416040 0.530892 -1.245099
59.0 -2.416672 0.530583 -1.245420
"20.joint_RightWrist"
"19.joint_RightElbow"
24 0.000000 0.000000 0.000000 0.000000 0.000000 0.000000
2
0.0 -1.770166 -1.373888 0.032940
59.0 -1.770166 -1.373888 0.032940
60
0.0 -0.137218 -0.379470 -0.032709
1.0 -0.294600 -0.510547 -0.150476
2.0 -0.615921 -0.504238 0.092004
3.0 -0.760192 -0.385594 0.211785
4.0 -0.759646 -0.327344 0.251334
5.0 -0.735788 -0.293488 0.271721
6.0 -0.801047 -0.266389 0.277709
7.0 -0.962307 -0.224758 0.304798
8.0 -0.984414 -0.446972 0.331448
9.0 -0.837829 -0.868112 0.255885
10.0 -0.638473 -1.156208 0.085391
11.0 -0.276304 -1.326618 -0.276913
12.0 0.472277 -1.387802 -1.053219
13.0 1.284738 -1.211714 -1.911117
14.0 1.079402 -1.240100 -1.679622
15.0 -0.213258 -1.268881 -0.302589
16.0 -0.955739 -0.717537 0.497418
17.0 -1.093891 -0.386357 0.653211
18.0 -1.139834 -0.645483 0.608114
19.0 -0.990890 -0.937740 0.298991
20.0 -0.330401 -1.012203 -0.424834
21.0 0.109318 -0.706158 -0.771293
22.0 0.146726 -0.414330 -0.638135
23.0 0.055338 -0.257196 -0.426426
24.0 -0.042248 -0.152958 -0.396609
25.0 -0.093703 -0.062988 -0.508680
26.0 -0.145094 0.015794 -0.564805
27.0 -0.179799 0.051956 -0.417755
28.0 -0.160808 -0.038777 -0.222902
29.0 -0.204463 -0.263372 -0.130554
30.0 -0.357340 -0.465222 -0.105343
31.0 -0.577078 -0.549556 0.000277
32.0 -0.757101 -0.486387 0.147959
33.0 -0.818821 -0.341743 0.219858
34.0 -0.789861 -0.284767 0.214984
35.0 -0.751323 -0.351988 0.196325
36.0 -0.808707 -0.455999 0.207970
37.0 -0.903034 -0.626735 0.245935
38.0 -0.933578 -0.935021 0.243147
39.0 -1.075878 -1.184600 0.360851
40.0 -1.521096 -1.291751 0.795457
41.0 -2.189149 -1.365477 1.459857
42.0 2.815987 -1.344181 2.710410
43.0 2.450092 -1.235709 3.050442
44.0 -2.960733 -1.397664 2.220617
45.0 -1.516598 -0.995968 0.851335
46.0 -1.305769 -0.576635 0.717399
47.0 -1.213267 -0.439302 0.685926
48.0 -1.048707 -0.688081 0.549646
49.0 -0.613800 -0.898884 0.138356
50.0 0.001105 -0.841008 -0.430387
51.0 0.273587 -0.563157 -0.670165
52.0 0.256061 -0.367703 -0.610162
53.0 0.147524 -0.249845 -0.482316
54.0 0.010488 -0.162643 -0.361818
55.0 -0.080663 -0.095205 -0.275053
56.0 -0.072947 -0.038635 -0.234789
57.0 -0.054226 -0.037216 -0.223258
58.0 -0.060796 -0.138020 -0.190983
59.0 -0.113833 -0.284623 -0.093681
"22.joint_LeftShoulder"
"11.joint_Torso2"
24 0.000000 0.000000 0.000000 0.000000 0.000000 0.000000
2
0.0 0.761909 1.603818 -0.238211
59.0 0.761909 1.603818 -0.238211
60
0.0 -0.229756 -0.390268 0.375811
1.0 -0.487995 -0.289316 0.370987
2.0 -0.674967 -0.186683 0.364058
3.0 -0.669942 0.013586 0.351841
4.0 -0.585735 0.266245 0.433231
5.0 -0.452186 0.398577 0.630174
6.0 -0.120773 0.473459 0.808438
7.0 0.267112 0.518545 0.986965
8.0 0.549278 0.502216 1.131953
9.0 0.728099 0.460543 1.211838
10.0 1.015665 0.465617 1.301791
11.0 1.140866 0.452902 1.321039
12.0 1.031443 0.428836 1.242227
13.0 0.855170 0.413242 1.119943
14.0 0.587871 0.369685 0.958946
15.0 0.266803 0.267178 0.830646
16.0 -0.064571 0.173377 0.777262
17.0 -0.175138 0.183816 0.739187
18.0 -0.222560 0.184775 0.676836
19.0 -0.230848 0.156523 0.565270
20.0 -0.161639 0.139189 0.373943
21.0 -0.005148 0.157017 0.158056
22.0 0.165811 0.334479 -0.008869
23.0 0.325091 0.538931 -0.058031
24.0 0.446503 0.582606 -0.051098
25.0 0.504960 0.503561 -0.067138
26.0 0.512171 0.373128 -0.104442
27.0 0.470470 0.200945 -0.138020
28.0 0.398878 -0.125525 -0.085718
29.0 0.140085 -0.441614 0.145028
30.0 -0.222233 -0.433435 0.398819
31.0 -0.467094 -0.214371 0.447521
32.0 -0.669656 -0.057830 0.461135
33.0 -0.852535 0.050094 0.528163
34.0 -0.896181 0.153954 0.633792
35.0 -0.597739 0.316103 0.712325
36.0 -0.128454 0.470298 0.838594
37.0 0.414265 0.573610 1.008622
38.0 0.843809 0.583785 1.170971
39.0 1.104725 0.544357 1.257571
40.0 1.187115 0.496761 1.264545
41.0 1.187999 0.470961 1.236470
42.0 1.096622 0.480876 1.182619
43.0 0.838327 0.518031 1.084264
44.0 0.432901 0.557180 0.954723
45.0 -0.078253 0.462703 0.828278
46.0 -0.257617 0.318985 0.779674
47.0 -0.343085 0.257900 0.741174
48.0 -0.304312 0.266735 0.659141
49.0 -0.269252 0.223872 0.550601
50.0 -0.183748 0.152979 0.401824
51.0 -0.047214 0.142020 0.210027
52.0 0.121129 0.263363 0.055872
53.0 0.276101 0.428138 -0.038077
54.0 0.373038 0.564219 -0.083010
55.0 0.373327 0.604773 -0.130940
56.0 0.333719 0.580487 -0.182640
57.0 0.230299 0.527380 -0.252336
58.0 0.111517 0.301310 -0.250667
59.0 0.024824 -0.242056 0.101447
"24.joint_LeftArm"
"22.joint_LeftShoulder"
24 0.000000 0.000000 0.000000 0.000000 0.000000 0.000000
2
0.0 0.385820 -0.165332 -0.009181
59.0 0.385820 -0.165332 -0.009181
60
0.0 0.000000 0.000000 -0.383972
1.0 0.000000 -0.000000 -0.383972
2.0 0.000000 0.000000 -0.383972
3.0 0.000000 0.000000 -0.383973
4.0 0.000000 0.000000 -0.383973
5.0 0.000000 0.000000 -0.383972
6.0 0.000000 0.000000 -0.383973
7.0 0.000000 0.000000 -0.383972
8.0 0.000000 0.000000 -0.383973
9.0 0.000000 0.000000 -0.383972
10.0 0.000000 0.000000 -0.383972
11.0 0.000000 0.000000 -0.383972
12.0 0.000000 -0.000000 -0.383972
13.0 0.000000 -0.000000 -0.383972
14.0 0.000000 -0.000000 -0.383972
15.0 0.000000 0.000000 -0.383972
16.0 0.000000 0.000000 -0.383972
17.0 0.000000 0.000000 -0.383973
18.0 0.000000 -0.000000 -0.383972
19.0 0.000000 0.000000 -0.383973
20.0 0.000000 0.000000 -0.383972
21.0 0.000000 0.000000 -0.383972
22.0 0.000000 0.000000 -0.383972
23.0 0.000000 0.000000 -0.383972
24.0 0.000000 0.000000 -0.383972
25.0 0.000000 0.000000 -0.383972
26.0 0.000000 0.000000 -0.383972
27.0 0.000000 0.000000 -0.383972
28.0 0.000000 0.000000 -0.383972
29.0 0.000000 0.000000 -0.383972
30.0 0.000000 0.000000 -0.383972
31.0 0.000000 -0.000000 -0.383972
32.0 0.000000 -0.000000 -0.383972
33.0 0.000000 -0.000000 -0.383972
34.0 0.000000 -0.000000 -0.383972
35.0 0.000000 -0.000000 -0.383972
36.0 0.000000 -0.000000 -0.383973
37.0 0.000000 0.000000 -0.383972
38.0 0.000000 0.000000 -0.383972
39.0 0.000000 0.000000 -0.383972
40.0 0.000000 0.000000 -0.383972
41.0 0.000000 0.000000 -0.383972
42.0 0.000000 -0.000000 -0.383973
43.0 0.000000 0.000000 -0.383972
44.0 0.000000 0.000000 -0.383972
45.0 0.000000 0.000000 -0.383972
46.0 0.000000 0.000000 -0.383972
47.0 0.000000 -0.000000 -0.383973
48.0 0.000000 0.000000 -0.383973
49.0 0.000000 0.000000 -0.383972
50.0 0.000000 -0.000000 -0.383972
51.0 0.000000 0.000000 -0.383972
52.0 0.000000 0.000000 -0.383972
53.0 0.000000 -0.000000 -0.383972
54.0 0.000000 -0.000000 -0.383972
55.0 0.000000 0.000000 -0.383972
56.0 0.000000 -0.000000 -0.383972
57.0 0.000000 0.000000 -0.383973
58.0 0.000000 -0.000000 -0.383972
59.0 0.000000 -0.000000 -0.383972
"25.joint_LeftElbow"
"24.joint_LeftArm"
24 0.000000 0.000000 0.000000 0.000000 0.000000 0.000000
2
0.0 1.638192 -1.253510 -0.024858
59.0 1.638192 -1.253510 -0.024858
60
0.0 -2.349555 -0.660128 1.371380
1.0 -1.917401 -0.797886 1.080463
2.0 -1.305230 -0.810513 0.633015
3.0 -1.020127 -0.748351 0.431923
4.0 -0.709594 -0.617267 0.234724
5.0 -0.340175 -0.348578 0.060241
6.0 -0.367003 -0.372583 0.069693
7.0 -0.472077 -0.459916 0.112199
8.0 -0.412202 -0.411477 0.086946
9.0 -0.309061 -0.319915 0.050048
10.0 -0.481188 -0.466974 0.116267
11.0 -0.549881 -0.517521 0.148721
12.0 -0.491835 -0.475117 0.121094
13.0 -0.499705 -0.481063 0.124710
14.0 -0.437665 -0.432511 0.097363
15.0 -0.275000 -0.287564 0.039877
16.0 -0.081868 -0.088826 0.003568
17.0 -0.283577 -0.295804 0.042339
18.0 -0.608031 -0.556662 0.178459
19.0 -1.009116 -0.744936 0.424450
20.0 -1.507020 -0.827350 0.780589
21.0 -1.928249 -0.795900 1.088219
22.0 -2.169886 -0.733087 1.255904
23.0 -2.318625 -0.674491 1.352248
24.0 -2.414854 -0.627148 1.410555
25.0 -2.475595 -0.593075 1.445344
26.0 -2.508225 -0.573368 1.463302
27.0 -2.527053 -0.561536 1.473414
28.0 -2.533634 -0.557320 1.476905
29.0 -2.475156 -0.593335 1.445100
30.0 -2.281146 -0.690853 1.328613
31.0 -1.821623 -0.812599 1.011408
32.0 -1.074218 -0.763956 0.469026
33.0 -0.380875 -0.384730 0.074815
34.0 0.039548 0.043028 0.000851
35.0 0.039547 0.043028 0.000852
36.0 -0.110309 -0.119322 0.006507
37.0 -0.389660 -0.392326 0.078137
38.0 -0.531859 -0.504716 0.139914
39.0 -0.553165 -0.519819 0.150347
40.0 -0.482553 -0.468023 0.116881
41.0 -0.492319 -0.475484 0.121316
42.0 -0.584143 -0.540981 0.166007
43.0 -0.561964 -0.525925 0.154737
44.0 -0.372537 -0.377451 0.071717
45.0 0.039547 0.043028 0.000851
46.0 0.039548 0.043028 0.000852
47.0 -0.134507 -0.145024 0.009682
48.0 -0.607102 -0.556060 0.177969
49.0 -1.107033 -0.772505 0.491820
50.0 -1.619079 -0.827813 0.863106
51.0 -1.981424 -0.785176 1.126001
52.0 -2.171469 -0.732547 1.256963
53.0 -2.293778 -0.685464 1.336633
54.0 -2.371178 -0.649613 1.384540
55.0 -2.430122 -0.618898 1.419458
56.0 -2.480309 -0.590290 1.447972
57.0 -2.515730 -0.568691 1.467357
58.0 -2.534442 -0.556800 1.477333
59.0 -2.497338 -0.580054 1.457371
"26.joint_LeftWrist"
"25.joint_LeftElbow"
24 0.000000 0.000000 0.000000 0.000000 0.000000 0.000000
2
0.0 1.639729 -1.373889 0.032934
59.0 1.639729 -1.373889 0.032934
60
0.0 -0.643891 0.601249 -0.230499
1.0 -0.803516 0.549688 -0.450454
2.0 -0.859788 0.429461 -0.556533
3.0 -0.866289 0.386923 -0.613640
4.0 -0.905809 0.285905 -0.679443
5.0 -0.967989 0.141810 -0.682050
6.0 -1.027592 0.320056 -0.631540
7.0 -1.070787 0.559538 -0.589753
8.0 -1.123626 0.663298 -0.583757
9.0 -1.169894 0.805642 -0.565524
10.0 -1.164519 1.103526 -0.514560
11.0 -1.128491 1.337379 -0.427092
12.0 -0.255661 1.525097 0.496854
13.0 1.524406 1.376085 2.329318
14.0 1.578922 1.412304 2.400662
15.0 -1.575276 1.433979 -0.766724
16.0 -1.487165 0.976846 -0.698978
17.0 -1.436530 0.814585 -0.647421
18.0 -1.363250 0.768785 -0.555107
19.0 -1.165119 0.807537 -0.371988
20.0 -0.724054 0.867240 -0.008374
21.0 -0.261302 0.760229 0.370418
22.0 -0.083984 0.560042 0.413211
23.0 -0.051469 0.416992 0.328380
24.0 -0.035331 0.352098 0.268523
25.0 -0.058263 0.351014 0.157687
26.0 -0.148308 0.362982 -0.015717
27.0 -0.256499 0.366624 -0.196551
28.0 -0.335535 0.393608 -0.190557
29.0 -0.449672 0.496332 -0.110694
30.0 -0.687138 0.567894 -0.244569
31.0 -0.913700 0.471668 -0.520794
32.0 -0.969208 0.267555 -0.668220
33.0 -0.951889 -0.002318 -0.695769
34.0 -0.964477 -0.210673 -0.661009
35.0 -1.002955 -0.110730 -0.630718
36.0 -1.056494 0.102809 -0.605795
37.0 -1.094167 0.448819 -0.556194
38.0 -1.139387 0.690981 -0.509462
39.0 -1.201890 0.884771 -0.488041
40.0 -1.283933 1.074242 -0.505054
41.0 -1.324504 1.360167 -0.497441
42.0 1.506377 1.407331 2.375524
43.0 1.495498 1.125119 2.400005
44.0 1.288920 1.112253 2.190913
45.0 -0.009460 1.380329 0.860277
46.0 -1.058063 1.271876 -0.254040
47.0 -1.237579 1.089993 -0.466167
48.0 -1.121843 1.093478 -0.366072
49.0 -0.927382 1.057235 -0.177029
50.0 -0.547295 1.019926 0.180936
51.0 -0.167268 0.868159 0.502712
52.0 -0.045689 0.671878 0.550444
53.0 -0.016514 0.492069 0.513320
54.0 -0.023064 0.369095 0.408772
55.0 -0.020961 0.337558 0.223041
56.0 -0.090059 0.377221 -0.062948
57.0 -0.242438 0.416861 -0.425796
58.0 -0.373382 0.470729 -0.621772
59.0 -0.471176 0.550656 -0.286716
