Bones: 19
"12.joint_HipMaster"
""
24 0.000000 0.000000 0.000000 0.000000 0.000000 0.000000
60
0.0 0.453039 8.207175 0.000024
1.0 0.491244 8.373490 0.000024
2.0 0.507084 8.502287 0.000024
3.0 0.503435 8.594220 0.000024
4.0 0.483175 8.649945 0.000024
5.0 0.449181 8.670117 0.000024
6.0 0.404331 8.645294 0.000024
7.0 0.351503 8.569339 0.000024
8.0 0.293573 8.456582 0.000024
9.0 0.233419 8.321528 0.000024
10.0 0.173918 8.178681 0.000024
11.0 0.117949 8.042543 0.000024
12.0 0.068388 7.927618 0.000024
13.0 0.028113 7.848409 0.000024
14.0 -0.000000 7.819418 0.000024
15.0 -0.015828 7.849516 0.000024
16.0 -0.022664 7.914194 0.000024
17.0 -0.022757 7.977890 0.000024
18.0 -0.018356 8.005043 0.000024
19.0 -0.011706 7.970270 0.000024
20.0 -0.005057 7.897756 0.000024
21.0 -0.000655 7.826292 0.000024
22.0 -0.000000 7.794668 0.000024
23.0 -0.000000 7.795834 0.000024
24.0 -0.000000 7.798742 0.000024
25.0 -0.000000 7.806179 0.000024
26.0 -0.000000 7.820933 0.000024
27.0 -0.000000 7.845793 0.000024
28.0 -0.000000 7.883545 0.000024
29.0 -0.000000 7.936980 0.000024
30.0 -0.000938 8.036053 0.000024
31.0 -0.003476 8.185398 0.000024
32.0 -0.007194 8.349827 0.000024
33.0 -0.011678 8.494148 0.000024
34.0 -0.016508 8.583171 0.000024
35.0 -0.021270 8.588832 0.000024
36.0 -0.025544 8.536835 0.000024
37.0 -0.028915 8.445460 0.000024
38.0 -0.030966 8.327871 0.000024
39.0 -0.031279 8.197231 0.000024
40.0 -0.029437 8.066708 0.000024
41.0 -0.025023 7.949466 0.000024
42.0 -0.017620 7.858668 0.000024
43.0 -0.006812 7.807481 0.000024
44.0 0.007354 7.808124 0.000024
45.0 0.022426 7.852095 0.000024
46.0 0.038171 7.910743 0.000024
47.0 0.054807 7.954579 0.000024
48.0 0.072557 7.955260 0.000024
49.0 0.091643 7.912483 0.000024
50.0 0.112285 7.855000 0.000024
51.0 0.134704 7.812911 0.000024
52.0 0.159124 7.808281 0.000024
53.0 0.185764 7.812115 0.000024
54.0 0.214848 7.818587 0.000024
55.0 0.246595 7.828682 0.000024
56.0 0.281228 7.843386 0.000024
57.0 0.318966 7.863688 0.000024
58.0 0.360034 7.890574 0.000024
59.0 0.404651 8.027359 0.000024
60
0.0 -3.029606 0.176272 3.136573
1.0 -3.036424 0.220306 -3.115334
2.0 -3.054008 0.258857 -3.081730
3.0 -3.078051 0.292361 -3.047156
4.0 -3.104246 0.321248 -3.012968
5.0 -3.128287 0.346415 -2.980523
6.0 3.137316 0.369123 -2.951174
7.0 3.130385 0.388374 -2.926284
8.0 3.132119 0.403018 -2.907202
9.0 3.139089 0.411901 -2.895292
10.0 -3.133301 0.412581 -2.891903
11.0 -3.120089 0.399621 -2.899966
12.0 -3.105871 0.379404 -2.919801
13.0 -3.092061 0.359992 -2.948857
14.0 -3.080065 0.349441 -2.984578
15.0 -3.071297 0.353171 -3.024411
16.0 -3.067634 0.365730 -3.065803
17.0 -3.071433 0.378870 -3.106201
18.0 -3.079811 0.384345 3.140135
19.0 -3.089209 0.374514 3.109384
20.0 -3.096066 0.350016 3.087288
21.0 -3.096825 0.316637 3.076372
22.0 -3.087926 0.280142 3.076864
23.0 -3.065769 0.245551 3.085793
24.0 -3.032300 0.211635 3.099979
25.0 -2.992281 0.176952 3.116239
26.0 -2.950472 0.140522 3.131392
27.0 -2.911636 0.101366 -3.140928
28.0 -2.880533 0.058505 -3.137532
29.0 -2.861925 0.010960 3.138399
30.0 -2.859566 -0.041615 3.117682
31.0 -2.869432 -0.095794 3.085251
32.0 -2.888294 -0.150371 3.044743
33.0 -2.913626 -0.204701 2.999804
34.0 -2.942901 -0.258141 2.954076
35.0 -2.973594 -0.310050 2.911201
36.0 -3.003180 -0.359782 2.874823
37.0 -3.029131 -0.406696 2.848583
38.0 -3.048923 -0.450149 2.836127
39.0 -3.060029 -0.489498 2.840783
40.0 -3.059818 -0.524099 2.861711
41.0 -3.048393 -0.553310 2.895573
42.0 -3.031465 -0.576488 2.939055
43.0 -3.015215 -0.592989 2.988836
44.0 -3.005825 -0.602171 3.041605
45.0 -3.009117 -0.603390 3.094043
46.0 -3.024703 -0.593827 -3.140350
47.0 -3.047045 -0.572037 -3.098520
48.0 -3.070469 -0.539439 -3.066970
49.0 -3.089302 -0.497456 -3.049014
50.0 -3.097872 -0.447507 -3.048489
51.0 -3.097213 -0.391012 -3.067962
52.0 -3.092752 -0.329393 -3.101367
53.0 -3.085401 -0.264072 3.141498
54.0 -3.076070 -0.196468 3.101276
55.0 -3.065673 -0.128000 3.068171
56.0 -3.055120 -0.060093 3.049200
57.0 -3.045327 0.005836 3.051909
58.0 -3.037201 0.068365 3.073272
59.0 -3.031657 0.126073 3.104443
"28.joint_RightHip"
"12.joint_HipMaster"
24 0.000000 0.000000 0.000000 0.000000 0.000000 0.000000
2
0.0 -0.898730 -0.727985 -0.131171
59.0 -0.898730 -0.727985 -0.131171
60
0.0 -0.249208 0.218217 -0.080009
1.0 -0.149907 0.222171 -0.049137
2.0 -0.059356 0.204143 -0.016414
3.0 -0.021666 0.168123 0.015034
4.0 -0.034409 0.119955 0.042125
5.0 -0.044396 0.067703 0.063118
6.0 -0.048742 0.020855 0.077981
7.0 -0.062946 -0.013088 0.087689
8.0 -0.091430 -0.027772 0.092839
9.0 -0.132156 -0.020196 0.092343
10.0 -0.183839 -0.003999 0.083619
11.0 -0.247261 0.009136 0.064227
12.0 -0.320153 0.019205 0.034679
13.0 -0.389975 0.030631 -0.001704
14.0 -0.448455 0.048055 -0.035709
15.0 -0.490399 0.074663 -0.060118
16.0 -0.516489 0.108967 -0.075492
17.0 -0.528075 0.147211 -0.082454
18.0 -0.523724 0.184034 -0.081515
19.0 -0.510879 0.214514 -0.074333
20.0 -0.499254 0.230694 -0.063415
21.0 -0.496536 0.226586 -0.052592
22.0 -0.511205 0.206222 -0.048887
23.0 -0.547728 0.171006 -0.061238
24.0 -0.589070 0.107443 -0.086554
25.0 -0.611605 0.026108 -0.116762
26.0 -0.588465 -0.053755 -0.145757
27.0 -0.511741 -0.110375 -0.174847
28.0 -0.422099 -0.126773 -0.214921
29.0 -0.345764 -0.112422 -0.267431
30.0 -0.225142 -0.080474 -0.321664
31.0 -0.139213 -0.037699 -0.364865
32.0 -0.083688 0.008655 -0.393984
33.0 -0.019835 0.051644 -0.412005
34.0 0.048731 0.084175 -0.418755
35.0 -0.004998 0.097846 -0.417313
36.0 -0.024652 0.082244 -0.411386
37.0 -0.034701 0.049989 -0.401909
38.0 -0.047266 0.012356 -0.385552
39.0 -0.072695 -0.031596 -0.356107
40.0 -0.115341 -0.080292 -0.312205
41.0 -0.173590 -0.129084 -0.255156
42.0 -0.237795 -0.171265 -0.187954
43.0 -0.295881 -0.201559 -0.116067
44.0 -0.334356 -0.218081 -0.046530
45.0 -0.344771 -0.223537 0.015931
46.0 -0.331288 -0.218690 0.067424
47.0 -0.306311 -0.204372 0.106436
48.0 -0.285333 -0.182572 0.132303
49.0 -0.276538 -0.155459 0.143552
50.0 -0.278158 -0.124029 0.136803
51.0 -0.282059 -0.089289 0.108004
52.0 -0.280476 -0.052022 0.062248
53.0 -0.284372 -0.013109 0.006879
54.0 -0.296118 0.026065 -0.050497
55.0 -0.314293 0.064123 -0.101677
56.0 -0.335473 0.100392 -0.137814
57.0 -0.353977 0.135483 -0.148933
58.0 -0.363989 0.168902 -0.137246
59.0 -0.326808 0.197972 -0.111133
"29.!joint_RightKnee"
"28.joint_RightHip"
24 0.000000 0.000000 0.000000 0.000000 0.000000 0.000000
2
0.0 -0.133782 -2.906913 -0.240881
59.0 -0.133782 -2.906913 -0.240881
60
0.0 0.434322 -0.000000 0.000000
1.0 0.242264 -0.000000 0.000000
2.0 0.093868 0.000000 0.000000
3.0 0.066361 -0.000000 0.000000
4.0 0.143576 0.000000 0.000000
5.0 0.208009 -0.000000 0.000000
6.0 0.244421 -0.000000 0.000000
7.0 0.275009 0.000000 0.000000
8.0 0.313607 -0.000000 0.000000
9.0 0.364476 -0.000000 0.000000
10.0 0.429287 0.000000 0.000000
11.0 0.508999 -0.000000 0.000000
12.0 0.600307 -0.000000 0.000000
13.0 0.685181 -0.000000 0.000000
14.0 0.755683 -0.000000 0.000000
15.0 0.806104 -0.000000 0.000000
16.0 0.841157 -0.000001 -0.000000
17.0 0.870275 -0.000000 0.000000
18.0 0.885969 -0.000000 0.000000
19.0 0.896017 -0.000000 0.000000
20.0 0.909279 -0.000000 0.000000
21.0 0.928417 -0.000001 0.000001
22.0 0.956714 -0.000000 0.000000
23.0 0.990091 -0.000000 0.000000
24.0 1.002203 -0.000000 0.000000
25.0 0.961178 -0.000000 0.000000
26.0 0.827239 -0.000000 0.000000
27.0 0.599411 -0.000000 0.000000
28.0 0.376366 -0.000000 0.000000
29.0 0.225197 -0.000000 -0.000000
30.0 0.036409 -0.000000 0.000000
31.0 -0.047763 0.000000 -0.000000
32.0 -0.047762 -0.000000 -0.000000
33.0 -0.047763 0.000000 0.000000
34.0 -0.047762 0.000000 -0.000000
35.0 0.201823 -0.000000 0.000000
36.0 0.375199 -0.000000 0.000000
37.0 0.511282 0.000000 0.000000
38.0 0.624278 -0.000000 0.000000
39.0 0.720821 0.000000 0.000000
40.0 0.800242 -0.000000 0.000000
41.0 0.859577 -0.000000 0.000000
42.0 0.894817 -0.000000 0.000001
43.0 0.902040 -0.000000 0.000000
44.0 0.877287 -0.000000 0.000000
45.0 0.824440 -0.000000 0.000000
46.0 0.759507 -0.000000 0.000000
47.0 0.702100 -0.000000 0.000000
48.0 0.675890 -0.000000 0.000000
49.0 0.686486 -0.000000 0.000000
50.0 0.716444 -0.000000 0.000000
51.0 0.746945 -0.000000 0.000000
52.0 0.760874 -0.000000 0.000000
53.0 0.772025 -0.000000 0.000000
54.0 0.779816 -0.000000 0.000000
55.0 0.780607 -0.000000 0.000000
56.0 0.771944 -0.000000 0.000000
57.0 0.751734 -0.000000 0.000000
58.0 0.721086 -0.000000 0.000000
59.0 0.608635 -0.000000 0.000000
"30.!joint_RightFoot"
"29.!joint_RightKnee"
24 0.000000 0.000000 0.000000 0.000000 0.000000 0.000000
2
0.0 -0.030686 -3.844475 -0.525004
59.0 -0.030686 -3.844475 -0.525004
60
0.0 -0.216737 -0.218784 0.024396
1.0 -0.096347 -0.174978 0.001138
2.0 0.022286 -0.113189 -0.010019
3.0 0.090058 -0.040769 -0.008892
4.0 0.104992 0.035743 -0.008071
5.0 0.114566 0.109302 -0.012916
6.0 0.126357 0.171903 -0.019704
7.0 0.137373 0.215411 -0.026766
8.0 0.140367 0.232001 -0.033624
9.0 0.132162 0.216506 -0.040633
10.0 0.108853 0.177170 -0.054107
11.0 0.073605 0.116909 -0.069047
12.0 0.033021 0.044467 -0.080627
13.0 -0.001895 -0.031801 -0.086041
14.0 -0.027170 -0.105152 -0.091599
15.0 -0.039508 -0.169027 -0.103096
16.0 -0.041142 -0.219682 -0.115733
17.0 -0.024465 -0.210023 -0.096880
18.0 0.006399 -0.120309 -0.093864
19.0 0.020574 -0.143308 -0.100819
20.0 0.011584 -0.309214 -0.118287
21.0 -0.013763 -0.480619 -0.134780
22.0 -0.027263 -0.534564 -0.146141
23.0 -0.023721 -0.456410 -0.119634
24.0 -0.013263 -0.322321 -0.065260
25.0 -0.035654 -0.241958 0.001396
26.0 -0.104151 -0.254150 0.030129
27.0 -0.147844 -0.276612 0.027867
28.0 -0.156511 -0.277371 0.018218
29.0 -0.116282 -0.264678 0.015374
30.0 0.001267 -0.243468 0.008555
31.0 0.080291 -0.222800 0.005999
32.0 0.112151 -0.217589 0.002996
33.0 0.119071 -0.246068 -0.002339
34.0 0.112370 -0.297567 -0.007519
35.0 -0.032100 -0.331772 0.031943
36.0 -0.140290 -0.337560 0.061204
37.0 -0.229925 -0.330086 0.081710
38.0 -0.307478 -0.322099 0.096982
39.0 -0.373459 -0.315974 0.104291
40.0 -0.425907 -0.314202 0.102907
41.0 -0.462508 -0.318423 0.093089
42.0 -0.482272 -0.328610 0.076890
43.0 -0.485165 -0.343175 0.057295
44.0 -0.470306 -0.360102 0.035162
45.0 -0.440222 -0.377070 0.009156
46.0 -0.404072 -0.392408 -0.017907
47.0 -0.372582 -0.405795 -0.041939
48.0 -0.359120 -0.418147 -0.057248
49.0 -0.366622 -0.428703 -0.062110
50.0 -0.384465 -0.435606 -0.059971
51.0 -0.401974 -0.437262 -0.054409
52.0 -0.409568 -0.433122 -0.049739
53.0 -0.415173 -0.423806 -0.043303
54.0 -0.418212 -0.409707 -0.035953
55.0 -0.416442 -0.391350 -0.029198
56.0 -0.410885 -0.363519 -0.012772
57.0 -0.399239 -0.327336 0.012485
58.0 -0.380053 -0.288265 0.036965
59.0 -0.314648 -0.251762 0.041607
"32.joint_LeftHip"
"12.joint_HipMaster"
24 0.000000 0.000000 0.000000 0.000000 0.000000 0.000000
2
0.0 0.829650 -0.727986 -0.131174
59.0 0.829650 -0.727986 -0.131174
60
0.0 -0.355598 0.197317 0.143091
1.0 -0.264304 0.161348 0.198763
2.0 -0.162794 0.106753 0.245022
3.0 -0.058778 0.040062 0.278679
4.0 0.040333 -0.030456 0.298602
5.0 0.126087 -0.095549 0.306258
6.0 0.181798 -0.146454 0.305600
7.0 0.199524 -0.177673 0.301901
8.0 0.192238 -0.186610 0.298972
9.0 0.164457 -0.172782 0.298400
10.0 0.119022 -0.144243 0.297145
11.0 0.057029 -0.113289 0.289152
12.0 -0.008893 -0.081833 0.269678
13.0 -0.063672 -0.051058 0.237769
14.0 -0.097661 -0.022301 0.194173
15.0 -0.103673 0.001068 0.141522
16.0 -0.086521 0.008524 0.084273
17.0 -0.055084 -0.000430 0.028485
18.0 -0.030539 -0.018351 -0.020265
19.0 -0.037515 -0.036680 -0.057517
20.0 -0.066708 -0.041520 -0.079803
21.0 -0.099880 -0.033468 -0.086283
22.0 -0.127862 -0.029787 -0.081023
23.0 -0.160853 -0.040904 -0.070644
24.0 -0.208493 -0.080326 -0.057487
25.0 -0.264131 -0.134868 -0.039374
26.0 -0.321574 -0.177376 -0.016642
27.0 -0.374113 -0.191321 0.004695
28.0 -0.415448 -0.197513 0.019047
29.0 -0.439054 -0.201028 0.021979
30.0 -0.427689 -0.203927 0.010494
31.0 -0.386128 -0.200348 -0.014303
32.0 -0.328904 -0.178659 -0.049868
33.0 -0.262014 -0.142463 -0.089736
34.0 -0.194782 -0.100899 -0.126904
35.0 -0.140243 -0.064721 -0.156178
36.0 -0.107734 -0.044572 -0.175042
37.0 -0.100487 -0.043363 -0.182709
38.0 -0.118868 -0.042668 -0.176672
39.0 -0.163940 -0.040771 -0.154428
40.0 -0.234976 -0.036836 -0.118132
41.0 -0.325067 -0.028806 -0.072975
42.0 -0.417482 -0.011399 -0.029514
43.0 -0.496479 0.017113 0.003365
44.0 -0.548281 0.053087 0.024427
45.0 -0.566201 0.091536 0.037609
46.0 -0.554550 0.131342 0.046044
47.0 -0.521405 0.170831 0.051573
48.0 -0.480828 0.189158 0.056289
49.0 -0.445391 0.184357 0.056371
50.0 -0.419891 0.168430 0.045608
51.0 -0.401576 0.151162 0.022427
52.0 -0.386364 0.139942 -0.007270
53.0 -0.383018 0.138031 -0.039394
54.0 -0.391823 0.146847 -0.066971
55.0 -0.409412 0.161392 -0.082581
56.0 -0.430910 0.178984 -0.078538
57.0 -0.449911 0.196971 -0.046281
58.0 -0.456928 0.210084 0.010442
59.0 -0.421421 0.212645 0.077895
"33.!joint_LeftKnee"
"32.joint_LeftHip"
24 0.000000 0.000000 0.000000 0.000000 0.000000 0.000000
2
0.0 0.133781 -2.906914 -0.240879
59.0 0.133781 -2.906914 -0.240879
60
0.0 0.833335 -0.000000 0.000000
1.0 0.715666 -0.000000 0.000000
2.0 0.604899 -0.000000 0.000000
3.0 0.503499 -0.000000 0.000000
4.0 0.415502 -0.000000 0.000000
5.0 0.348180 0.000000 0.000000
6.0 0.325385 -0.000000 0.000000
7.0 0.349074 -0.000000 0.000000
8.0 0.391224 -0.000000 0.000000
9.0 0.446837 0.000000 0.000000
10.0 0.511745 0.000000 0.000000
11.0 0.582698 -0.000000 0.000000
12.0 0.644157 -0.000000 0.000000
13.0 0.677949 -0.000000 0.000000
14.0 0.675161 -0.000000 0.000000
15.0 0.627378 0.000000 0.000000
16.0 0.545915 -0.000000 0.000000
17.0 0.453418 0.000000 0.000000
18.0 0.388594 0.000000 0.000000
19.0 0.397396 0.000000 0.000000
20.0 0.455370 -0.000000 0.000000
21.0 0.517188 0.000000 0.000000
22.0 0.551943 0.000000 0.000000
23.0 0.567417 -0.000000 0.000000
24.0 0.586503 -0.000000 0.000000
25.0 0.604233 0.000000 0.000000
26.0 0.616791 -0.000000 0.000000
27.0 0.621613 -0.000000 0.000000
28.0 0.617457 -0.000000 0.000000
29.0 0.603482 -0.000000 0.000000
30.0 0.556239 -0.000001 0.000000
31.0 0.481504 -0.000000 0.000000
32.0 0.405148 -0.000000 0.000000
33.0 0.332831 0.000000 0.000000
34.0 0.275114 -0.000000 0.000000
35.0 0.249270 -0.000000 0.000000
36.0 0.264255 -0.000000 0.000000
37.0 0.315701 -0.000000 0.000000
38.0 0.392469 -0.000000 0.000000
39.0 0.484491 0.000000 0.000000
40.0 0.582287 -0.000000 0.000000
41.0 0.674659 -0.000000 0.000000
42.0 0.752583 -0.000000 0.000000
43.0 0.810984 -0.000000 0.000000
44.0 0.841218 -0.000000 0.000000
45.0 0.843611 -0.000000 0.000000
46.0 0.827888 -0.000000 0.000000
47.0 0.799333 -0.000000 0.000000
48.0 0.774433 -0.000000 0.000000
49.0 0.764654 -0.000000 0.000000
50.0 0.764223 -0.000000 0.000000
51.0 0.767369 0.000000 0.000000
52.0 0.770492 -0.000000 0.000000
53.0 0.787577 -0.000000 0.000000
54.0 0.816925 -0.000000 0.000000
55.0 0.853345 -0.000000 0.000000
56.0 0.892603 -0.000000 0.000000
57.0 0.931228 -0.000000 0.000000
58.0 0.961187 -0.000000 0.000000
59.0 0.921277 -0.000000 0.000000
"34.!joint_LeftFoot"
"33.!joint_LeftKnee"
24 0.000000 0.000000 0.000000 0.000000 0.000000 0.000000
2
0.0 0.030688 -3.844475 -0.524996
59.0 0.030688 -3.844475 -0.524996
60
0.0 0.013018 0.546190 0.000899
1.0 0.039807 0.561528 -0.033529
2.0 0.052401 0.597323 -0.067931
3.0 0.051990 0.646428 -0.099256
4.0 0.039231 0.700953 -0.126545
5.0 0.012814 0.752674 -0.151780
6.0 -0.041106 0.792259 -0.187346
7.0 -0.120358 0.812139 -0.234668
8.0 -0.199164 0.809519 -0.275440
9.0 -0.269293 0.782238 -0.302679
10.0 -0.328392 0.736711 -0.315200
11.0 -0.376882 0.680719 -0.314957
12.0 -0.409699 0.623555 -0.301382
13.0 -0.422107 0.573991 -0.275660
14.0 -0.414256 0.538486 -0.243187
15.0 -0.384650 0.522962 -0.208218
16.0 -0.340491 0.529279 -0.176081
17.0 -0.292896 0.548709 -0.148410
18.0 -0.262274 0.566686 -0.131670
19.0 -0.274314 0.566169 -0.136909
20.0 -0.310277 0.536259 -0.150337
21.0 -0.340843 0.486706 -0.155494
22.0 -0.351592 0.442559 -0.150512
23.0 -0.349944 0.418377 -0.142915
24.0 -0.351506 0.423945 -0.143737
25.0 -0.352096 0.445508 -0.148143
26.0 -0.346140 0.456576 -0.145811
27.0 -0.330625 0.440074 -0.129778
28.0 -0.309122 0.412874 -0.107673
29.0 -0.282946 0.376416 -0.081480
30.0 -0.241033 0.330721 -0.049551
31.0 -0.187668 0.272461 -0.016025
32.0 -0.135125 0.199084 0.012566
33.0 -0.086492 0.149794 0.024591
34.0 -0.043605 0.123870 0.025732
35.0 -0.013213 0.112451 0.021839
36.0 0.000662 0.104747 0.018697
37.0 0.000187 0.083806 0.022265
38.0 -0.010031 0.038427 0.036398
39.0 -0.025994 -0.009347 0.057874
40.0 -0.043209 -0.035996 0.079386
41.0 -0.055732 -0.027106 0.092406
42.0 -0.039351 0.011820 0.100905
43.0 0.002788 0.074082 0.108914
44.0 0.052961 0.154201 0.113470
45.0 0.069966 0.272947 0.113464
46.0 0.073963 0.367609 0.088340
47.0 0.110710 0.382320 0.061543
48.0 0.109907 0.395272 0.037069
49.0 0.058484 0.434843 0.025082
50.0 -0.022093 0.504266 0.046655
51.0 -0.059330 0.588220 0.093236
52.0 -0.026566 0.663502 0.146899
53.0 0.033277 0.705203 0.175842
54.0 0.058295 0.710192 0.180092
55.0 0.060009 0.696786 0.173549
56.0 0.048628 0.669017 0.154003
57.0 0.024991 0.631890 0.119995
58.0 -0.005998 0.592782 0.073235
59.0 -0.005345 0.559828 0.036342
"10.joint_Torso"
"12.joint_HipMaster"
24 0.000000 0.000000 0.000000 0.000000 0.000000 0.000000
2
0.0 0.000000 0.044081 0.000000
59.0 0.000000 0.044081 0.000000
60
0.0 -0.054469 0.075841 -0.087151
1.0 -0.057589 0.078369 -0.077421
2.0 -0.060148 0.074680 -0.062454
3.0 -0.058557 0.065387 -0.040082
4.0 -0.050528 0.050802 -0.008353
5.0 -0.037774 0.031554 0.028189
6.0 -0.023847 0.009859 0.061281
7.0 -0.010353 -0.013140 0.089841
8.0 0.003358 -0.036749 0.113256
9.0 0.017590 -0.060851 0.130872
10.0 0.033402 -0.086777 0.142084
11.0 0.050242 -0.107835 0.145518
12.0 0.064629 -0.114143 0.140450
13.0 0.072889 -0.109684 0.127133
14.0 0.071081 -0.098294 0.106261
15.0 0.055019 -0.084968 0.079617
16.0 0.029525 -0.073510 0.050010
17.0 0.002665 -0.066028 0.020180
18.0 -0.022222 -0.064769 -0.007192
19.0 -0.042270 -0.071845 -0.031524
20.0 -0.056309 -0.081771 -0.057630
21.0 -0.059800 -0.083364 -0.077736
22.0 -0.057271 -0.074087 -0.083014
23.0 -0.056465 -0.056171 -0.070454
24.0 -0.060336 -0.030851 -0.045512
25.0 -0.068361 0.000664 -0.014414
26.0 -0.079447 0.036771 0.016707
27.0 -0.091956 0.074558 0.042303
28.0 -0.103600 0.109856 0.057779
29.0 -0.111049 0.137784 0.059609
30.0 -0.110334 0.154529 0.045155
31.0 -0.106612 0.162915 0.014081
32.0 -0.114205 0.166451 -0.027979
33.0 -0.125490 0.168798 -0.073664
34.0 -0.130650 0.172110 -0.118786
35.0 -0.121149 0.177316 -0.159544
36.0 -0.091584 0.183899 -0.192705
37.0 -0.053687 0.190072 -0.215779
38.0 -0.017763 0.193274 -0.227044
39.0 0.007237 0.190896 -0.225553
40.0 0.016599 0.181214 -0.213573
41.0 0.019151 0.164398 -0.193898
42.0 0.013972 0.142505 -0.167382
43.0 -0.001335 0.118543 -0.134468
44.0 -0.028604 0.095321 -0.095851
45.0 -0.062371 0.074389 -0.052635
46.0 -0.093231 0.057981 -0.006889
47.0 -0.117398 0.046570 0.037186
48.0 -0.131552 0.038467 0.075280
49.0 -0.133504 0.032879 0.102452
50.0 -0.123541 0.029809 0.112530
51.0 -0.106243 0.028885 0.099918
52.0 -0.083917 0.029808 0.067465
53.0 -0.063284 0.032731 0.023668
54.0 -0.048335 0.037094 -0.024120
55.0 -0.040805 0.042179 -0.068465
56.0 -0.040270 0.047689 -0.101578
57.0 -0.044264 0.054209 -0.115117
58.0 -0.049023 0.061936 -0.111526
59.0 -0.052402 0.070057 -0.099373
"11.joint_Torso2"
"10.joint_Torso"
24 0.000000 0.000000 0.000000 0.000000 0.000000 0.000000
2
0.0 0.000000 2.073173 -0.036064
59.0 0.000000 2.073173 -0.036064
60
0.0 -0.000000 0.000000 0.000000
1.0 -0.000000 0.000000 0.000000
2.0 -0.000000 -0.000000 0.000000
3.0 -0.000000 0.000000 -0.000000
4.0 0.000000 -0.000000 0.000000
5.0 -0.000000 0.000000 -0.000000
6.0 -0.000000 -0.000000 -0.000000
7.0 -0.000000 0.000000 0.000000
8.0 0.000000 -0.000000 -0.000000
9.0 -0.000000 0.000000 -0.000000
10.0 -0.000000 0.000000 0.000000
11.0 -0.000000 -0.000000 0.000000
12.0 -0.000000 0.000000 -0.000000
13.0 -0.000000 0.000000 -0.000000
14.0 0.000000 -0.000000 -0.000000
15.0 -0.000000 0.000000 0.000000
16.0 -0.000000 -0.000000 0.000000
17.0 -0.000000 -0.000000 0.000000
18.0 0.000000 -0.000000 -0.000000
19.0 -0.000000 -0.000000 -0.000000
20.0 0.000000 -0.000000 -0.000000
21.0 -0.000000 -0.000000 0.000000
22.0 0.000000 0.000000 -0.000000
23.0 0.000000 -0.000000 -0.000000
24.0 -0.000000 0.000000 0.000000
25.0 -0.000000 -0.000000 0.000000
26.0 0.000000 -0.000000 0.000000
27.0 -0.000000 0.000000 -0.000000
28.0 0.000000 0.000000 -0.000000
29.0 0.000000 -0.000000 -0.000000
30.0 -0.000000 -0.000000 -0.000000
31.0 -0.000000 0.000000 0.000000
32.0 -0.000000 -0.000000 0.000000
33.0 0.000000 0.000000 -0.000000
34.0 0.000000 -0.000000 -0.000000
35.0 0.000000 -0.000000 -0.000000
36.0 -0.000000 -0.000000 -0.000000
37.0 0.000000 -0.000000 -0.000000
38.0 -0.000000 0.000000 -0.000000
39.0 0.000000 0.000000 0.000000
40.0 0.000000 0.000000 -0.000000
41.0 -0.000000 0.000000 -0.000000
42.0 -0.000000 -0.000000 0.000000
43.0 -0.000000 -0.000000 0.000000
44.0 -0.000000 0.000000 -0.000000
45.0 0.000000 -0.000000 0.000000
46.0 0.000000 -0.000000 0.000000
47.0 0.000000 0.000000 -0.000000
48.0 0.000000 -0.000000 -0.000000
49.0 -0.000000 -0.000000 0.000000
50.0 0.000000 0.000000 -0.000000
51.0 -0.000000 0.000000 0.000000
52.0 0.000000 0.000000 0.000000
53.0 -0.000000 0.000000 -0.000000
54.0 -0.000000 -0.000000 -0.000000
55.0 -0.000000 -0.000000 0.000000
56.0 0.000000 -0.000000 -0.000000
57.0 0.000000 -0.000000 -0.000000
58.0 -0.000000 0.000000 0.000000
59.0 -0.000000 -0.000000 0.000000
"13.joint_Neck"
"11.joint_Torso2"
24 0.000000 0.000000 0.000000 0.000000 0.000000 0.000000
2
0.0 0.000000 1.593527 -0.266443
59.0 0.000000 1.593527 -0.266443
60
0.0 -0.034164 -0.149983 -0.009427
1.0 -0.009353 -0.165311 0.000742
2.0 0.031840 -0.181751 0.000547
3.0 0.080242 -0.198341 -0.010096
4.0 0.127941 -0.213876 -0.030799
5.0 0.170773 -0.227538 -0.054967
6.0 0.205856 -0.239357 -0.075246
7.0 0.228573 -0.249621 -0.091042
8.0 0.238556 -0.258274 -0.102019
9.0 0.237241 -0.264839 -0.108564
10.0 0.223093 -0.268931 -0.110579
11.0 0.196498 -0.281135 -0.108631
12.0 0.163224 -0.303265 -0.103783
13.0 0.124089 -0.322345 -0.098074
14.0 0.077968 -0.320311 -0.086573
15.0 0.049957 -0.277208 -0.058191
16.0 0.037442 -0.191903 -0.027062
17.0 0.034950 -0.075549 -0.007257
18.0 0.031407 0.017219 -0.008494
19.0 0.033106 0.079586 -0.006972
20.0 0.037117 0.111612 0.005317
21.0 0.032589 0.113155 0.019890
22.0 0.017328 0.093106 0.028149
23.0 -0.005713 0.064023 0.025808
24.0 -0.032976 0.031485 0.015746
25.0 -0.061135 0.001034 0.000434
26.0 -0.087260 -0.027367 -0.017856
27.0 -0.109075 -0.063815 -0.035600
28.0 -0.125084 -0.105667 -0.050497
29.0 -0.134556 -0.149377 -0.060956
30.0 -0.137429 -0.191385 -0.065896
31.0 -0.131211 -0.228155 -0.065192
32.0 -0.102461 -0.256926 -0.068857
33.0 -0.057916 -0.276072 -0.083530
34.0 -0.009422 -0.282690 -0.103444
35.0 0.030215 -0.278218 -0.121180
36.0 0.050411 -0.271071 -0.131157
37.0 0.057778 -0.268390 -0.134295
38.0 0.056870 -0.276360 -0.131452
39.0 0.050958 -0.291640 -0.122745
40.0 0.043754 -0.309729 -0.109826
41.0 0.024271 -0.328028 -0.090923
42.0 -0.005720 -0.341521 -0.069535
43.0 -0.039654 -0.343220 -0.051291
44.0 -0.062380 -0.334287 -0.042583
45.0 -0.065046 -0.317736 -0.046117
46.0 -0.052085 -0.296327 -0.057594
47.0 -0.026772 -0.272556 -0.072546
48.0 -0.000864 -0.249246 -0.087590
49.0 0.016751 -0.229601 -0.100048
50.0 0.021489 -0.212523 -0.107548
51.0 0.017951 -0.196172 -0.109475
52.0 0.008638 -0.181000 -0.105175
53.0 -0.003397 -0.167204 -0.098001
54.0 -0.016329 -0.155167 -0.088947
55.0 -0.028653 -0.145345 -0.078310
56.0 -0.038932 -0.138249 -0.066333
57.0 -0.045825 -0.134455 -0.053222
58.0 -0.048076 -0.134628 -0.039184
59.0 -0.044538 -0.139524 -0.024473
"14.joint_Head"
"13.joint_Neck"
24 0.000000 0.000000 0.000000 0.000000 0.000000 0.000000
2
0.0 0.000000 0.645012 0.006349
59.0 0.000000 0.645012 0.006349
60
0.0 0.168077 -0.037297 -0.018289
1.0 0.175819 -0.015441 -0.010583
2.0 0.184009 0.006221 0.004767
3.0 0.193173 0.027739 0.023645
4.0 0.202841 0.048874 0.042229
5.0 0.211575 0.069143 0.057161
6.0 0.219035 0.088259 0.068499
7.0 0.225305 0.106020 0.077152
8.0 0.229974 0.122157 0.083366
9.0 0.232630 0.136440 0.087537
10.0 0.232904 0.148684 0.090153
11.0 0.230495 0.158737 0.091725
12.0 0.225200 0.166467 0.092696
13.0 0.220140 0.174696 0.094621
14.0 0.219060 0.177378 0.091651
15.0 0.200590 0.163998 0.065864
16.0 0.174913 0.128884 0.033435
17.0 0.150283 0.073906 0.013407
18.0 0.132140 0.045301 0.017910
19.0 0.107004 0.040851 0.024535
20.0 0.076758 0.051911 0.028544
21.0 0.046432 0.070257 0.030117
22.0 0.019209 0.087656 0.029337
23.0 -0.008296 0.095949 0.025895
24.0 -0.038382 0.090247 0.019580
25.0 -0.068986 0.068013 0.010344
26.0 -0.097985 0.031918 -0.003714
27.0 -0.123382 -0.004893 -0.028321
28.0 -0.141938 -0.041241 -0.056555
29.0 -0.151245 -0.076390 -0.080210
30.0 -0.150536 -0.109640 -0.093129
31.0 -0.140998 -0.140682 -0.099373
32.0 -0.122997 -0.169137 -0.100826
33.0 -0.098249 -0.192936 -0.098496
34.0 -0.069070 -0.212372 -0.098782
35.0 -0.036369 -0.229080 -0.110044
36.0 -0.002453 -0.238790 -0.130432
37.0 0.027582 -0.248690 -0.151795
38.0 0.046810 -0.262311 -0.166189
39.0 0.045221 -0.279045 -0.165234
40.0 0.020021 -0.297915 -0.149223
41.0 -0.018869 -0.314786 -0.124706
42.0 -0.056519 -0.326023 -0.100166
43.0 -0.079080 -0.332747 -0.084578
44.0 -0.082814 -0.330453 -0.083060
45.0 -0.070659 -0.314712 -0.088418
46.0 -0.049352 -0.288848 -0.096506
47.0 -0.031795 -0.256960 -0.105284
48.0 -0.014465 -0.221984 -0.114846
49.0 0.003771 -0.187062 -0.124295
50.0 0.022023 -0.159287 -0.132229
51.0 0.039625 -0.134512 -0.136159
52.0 0.055817 -0.111240 -0.131953
53.0 0.070453 -0.091045 -0.114241
54.0 0.085475 -0.074720 -0.090637
55.0 0.101622 -0.063475 -0.069844
56.0 0.118084 -0.059024 -0.054302
57.0 0.133875 -0.060888 -0.040773
58.0 0.148146 -0.060428 -0.029756
59.0 0.159922 -0.053676 -0.021973
"16.joint_RightShoulder"
"11.joint_Torso2"
24 0.000000 0.000000 0.000000 0.000000 0.000000 0.000000
2
0.0 -0.789728 1.619490 -0.238217
59.0 -0.789728 1.619490 -0.238217
60
0.0 0.195871 -0.171889 -0.224753
1.0 0.191253 -0.170798 -0.193532
2.0 0.211066 -0.160975 -0.157167
3.0 0.240308 -0.156165 -0.126743
4.0 0.262476 -0.167391 -0.113489
5.0 0.252976 -0.203440 -0.123507
6.0 0.203115 -0.265356 -0.147594
7.0 0.130974 -0.341786 -0.173059
8.0 0.035699 -0.437979 -0.193295
9.0 -0.074948 -0.540917 -0.202895
10.0 -0.170529 -0.619128 -0.207792
11.0 -0.221163 -0.676737 -0.223548
12.0 -0.236612 -0.738837 -0.252995
13.0 -0.230505 -0.800031 -0.293741
14.0 -0.213453 -0.853627 -0.338897
15.0 -0.200366 -0.893237 -0.375645
16.0 -0.222218 -0.931746 -0.384630
17.0 -0.316361 -0.994440 -0.329328
18.0 -0.427275 -1.036263 -0.248947
19.0 -0.432098 -1.017564 -0.252035
20.0 -0.319396 -0.936872 -0.346349
21.0 -0.160788 -0.800422 -0.454873
22.0 -0.014494 -0.609375 -0.518875
23.0 0.083904 -0.411018 -0.518672
24.0 0.126895 -0.265588 -0.470403
25.0 0.116377 -0.197338 -0.396219
26.0 0.061279 -0.220246 -0.300349
27.0 -0.011509 -0.268814 -0.187817
28.0 -0.089248 -0.289625 -0.071920
29.0 -0.168623 -0.282684 0.039466
30.0 -0.226002 -0.239706 0.136067
31.0 -0.234642 -0.170207 0.215462
32.0 -0.209426 -0.065904 0.270578
33.0 -0.184075 0.037358 0.308901
34.0 -0.173984 0.125110 0.328026
35.0 -0.173134 0.196162 0.321128
36.0 -0.172920 0.248839 0.282494
37.0 -0.175488 0.242038 0.232618
38.0 -0.186095 0.185794 0.189961
39.0 -0.208331 0.109861 0.161274
40.0 -0.233180 0.026260 0.142340
41.0 -0.251765 -0.057644 0.126650
42.0 -0.258208 -0.138806 0.109628
43.0 -0.252109 -0.220330 0.091128
44.0 -0.231933 -0.303889 0.071353
45.0 -0.200618 -0.393121 0.048873
46.0 -0.166219 -0.492975 0.021254
47.0 -0.148266 -0.607139 0.001609
48.0 -0.167950 -0.736362 0.007462
49.0 -0.218451 -0.857678 0.034634
50.0 -0.257457 -0.941189 0.054042
51.0 -0.213349 -0.959310 0.010725
52.0 -0.090924 -0.912488 -0.098180
53.0 0.058972 -0.790171 -0.222263
54.0 0.183989 -0.601676 -0.309393
55.0 0.247801 -0.431497 -0.335856
56.0 0.271101 -0.302601 -0.329209
57.0 0.266896 -0.220351 -0.306778
58.0 0.245489 -0.178394 -0.278621
59.0 0.217568 -0.165890 -0.250245
"18.joint_RightArm"
"16.joint_RightShoulder"
24 0.000000 0.000000 0.000000 0.000000 0.000000 0.000000
2
0.0 -0.352262 -0.165333 -0.009164
59.0 -0.352262 -0.165333 -0.009164
60
0.0 -0.000000 0.000000 0.383972
1.0 -0.000000 -0.000000 0.383972
2.0 -0.000000 0.000000 0.383972
3.0 -0.000000 0.000000 0.383972
4.0 -0.000000 -0.000000 0.383972
5.0 -0.000000 -0.000000 0.383972
6.0 -0.000000 0.000000 0.383972
7.0 -0.000000 -0.000000 0.383972
8.0 -0.000000 -0.000000 0.383972
9.0 -0.000000 -0.000000 0.383972
10.0 -0.000000 0.000000 0.383972
11.0 -0.000000 0.000000 0.383972
12.0 -0.000000 0.000000 0.383972
13.0 -0.000000 -0.000000 0.383972
14.0 -0.000000 0.000000 0.383972
15.0 -0.000000 -0.000000 0.383972
16.0 -0.000000 0.000000 0.383972
17.0 -0.000000 0.000000 0.383972
18.0 -0.000000 0.000000 0.383972
19.0 -0.000000 0.000000 0.383972
20.0 -0.000000 0.000000 0.383972
21.0 -0.000000 0.000000 0.383972
22.0 -0.000000 0.000000 0.383972
23.0 -0.000000 0.000000 0.383972
24.0 -0.000000 0.000000 0.383972
25.0 -0.000000 0.000000 0.383972
26.0 -0.000000 0.000000 0.383972
27.0 -0.000000 -0.000000 0.383972
28.0 -0.000000 -0.000000 0.383972
29.0 -0.000000 0.000000 0.383972
30.0 -0.000000 0.000000 0.383972
31.0 -0.000000 0.000000 0.383972
32.0 -0.000000 0.000000 0.383972
33.0 -0.000000 0.000000 0.383972
34.0 -0.000000 0.000000 0.383972
35.0 -0.000000 -0.000000 0.383972
36.0 -0.000000 0.000000 0.383972
37.0 -0.000000 0.000000 0.383972
38.0 -0.000000 0.000000 0.383972
39.0 -0.000000 -0.000000 0.383972
40.0 -0.000000 -0.000000 0.383972
41.0 -0.000000 -0.000000 0.383972
42.0 -0.000000 -0.000000 0.383972
43.0 -0.000000 -0.000000 0.383972
44.0 -0.000000 0.000000 0.383972
45.0 -0.000000 0.000000 0.383972
46.0 -0.000000 0.000000 0.383972
47.0 -0.000000 0.000000 0.383972
48.0 -0.000000 0.000000 0.383972
49.0 -0.000000 0.000000 0.383972
50.0 -0.000000 0.000000 0.383972
51.0 -0.000000 -0.000000 0.383972
52.0 -0.000000 0.000000 0.383972
53.0 -0.000000 0.000000 0.383972
54.0 -0.000000 0.000000 0.383972
55.0 -0.000000 0.000000 0.383972
56.0 -0.000000 0.000000 0.383972
57.0 -0.000000 0.000000 0.383972
58.0 -0.000000 0.000000 0.383972
59.0 -0.000000 0.000000 0.383972
"19.joint_RightElbow"
"18.joint_RightArm"
24 0.000000 0.000000 0.000000 0.000000 0.000000 0.000000
2
0.0 -1.638191 -1.253511 -0.024869
59.0 -1.638191 -1.253511 -0.024869
60
0.0 -0.510045 0.408384 -0.108219
1.0 -0.476803 0.386332 -0.095336
2.0 -0.476756 0.386299 -0.095317
3.0 -0.493155 0.397280 -0.101588
4.0 -0.510849 0.408909 -0.108539
5.0 -0.499590 0.401535 -0.104094
6.0 -0.449560 0.367664 -0.085291
7.0 -0.389288 0.324514 -0.064802
8.0 -0.324112 0.275135 -0.045504
9.0 -0.262785 0.226325 -0.030244
10.0 -0.234586 0.203204 -0.024216
11.0 -0.258246 0.222632 -0.029231
12.0 -0.312365 0.265952 -0.042358
13.0 -0.376690 0.315181 -0.060834
14.0 -0.446755 0.365712 -0.084284
15.0 -0.525114 0.418115 -0.114278
16.0 -0.595727 0.461481 -0.144396
17.0 -0.654131 0.494551 -0.171300
18.0 -0.699624 0.518568 -0.193399
19.0 -0.728935 0.533240 -0.208126
20.0 -0.725536 0.531570 -0.206401
21.0 -0.710981 0.524325 -0.199060
22.0 -0.684836 0.510927 -0.186111
23.0 -0.654239 0.494613 -0.171352
24.0 -0.608450 0.468900 -0.150109
25.0 -0.539859 0.427477 -0.120336
26.0 -0.470775 0.382247 -0.093072
27.0 -0.410205 0.339771 -0.071634
28.0 -0.343188 0.289864 -0.050832
29.0 -0.271194 0.233143 -0.032163
30.0 -0.223635 0.194120 -0.022049
31.0 -0.249202 0.215237 -0.027260
32.0 -0.302539 0.258209 -0.039806
33.0 -0.365734 0.306983 -0.057474
34.0 -0.434860 0.357372 -0.080071
35.0 -0.525198 0.418171 -0.114312
36.0 -0.658083 0.496698 -0.173181
37.0 -0.833452 0.580567 -0.263469
38.0 -1.022408 0.647413 -0.372689
39.0 -1.191200 0.688552 -0.477477
40.0 -1.334059 0.710953 -0.569631
41.0 -1.459705 0.721863 -0.652247
42.0 -1.567351 0.724891 -0.723578
43.0 -1.657389 0.723001 -0.783266
44.0 -1.716736 0.719539 -0.822483
45.0 -1.741499 0.717570 -0.838794
46.0 -1.736730 0.717974 -0.835655
47.0 -1.703986 0.720432 -0.814071
48.0 -1.648916 0.723350 -0.777656
49.0 -1.581766 0.724859 -0.733140
50.0 -1.516691 0.724185 -0.689978
51.0 -1.462350 0.722007 -0.653996
52.0 -1.393225 0.717091 -0.608405
53.0 -1.301870 0.706854 -0.548664
54.0 -1.191720 0.688653 -0.477809
55.0 -1.068166 0.660214 -0.400541
56.0 -0.937894 0.620374 -0.322573
57.0 -0.808281 0.569870 -0.249764
58.0 -0.687157 0.512137 -0.187248
59.0 -0.583627 0.454313 -0.139040
"20.joint_RightWrist"
"19.joint_RightElbow"
24 0.000000 0.000000 0.000000 0.000000 0.000000 0.000000
2
0.0 -1.770166 -1.373888 0.032940
59.0 -1.770166 -1.373888 0.032940
60
0.0 -0.314903 -0.503757 0.465331
1.0 0.013245 -0.502222 0.264406
2.0 0.317594 -0.496272 -0.013182
3.0 0.558798 -0.482854 -0.319819
4.0 0.691318 -0.494615 -0.598799
5.0 0.679661 -0.562266 -0.773693
6.0 0.520632 -0.658322 -0.780129
7.0 0.242979 -0.718790 -0.617244
8.0 -0.056571 -0.663569 -0.379066
9.0 -0.257870 -0.518879 -0.218742
10.0 -0.369812 -0.395927 -0.177943
11.0 -0.461909 -0.343363 -0.183332
12.0 -0.547371 -0.338193 -0.215793
13.0 -0.637241 -0.353807 -0.280628
14.0 -0.701983 -0.389330 -0.370026
15.0 -0.707473 -0.441527 -0.467301
16.0 -0.648015 -0.497243 -0.538272
17.0 -0.547435 -0.520324 -0.569927
18.0 -0.447917 -0.539155 -0.594786
19.0 -0.387205 -0.588467 -0.651645
20.0 -0.409255 -0.636893 -0.718067
21.0 -0.393525 -0.604117 -0.765162
22.0 -0.438566 -0.460719 -0.850080
23.0 -0.473821 -0.333422 -0.947299
24.0 -0.344198 -0.236195 -0.953065
25.0 -0.168135 -0.187616 -0.865400
26.0 -0.100689 -0.154850 -0.740647
27.0 -0.084787 -0.148103 -0.633420
28.0 -0.120629 -0.165259 -0.539678
29.0 -0.205845 -0.178135 -0.436921
30.0 -0.286599 -0.199796 -0.357526
31.0 -0.321802 -0.232719 -0.305559
32.0 -0.359876 -0.287228 -0.279433
33.0 -0.402076 -0.327818 -0.270868
34.0 -0.449000 -0.345055 -0.272396
35.0 -0.502973 -0.348527 -0.284929
36.0 -0.563851 -0.349188 -0.315035
37.0 -0.603753 -0.337616 -0.333745
38.0 -0.617871 -0.331392 -0.327449
39.0 -0.617008 -0.339010 -0.315625
40.0 -0.605363 -0.364569 -0.311879
41.0 -0.589262 -0.403542 -0.322946
42.0 -0.549604 -0.438682 -0.351621
43.0 -0.488490 -0.461882 -0.391393
44.0 -0.429664 -0.467154 -0.431187
45.0 -0.387984 -0.458374 -0.467474
46.0 -0.367917 -0.448470 -0.503060
47.0 -0.369255 -0.444107 -0.524779
48.0 -0.379375 -0.453674 -0.525659
49.0 -0.372586 -0.639887 -0.599026
50.0 -0.256057 -0.784963 -0.809997
51.0 -0.300413 -0.717182 -0.829244
52.0 -0.388509 -0.773341 -0.734079
53.0 -0.560754 -0.887132 -0.571933
54.0 -0.858817 -0.983443 -0.285515
55.0 -1.167352 -0.950554 0.080823
56.0 -1.277447 -0.815250 0.336161
57.0 -1.180708 -0.663574 0.473166
58.0 -0.949451 -0.553966 0.537190
59.0 -0.644960 -0.505229 0.536558
"22.joint_LeftShoulder"
"11.joint_Torso2"
24 0.000000 0.000000 0.000000 0.000000 0.000000 0.000000
2
0.0 0.761909 1.603818 -0.238211
59.0 0.761909 1.603818 -0.238211
60
0.0 0.126065 0.381778 -0.073112
1.0 0.056559 0.373392 -0.127472
2.0 -0.017989 0.396576 -0.186839
3.0 -0.091921 0.424550 -0.245953
4.0 -0.159622 0.439813 -0.297840
5.0 -0.208134 0.435573 -0.334026
6.0 -0.233453 0.407084 -0.346626
7.0 -0.245778 0.373367 -0.340451
8.0 -0.241811 0.348390 -0.317711
9.0 -0.220077 0.326804 -0.286102
10.0 -0.188921 0.307493 -0.249089
11.0 -0.156309 0.280973 -0.208946
12.0 -0.127346 0.247591 -0.166994
13.0 -0.104072 0.225474 -0.124192
14.0 -0.081014 0.236433 -0.081929
15.0 -0.067180 0.293805 -0.043553
16.0 -0.070280 0.392604 -0.012793
17.0 -0.085536 0.504461 0.013013
18.0 -0.102575 0.600320 0.039714
19.0 -0.106120 0.656064 0.076169
20.0 -0.079297 0.654936 0.132103
21.0 -0.023436 0.614026 0.191878
22.0 0.059592 0.554853 0.240136
23.0 0.129301 0.479727 0.246039
24.0 0.164777 0.404538 0.200811
25.0 0.184475 0.321238 0.117673
26.0 0.194396 0.248185 0.019941
27.0 0.224085 0.209326 -0.068926
28.0 0.279916 0.201312 -0.139235
29.0 0.339790 0.213461 -0.186610
30.0 0.386599 0.248037 -0.203525
31.0 0.412595 0.315241 -0.181145
32.0 0.427413 0.418654 -0.115452
33.0 0.434298 0.537122 -0.017259
34.0 0.439435 0.620104 0.075378
35.0 0.425471 0.652819 0.141694
36.0 0.379106 0.652620 0.178681
37.0 0.314250 0.631523 0.196950
38.0 0.244013 0.598313 0.207331
39.0 0.178555 0.560923 0.218015
40.0 0.124659 0.526629 0.233878
41.0 0.083093 0.499540 0.255605
42.0 0.057368 0.485019 0.284378
43.0 0.049015 0.484916 0.317818
44.0 0.055779 0.494641 0.351407
45.0 0.063942 0.511669 0.381161
46.0 0.061581 0.547350 0.398995
47.0 0.051063 0.597326 0.404969
48.0 0.039237 0.652375 0.402436
49.0 0.033695 0.703309 0.395839
50.0 0.046909 0.733644 0.392712
51.0 0.082627 0.734280 0.394543
52.0 0.133150 0.720343 0.391695
53.0 0.182908 0.702329 0.372412
54.0 0.215216 0.687512 0.329293
55.0 0.221552 0.682223 0.264999
56.0 0.208370 0.670988 0.187737
57.0 0.183361 0.641880 0.106444
58.0 0.169894 0.562230 0.036591
59.0 0.160155 0.454240 -0.020338
"24.joint_LeftArm"
"22.joint_LeftShoulder"
24 0.000000 0.000000 0.000000 0.000000 0.000000 0.000000
2
0.0 0.385820 -0.165332 -0.009181
59.0 0.385820 -0.165332 -0.009181
60
0.0 0.000000 -0.000000 -0.383972
1.0 0.000000 0.000000 -0.383972
2.0 0.000000 0.000000 -0.383972
3.0 0.000000 -0.000000 -0.383972
4.0 0.000000 -0.000000 -0.383972
5.0 0.000000 0.000000 -0.383972
6.0 0.000000 0.000000 -0.383972
7.0 0.000000 0.000000 -0.383972
8.0 0.000000 -0.000000 -0.383972
9.0 0.000000 0.000000 -0.383972
10.0 0.000000 -0.000000 -0.383972
11.0 0.000000 -0.000000 -0.383972
12.0 0.000000 0.000000 -0.383972
13.0 0.000000 -0.000000 -0.383972
14.0 0.000000 -0.000000 -0.383972
15.0 0.000000 0.000000 -0.383972
16.0 0.000000 0.000000 -0.383972
17.0 0.000000 0.000000 -0.383972
18.0 0.000000 0.000000 -0.383972
19.0 0.000000 0.000000 -0.383972
20.0 0.000000 0.000000 -0.383972
21.0 0.000000 0.000000 -0.383972
22.0 0.000000 0.000000 -0.383972
23.0 0.000000 -0.000000 -0.383972
24.0 0.000000 0.000000 -0.383972
25.0 0.000000 0.000000 -0.383972
26.0 0.000000 0.000000 -0.383972
27.0 0.000000 0.000000 -0.383972
28.0 0.000000 0.000000 -0.383972
29.0 0.000000 -0.000000 -0.383972
30.0 0.000000 0.000000 -0.383972
31.0 0.000000 0.000000 -0.383972
32.0 0.000000 0.000000 -0.383972
33.0 0.000000 -0.000000 -0.383972
34.0 0.000000 0.000000 -0.383973
35.0 0.000000 -0.000000 -0.383972
36.0 0.000000 -0.000000 -0.383972
37.0 0.000000 -0.000000 -0.383972
38.0 0.000000 0.000000 -0.383972
39.0 0.000000 0.000000 -0.383972
40.0 0.000000 0.000000 -0.383972
41.0 0.000000 0.000000 -0.383972
42.0 0.000000 0.000000 -0.383972
43.0 0.000000 -0.000000 -0.383972
44.0 0.000000 0.000000 -0.383972
45.0 0.000000 0.000000 -0.383972
46.0 0.000000 0.000000 -0.383972
47.0 0.000000 0.000000 -0.383972
48.0 0.000000 0.000000 -0.383972
49.0 0.000000 -0.000000 -0.383973
50.0 0.000000 0.000000 -0.383972
51.0 0.000000 0.000000 -0.383972
52.0 0.000000 -0.000000 -0.383972
53.0 0.000000 -0.000000 -0.383972
54.0 0.000000 0.000000 -0.383972
55.0 0.000000 -0.000000 -0.383972
56.0 0.000000 -0.000000 -0.383972
57.0 0.000000 -0.000000 -0.383973
58.0 0.000000 0.000000 -0.383972
59.0 0.000000 0.000000 -0.383972
"25.joint_LeftElbow"
"24.joint_LeftArm"
24 0.000000 0.000000 0.000000 0.000000 0.000000 0.000000
2
0.0 1.638192 -1.253510 -0.024858
59.0 1.638192 -1.253510 -0.024858
60
0.0 -0.618501 -0.563359 0.184016
1.0 -0.551582 -0.518712 0.149563
2.0 -0.484808 -0.469756 0.117899
3.0 -0.411775 -0.411119 0.086775
4.0 -0.331094 -0.340303 0.057179
5.0 -0.259903 -0.272916 0.035710
6.0 -0.198452 -0.211512 0.020993
7.0 -0.150391 -0.161749 0.012100
8.0 -0.130930 -0.141241 0.009174
9.0 -0.141434 -0.152332 0.010704
10.0 -0.172624 -0.184939 0.015922
11.0 -0.215209 -0.228524 0.024642
12.0 -0.264328 -0.277229 0.036909
13.0 -0.319263 -0.329410 0.053297
14.0 -0.394533 -0.396507 0.080008
15.0 -0.472819 -0.460493 0.112529
16.0 -0.544256 -0.513557 0.145950
17.0 -0.605536 -0.555048 0.177144
18.0 -0.654878 -0.585817 0.203774
19.0 -0.695266 -0.609296 0.226484
20.0 -0.743227 -0.635254 0.254428
21.0 -0.805565 -0.665995 0.292173
22.0 -0.870254 -0.694497 0.332850
23.0 -0.836014 -0.679828 0.311141
24.0 -0.714907 -0.620176 0.237804
25.0 -0.571944 -0.532760 0.159774
26.0 -0.432563 -0.428347 0.095235
27.0 -0.351605 -0.358889 0.064194
28.0 -0.322485 -0.332390 0.054343
29.0 -0.304484 -0.315626 0.048621
30.0 -0.285319 -0.297469 0.042847
31.0 -0.275887 -0.288421 0.040129
32.0 -0.299033 -0.310493 0.046945
33.0 -0.342153 -0.350373 0.060916
34.0 -0.394811 -0.396746 0.080116
35.0 -0.436304 -0.431403 0.096793
36.0 -0.454201 -0.445827 0.104387
37.0 -0.458693 -0.449396 0.106327
38.0 -0.459133 -0.449745 0.106518
39.0 -0.464445 -0.453939 0.108835
40.0 -0.482561 -0.468030 0.116885
41.0 -0.512703 -0.490747 0.130776
42.0 -0.554199 -0.520542 0.150861
43.0 -0.605925 -0.555300 0.177349
44.0 -0.664923 -0.591799 0.209349
45.0 -0.713120 -0.619199 0.236768
46.0 -0.745241 -0.636300 0.255622
47.0 -0.763800 -0.645766 0.266714
48.0 -0.772171 -0.649939 0.271762
49.0 -0.772559 -0.650131 0.271998
50.0 -0.764779 -0.646258 0.267303
51.0 -0.749563 -0.638531 0.258193
52.0 -0.743241 -0.635261 0.254435
53.0 -0.744051 -0.635682 0.254916
54.0 -0.751243 -0.639395 0.259194
55.0 -0.756671 -0.642164 0.262437
56.0 -0.753324 -0.640459 0.260435
57.0 -0.737079 -0.632041 0.250789
58.0 -0.707066 -0.615874 0.233265
59.0 -0.665706 -0.592258 0.209784
"26.joint_LeftWrist"
"25.joint_LeftElbow"
24 0.000000 0.000000 0.000000 0.000000 0.000000 0.000000
2
0.0 1.639729 -1.373889 0.032934
59.0 1.639729 -1.373889 0.032934
60
0.0 -0.281438 0.179036 0.684134
1.0 -0.254384 0.133282 0.625223
2.0 -0.220243 0.066350 0.554753
3.0 -0.189479 0.001056 0.485811
4.0 -0.172590 -0.048333 0.424417
5.0 -0.166148 -0.070089 0.373073
6.0 -0.177577 -0.063380 0.332005
7.0 -0.198293 -0.047818 0.291429
8.0 -0.211730 -0.027419 0.249000
9.0 -0.215992 -0.000221 0.225595
10.0 -0.211592 0.025227 0.236013
11.0 -0.202691 0.042557 0.272592
12.0 -0.194537 0.048216 0.328915
13.0 -0.193795 0.038977 0.396752
14.0 -0.190627 0.024194 0.464943
15.0 -0.201387 0.002940 0.523082
16.0 -0.236632 -0.008518 0.564914
17.0 -0.280226 0.010800 0.584343
18.0 -0.306152 0.053108 0.589419
19.0 -0.302811 0.098115 0.583849
20.0 -0.264544 0.121854 0.562908
21.0 -0.211051 0.102164 0.533301
22.0 -0.142285 0.066348 0.500139
23.0 -0.101496 0.023898 0.468574
24.0 -0.078614 -0.006967 0.422212
25.0 -0.062782 0.001762 0.339854
26.0 -0.043569 0.005282 0.217326
27.0 0.018886 0.004342 0.083312
28.0 0.107348 0.026224 -0.020884
29.0 0.183592 0.065641 -0.065373
30.0 0.223936 0.105850 -0.030852
31.0 0.222275 0.131176 0.050820
32.0 0.225688 0.140725 0.120725
33.0 0.268911 0.136436 0.144477
34.0 0.317004 0.139480 0.158527
35.0 0.310404 0.144860 0.194024
36.0 0.200171 0.135902 0.256633
37.0 0.058498 0.125446 0.314168
38.0 -0.028402 0.120854 0.335961
39.0 -0.070156 0.114809 0.337908
40.0 -0.091368 0.093515 0.330037
41.0 -0.112243 0.062483 0.318838
42.0 -0.128035 0.024964 0.314324
43.0 -0.137990 -0.010921 0.319604
44.0 -0.140189 -0.032210 0.343493
45.0 -0.140996 -0.029672 0.394356
46.0 -0.148054 -0.006513 0.469924
47.0 -0.171522 0.000082 0.533828
48.0 -0.205370 -0.008710 0.580434
49.0 -0.237587 -0.022418 0.614309
50.0 -0.254676 -0.024267 0.645971
51.0 -0.245760 -0.010727 0.682554
52.0 -0.219933 0.012833 0.712705
53.0 -0.196057 0.045401 0.720192
54.0 -0.190891 0.091237 0.698364
55.0 -0.199891 0.135614 0.660726
56.0 -0.229125 0.159335 0.634756
57.0 -0.263905 0.154787 0.633906
58.0 -0.289248 0.158949 0.664600
59.0 -0.299074 0.177620 0.695306
