// MilkShape 3D ASCII

Frames: 1
Frame: 1

Meshes: 1
"MaterialGroup.0" 0 0
476
0 0.013842 -0.590068 1.443864 0.500000 0.625000 25
0 1.883503 0.186191 0.037022 0.687500 0.562500 3
0 1.050504 -0.054453 1.404528 0.500000 0.562500 3
0 1.064391 -0.585516 0.076358 0.687500 0.625000 25
0 1.050503 -0.054454 -1.187023 0.500000 0.562500 3
0 0.883904 1.497400 1.132606 0.500000 0.445313 4
0 1.883503 0.186191 0.037022 0.687500 0.554688 3
0 1.450806 1.469498 0.038079 0.687500 0.445313 4
0 0.886218 1.388373 -1.070327 0.843750 0.445313 4
0 -0.000000 -0.017432 -1.360564 0.984375 0.554688 3
0 -0.000000 1.383724 -1.234622 0.984375 0.445313 4
0 -0.886218 1.388373 -1.070327 0.843750 0.445313 4
0 -1.883503 0.186191 0.037022 0.687500 0.554688 3
0 -1.450806 1.469498 0.038079 0.687500 0.445313 4
0 -0.883904 1.497400 1.132607 0.500000 0.445313 4
0 0.807546 1.422071 0.994044 0.500000 0.312500 5
0 1.286520 1.555524 0.039210 0.687500 0.312500 5
0 0.793662 1.299345 -0.997159 0.843750 0.312500 5
0 -0.000000 1.301470 -1.235539 0.984375 0.312500 5
0 -0.793663 1.299345 -0.997158 0.843750 0.312500 5
0 -1.286520 1.555524 0.039210 0.687500 0.312500 5
0 -0.807546 1.422071 0.994045 0.500000 0.312500 5
0 -1.078360 -0.589988 0.076358 0.828125 0.710938 25
0 -0.000000 -0.767130 -1.268009 0.781250 0.679688 3
0 1.062073 -0.632925 -1.062073 0.984375 0.679688 3
0 -0.000000 -0.017432 -1.360564 0.781250 0.660041 3
0 1.050503 -0.054454 -1.187023 0.984375 0.660041 3
0 -1.025219 -1.698391 0.076358 0.250000 0.742188 25
0 -1.078360 -0.589988 0.076358 0.250000 0.625000 25
0 0.013761 -1.698467 1.462376 0.500000 0.742188 25
0 1.200835 -1.698554 0.076358 0.687500 0.742188 25
0 0.013841 -0.590068 -1.263381 0.500000 0.625000 25
0 -0.013841 -0.590066 1.443864 0.500000 0.625000 28
0 -1.883503 0.186191 0.037022 0.687500 0.562500 3
0 -1.064391 -0.585515 0.076358 0.687500 0.625000 28
0 -1.050504 -0.054454 -1.187023 0.500000 0.562500 3
0 -0.013841 -0.590066 -1.263381 0.500000 0.625000 28
0 1.078360 -0.589987 0.076358 0.828125 0.710938 28
0 -0.000000 -1.179001 0.037022 0.781250 0.710938 3
0 -1.062073 -0.632925 -1.062073 0.984375 0.679688 3
0 1.025219 -1.698390 0.076358 0.250000 0.742188 28
0 -0.013760 -1.698466 1.462375 0.500000 0.742188 28
0 -1.200835 -1.698552 0.076358 0.687500 0.742188 28
0 -0.013760 -1.698466 -1.448492 0.500000 0.742188 28
0 0.000000 1.968200 0.992939 0.256489 0.249459 5
0 0.000000 1.463593 1.201883 0.256489 0.311959 5
0 0.000000 1.448841 1.424179 0.256489 0.444772 4
0 -1.050503 -0.054453 1.404528 0.500000 0.554688 3
0 0.000000 -0.241878 1.633603 0.256489 0.554147 3
0 0.000000 -0.241878 1.633603 0.750000 0.659040 3
0 0.900101 -0.649122 1.036620 0.937500 0.687500 3
0 1.050504 -0.054453 1.404528 0.984375 0.659040 3
0 0.000000 -0.924474 1.365192 0.750000 0.687500 3
0 -1.078360 -0.589988 0.076358 0.781250 0.710938 25
0 1.078360 -0.589987 0.076358 0.781250 0.710938 28
0 -0.900101 -0.649122 1.036621 0.937500 0.687500 3
0 -1.050503 -0.054453 1.404528 0.984375 0.659040 3
0 0.627063 0.445293 1.793968 0.171875 0.195313 7
0 0.000000 -0.106988 0.933148 0.007348 0.242188 7
0 0.870021 0.137971 0.851070 0.171875 0.242188 7
0 -0.620121 0.445293 1.793968 0.171875 0.195313 7
0 -0.865393 0.140286 0.851059 0.171875 0.242188 7
0 0.719619 0.968639 1.863412 0.156250 0.148438 7
0 0.000000 1.447036 1.710878 0.007348 0.109375 7
0 0.000000 1.042172 2.270413 0.007348 0.148438 7
0 -0.710363 0.970952 1.863403 0.156250 0.148438 7
0 -0.000000 1.046123 -2.096758 0.750000 0.117188 7
0 1.254126 2.253001 -1.317502 0.984375 0.054688 7
0 1.265695 0.998453 -1.358275 0.984375 0.117188 7
0 -0.000000 3.424481 -1.220820 0.750000 0.007813 7
0 1.075957 3.292988 -0.597685 0.984375 0.007813 7
0 0.000000 3.493562 0.806236 0.750000 0.000000 7
0 1.103723 3.293928 0.142898 0.984375 0.000000 7
0 0.680282 2.558226 1.254699 0.875000 0.109375 7
0 1.374448 1.007973 0.807902 0.281250 0.148438 7
0 0.627063 0.445293 1.793968 0.156250 0.195313 7
0 0.870021 0.137971 0.851070 0.281250 0.195313 7
0 0.000000 0.400390 2.108915 0.007348 0.195313 7
0 -0.620121 0.445293 1.793968 0.156250 0.195313 7
0 -1.413784 1.007973 0.807902 0.281250 0.148438 7
0 -0.865393 0.140286 0.851059 0.281250 0.195313 7
0 -1.293462 2.253001 -1.317502 0.984375 0.054688 7
0 -0.000000 2.446604 -2.026540 0.750000 0.054688 7
0 -1.089840 3.293928 0.142898 0.984375 0.000000 7
0 -0.666399 2.560541 1.254689 0.875000 0.109375 7
0 0.000000 2.597005 1.652595 0.750000 0.109375 7
0 1.675253 1.007973 0.807902 0.234375 0.382813 7
0 1.774750 2.072618 -0.233600 0.011159 0.250000 7
0 1.353623 2.517104 0.849871 0.234375 0.250000 7
0 1.265695 0.998453 -1.358275 0.234375 0.382813 7
0 1.254126 2.253001 -1.317502 0.234375 0.250000 7
0 2.360163 -0.297330 0.804381 0.234375 0.492188 7
0 2.066299 0.991855 -0.226536 0.011159 0.382813 7
0 2.360162 -0.297389 -1.315551 0.234375 0.492188 7
0 -1.714589 1.007973 0.807902 0.234375 0.382813 7
0 -1.763181 2.077247 -0.233620 0.011159 0.250000 7
0 -2.105635 0.991855 -0.226535 0.011159 0.382813 7
0 -1.305032 1.005395 -1.358305 0.234375 0.382813 7
0 -2.399499 -0.297330 0.804382 0.234375 0.492188 7
0 -2.744268 -0.095924 -0.235641 0.011159 0.492188 7
0 -2.399499 -0.297389 -1.315550 0.234375 0.492188 7
0 0.819115 2.103967 0.038081 0.734375 0.000000 5
0 0.000000 -0.106988 0.933148 0.625000 0.117188 7
0 0.000000 1.968200 0.992939 0.734375 0.117188 5
0 -0.819115 2.103967 0.038081 0.734375 0.000000 5
0 -0.000000 -0.086813 -0.795750 0.625000 0.117188 7
0 -0.000000 2.037521 -0.780434 0.734375 0.117188 5
0 1.353623 2.517104 0.849871 0.281250 0.007813 7
0 0.687224 1.292483 1.299605 0.156250 0.117188 7
0 0.680282 2.558226 1.254699 0.156250 0.000000 7
0 -0.666399 2.560541 1.254689 0.156250 0.000000 7
0 -0.677968 1.294796 1.299595 0.156250 0.117188 7
0 -1.342053 2.519430 0.852175 0.281250 0.007813 7
0 1.510967 2.417112 0.741536 0.984375 0.242188 7
0 0.680282 3.448945 1.185983 0.796875 0.125000 7
0 0.680282 2.470600 1.326828 0.796875 0.242188 7
0 0.000000 3.453079 1.600231 0.625000 0.125000 7
0 0.000000 2.509387 1.727039 0.625000 0.242188 7
0 -0.666399 2.472914 1.326818 0.796875 0.242188 7
0 -0.664085 3.451259 1.185973 0.796875 0.125000 7
0 -1.499398 2.421741 0.741516 0.984375 0.242188 7
0 0.377163 1.882132 1.711280 0.609375 0.125000 7
0 0.000000 2.597005 1.652595 0.515625 0.000000 7
0 0.032395 1.894935 1.991259 0.515625 0.125000 7
0 -0.270724 1.812643 1.697700 0.421875 0.125000 7
0 -1.022738 -1.696813 -2.363142 0.421875 0.125000 3
0 -0.002314 0.001080 -1.309659 0.609375 0.000000 3
0 0.002313 -0.396539 -3.086607 0.609375 0.125000 3
0 0.981087 -1.696813 -2.363142 0.421875 0.125000 3
0 0.073167 -0.471815 -0.917456 0.984375 0.906250 13
0 1.175941 -0.954027 0.767243 0.750000 0.843750 11
0 1.180317 -0.955180 -0.783535 0.984375 0.843750 11
0 0.563294 0.448655 0.030603 0.875000 0.906250 13
0 1.516317 -0.300879 0.038546 0.875000 0.843750 11
0 -0.087077 0.401578 1.146658 0.750000 0.718750 13
0 1.249331 -0.022257 0.029191 0.984375 0.843750 13
0 0.233485 1.025824 0.031853 0.984375 0.718750 13
0 -0.087400 0.401455 -1.084657 0.750000 0.718750 13
0 0.073530 -0.472078 0.975922 0.984375 0.906250 13
0 0.955918 -0.542804 -0.918380 0.750000 0.953125 13
0 0.956266 -0.543061 0.977312 0.984375 0.953125 13
0 1.474106 -1.043753 -0.918533 0.750000 0.992188 13
0 1.474453 -1.044010 0.977160 0.984375 0.992188 13
0 0.955918 -0.542804 -0.918380 0.984375 0.945313 13
0 1.249331 -0.022257 0.029191 0.875000 0.945313 13
0 0.956266 -0.543061 0.977312 0.750000 0.945313 13
0 1.845845 -0.597380 0.029712 0.875000 0.984375 13
0 1.474106 -1.043753 -0.918533 0.984375 0.984375 13
0 1.474453 -1.044010 0.977160 0.750000 0.984375 13
0 0.684608 -1.185025 0.793966 0.828125 0.992188 13
0 0.621392 -0.496431 0.361609 0.906250 0.945313 13
0 0.621950 -0.495854 0.944900 0.828125 0.945313 13
0 0.684329 -1.185314 0.502320 0.906250 0.992188 13
0 0.119450 -0.462598 0.626697 0.828125 0.945313 13
0 0.684608 -1.185025 0.793966 0.906250 0.992188 13
0 0.621950 -0.495854 0.944900 0.906250 0.945313 13
0 0.977290 0.114143 0.046369 0.984375 0.273438 9
0 1.572640 -1.206096 0.778763 0.703125 0.351563 9
0 1.919117 -0.553597 0.052437 0.984375 0.351563 9
0 0.417919 0.251218 0.039075 0.984375 0.375000 11
0 1.175941 -0.954027 0.767243 0.703125 0.250000 11
0 1.516317 -0.300879 0.038546 0.984375 0.250000 11
0 1.573456 -1.205221 -0.927104 0.703125 0.351563 9
0 0.371111 -0.607848 -0.994528 0.703125 0.273438 9
0 0.091698 -0.410872 -0.882451 0.703125 0.375000 11
0 1.180317 -0.955180 -0.783535 0.703125 0.250000 11
0 0.793662 1.299345 -0.997159 0.984375 0.250000 5
0 0.368618 -0.605305 0.850201 0.703125 0.273438 9
0 0.807546 1.422071 0.994044 0.703125 0.250000 5
0 0.371111 -0.607848 -0.994528 0.984375 0.273438 9
0 0.091698 -0.410872 -0.882451 0.984375 0.375000 11
0 0.083662 -0.405209 0.767820 0.703125 0.375000 11
0 1.180317 -0.955180 -0.783535 0.984375 0.250000 11
0 -0.977290 0.114141 0.046369 0.984375 0.273438 17
0 -1.572639 -1.206097 0.778763 0.703125 0.351563 17
0 -0.368617 -0.605306 0.850201 0.703125 0.273438 17
0 -0.417919 0.251220 0.039074 0.984375 0.375000 19
0 -0.083661 -0.405207 0.767820 0.703125 0.375000 19
0 -1.175941 -0.954024 0.767243 0.703125 0.250000 19
0 -1.573455 -1.205222 -0.927104 0.703125 0.351563 17
0 -1.919117 -0.553598 0.052437 0.984375 0.351563 17
0 -0.091697 -0.410870 -0.882451 0.703125 0.375000 19
0 -1.180316 -0.955177 -0.783535 0.703125 0.250000 19
0 -1.516317 -0.300878 0.038546 0.984375 0.250000 19
0 -0.793663 1.299345 -0.997158 0.984375 0.250000 5
0 -0.371111 -0.607849 -0.994528 0.984375 0.273438 17
0 -1.573455 -1.205222 -0.927104 0.984375 0.351563 17
0 -0.091697 -0.410870 -0.882451 0.984375 0.375000 19
0 -1.180316 -0.955177 -0.783535 0.984375 0.250000 19
0 -0.073166 -0.471815 -0.917457 0.984375 0.906250 21
0 -1.175941 -0.954024 0.767243 0.750000 0.843750 19
0 -0.073529 -0.472077 0.975921 0.750000 0.906250 21
0 -0.563294 0.448656 0.030602 0.875000 0.906250 21
0 -1.180316 -0.955177 -0.783535 0.984375 0.843750 19
0 0.089369 0.401903 1.146641 0.750000 0.718750 21
0 -1.249329 -0.022257 0.029190 0.984375 0.843750 21
0 -0.956264 -0.543061 0.977311 0.750000 0.843750 21
0 0.089692 0.401780 -1.084673 0.750000 0.718750 21
0 -0.955901 -0.542799 -0.916066 0.750000 0.843750 21
0 -0.073529 -0.472077 0.975921 0.984375 0.906250 21
0 -0.955917 -0.542804 -0.918381 0.750000 0.953125 21
0 -0.073166 -0.471815 -0.917457 0.750000 0.906250 21
0 -0.956264 -0.543061 0.977311 0.984375 0.953125 21
0 -1.474105 -1.043752 -0.918534 0.750000 0.992188 21
0 -0.955917 -0.542804 -0.918381 0.984375 0.945313 21
0 -0.956264 -0.543061 0.977311 0.750000 0.945313 21
0 -1.845845 -0.597380 0.029711 0.875000 0.984375 21
0 -1.249329 -0.022257 0.029190 0.875000 0.945313 21
0 -0.684607 -1.185025 0.793965 0.828125 0.992188 21
0 -0.621390 -0.496430 0.361608 0.906250 0.945313 21
0 -0.684328 -1.185313 0.502319 0.906250 0.992188 21
0 -0.119449 -0.462598 0.626697 0.828125 0.945313 21
0 -0.470696 -1.433103 0.642600 0.828125 0.992188 21
0 -0.684607 -1.185025 0.793965 0.906250 0.992188 21
0 0.000000 1.968200 0.992939 0.250000 0.250000 5
0 1.598895 1.932738 0.039878 0.687500 0.250000 5
0 1.050504 -0.054453 1.404528 0.500000 0.554688 3
0 -0.608552 0.047874 -1.745220 0.500000 0.992188 7
0 -0.002314 1.015705 -1.645329 0.625000 0.937500 7
0 -0.002314 0.834931 -2.230061 0.500000 0.937500 7
0 0.569216 0.047874 -1.745221 0.500000 0.992188 7
0 0.650114 -1.601326 0.076358 0.375000 0.750000 25
0 0.010457 -0.337304 0.821886 0.484375 0.812500 26
0 0.602837 -0.337988 0.029348 0.375000 0.812500 26
0 -0.710510 -1.603541 0.076358 0.375000 0.750000 25
0 -0.665227 -0.337896 0.029348 0.375000 0.812500 26
0 0.009139 -1.601279 -0.527566 0.250000 0.750000 25
0 0.010457 -0.336815 -0.529055 0.250000 0.812500 26
0 -0.028779 -0.037445 0.894081 0.484375 0.933715 27
0 0.496496 -0.036220 0.198966 0.375000 0.933715 27
0 -0.655869 -0.038447 0.198847 0.375000 0.933715 27
0 -0.028779 -0.038105 -0.524120 0.250000 0.933715 27
0 -0.419892 -0.719153 1.528444 0.734375 0.750000 27
0 -0.655869 -0.038447 0.198847 0.515625 0.851563 27
0 -0.787816 -0.719715 0.198303 0.734375 0.851563 27
0 -0.028829 -0.718974 -0.621968 0.734375 0.929688 27
0 -0.028779 -0.038105 -0.524120 0.515625 0.929688 27
0 0.621401 -0.719818 0.198303 0.734375 0.851563 27
0 0.496496 -0.036220 0.198966 0.515625 0.851563 27
0 0.362235 -0.719569 1.535377 0.734375 0.750000 27
0 -0.650114 -1.601325 0.076358 0.375000 0.750000 28
0 -0.009628 -0.337306 0.821887 0.484375 0.812500 29
0 -0.009139 -1.601278 0.909357 0.484375 0.750000 28
0 0.710510 -1.603540 0.076358 0.375000 0.750000 28
0 0.666055 -0.337898 0.029348 0.375000 0.812500 29
0 -0.009140 -1.601278 -0.527566 0.250000 0.750000 28
0 -0.602009 -0.337990 0.029349 0.375000 0.812500 29
0 0.028779 -0.037463 0.894081 0.484375 0.933715 30
0 0.655869 -0.038466 0.198846 0.375000 0.933715 30
0 -0.009628 -0.336817 -0.529054 0.250000 0.812500 29
0 -0.496496 -0.036238 0.198966 0.375000 0.933715 30
0 0.419892 -0.719171 1.528444 0.734375 0.750000 30
0 0.655869 -0.038466 0.198846 0.515625 0.851563 30
0 0.028800 -0.326542 1.553425 0.500000 0.750000 30
0 0.028828 -0.718992 -0.621969 0.734375 0.929688 30
0 0.028779 -0.038123 -0.524121 0.515625 0.929688 30
0 -0.621401 -0.719836 0.198302 0.734375 0.851563 30
0 -0.496496 -0.036238 0.198966 0.515625 0.851563 30
0 -0.362235 -0.719588 1.535377 0.734375 0.750000 30
0 0.981087 -0.683015 -2.697829 0.421875 0.125000 7
0 -0.002314 0.834931 -2.230061 0.609375 0.000000 7
0 0.569216 0.047874 -1.745221 0.421875 0.000000 7
0 -1.022738 -0.683015 -2.697829 0.421875 0.125000 7
0 -0.608552 0.047874 -1.745220 0.421875 0.000000 7
0 2.214276 -1.540047 1.386772 0.000858 0.992188 9
0 0.950745 0.201894 0.055320 0.234375 0.875000 9
0 0.342605 -0.520525 0.937858 0.000858 0.875000 9
0 2.131591 -1.370130 -1.430863 0.062500 0.992188 9
0 0.258849 -0.404977 -1.236806 0.062500 0.875000 9
0 1.573017 -0.427361 -1.851297 0.148438 0.992188 5
0 0.714050 0.946739 -1.557558 0.148438 0.875000 5
0 -0.000000 -0.586724 -2.102040 0.234375 0.992188 5
0 -0.000000 1.007519 -1.681400 0.234375 0.875000 5
0 -0.714051 0.946739 -1.557557 0.148438 0.875000 5
0 -1.573017 -0.427361 -1.851297 0.148438 0.992188 5
0 -0.258849 -0.404978 -1.236806 0.062500 0.875000 17
0 -2.131591 -1.370131 -1.430863 0.062500 0.992188 17
0 -0.950745 0.201892 0.055321 0.234375 0.875000 17
0 -2.214275 -1.540049 1.386772 0.000858 0.992188 17
0 -0.342604 -0.520526 0.937858 0.000858 0.875000 17
0 1.598895 1.932738 0.039878 0.234375 0.812500 5
0 0.807546 1.422071 0.994044 0.000858 0.812500 5
0 0.800604 1.813929 -0.916937 0.062500 0.812500 5
0 1.122234 2.607286 1.469890 0.000858 0.687500 5
0 1.598895 1.932738 0.039878 0.234375 0.804688 5
0 2.082497 2.657063 0.039216 0.234375 0.687500 5
0 1.182395 2.667741 -1.148059 0.156250 0.687500 5
0 0.800604 1.813929 -0.916937 0.156250 0.804688 5
0 -0.000000 2.680009 -1.742927 0.078125 0.687500 5
0 -0.800604 1.813929 -0.916936 0.156250 0.804688 5
0 -1.182396 2.667741 -1.148059 0.156250 0.687500 5
0 -1.598895 1.932738 0.039878 0.234375 0.804688 5
0 -2.082497 2.657063 0.039217 0.234375 0.687500 5
0 -1.122234 2.607286 1.469890 0.000858 0.687500 5
0 -1.598895 1.932738 0.039878 0.234375 0.812500 5
0 1.949009 -0.599238 1.001668 0.468750 0.937500 9
0 1.189246 0.397027 0.056139 0.250000 0.992188 9
0 0.867190 -0.226729 1.016308 0.250000 0.937500 9
0 1.950812 -0.598748 -0.891676 0.468750 0.937500 9
0 0.868033 -0.228331 -0.902499 0.250000 0.937500 9
0 1.254126 2.253001 -1.317502 0.062500 0.679688 7
0 1.075957 3.292988 -0.597685 0.234375 0.679688 7
0 2.346280 4.333702 -0.238908 0.234375 0.515625 7
0 1.103723 3.293928 0.142898 0.218750 0.679688 7
0 1.265695 0.998453 -1.358275 0.515625 0.000000 7
0 -0.000000 -0.086813 -0.795750 0.515625 0.195313 7
0 -0.000000 1.046123 -2.096758 0.421875 0.000000 7
0 -1.305032 1.005395 -1.358305 0.515625 0.000000 7
0 1.353623 2.517104 0.849871 0.234375 0.503648 7
0 1.774750 2.072618 -0.233600 0.011159 0.503648 7
0 2.346280 4.333702 -0.238908 0.011159 0.679688 7
0 1.254126 2.253001 -1.317502 0.234375 0.503648 7
0 -1.293462 2.253001 -1.317502 0.062500 0.679688 7
0 -2.325454 4.340644 -0.238939 0.234375 0.515625 7
0 -1.085212 3.292988 -0.597685 0.234375 0.679688 7
0 -1.089840 3.293928 0.142898 0.218750 0.679688 7
0 -1.342053 2.519430 0.852175 0.234375 0.503648 7
0 -2.325454 4.340644 -0.238939 0.011159 0.679688 7
0 -1.763181 2.077247 -0.233620 0.011159 0.503648 7
0 -1.293462 2.253001 -1.317502 0.234375 0.503648 7
0 0.448894 1.299359 1.811044 0.515625 0.242188 7
0 1.925153 2.324789 0.272132 0.515625 0.242188 7
0 1.353623 2.517104 0.849871 0.609375 0.000000 7
0 1.467003 1.927306 0.931150 0.421875 0.125000 7
0 0.677969 2.558226 1.254699 0.421875 0.000000 7
0 -1.911269 2.329427 0.274426 0.515625 0.242188 7
0 -1.455434 1.929630 0.933455 0.421875 0.125000 7
0 -1.342053 2.519430 0.852175 0.609375 0.000000 7
0 -0.666399 2.560541 1.254689 0.421875 0.000000 7
0 -0.013884 -1.788009 -4.166307 0.515625 0.242188 3
0 -0.013884 -0.774252 -4.500296 0.515625 0.242188 7
0 0.002314 0.616780 -3.420986 0.609375 0.125000 7
0 -0.028779 -0.037445 0.894081 0.500000 0.812500 27
0 -0.028800 -0.326524 1.553426 0.500000 0.750000 27
0 0.028779 -0.037463 0.894081 0.500000 0.812500 30
0 -0.800604 1.813929 -0.916936 0.062500 0.812500 5
0 -0.000000 1.791901 -1.472103 0.234375 0.812500 5
0 -1.025219 -1.698391 0.076358 0.625000 0.992188 25
0 1.200835 -1.698554 0.076358 0.671875 0.968750 25
0 0.013761 -1.698467 1.462376 0.625000 0.968750 25
0 1.025219 -1.698390 0.076358 0.625000 0.992188 28
0 -1.200835 -1.698552 0.076358 0.671875 0.968750 28
0 -0.013760 -1.698466 -1.448492 0.671875 0.992188 28
0 1.374448 1.007973 0.807902 0.250000 0.125000 7
0 0.807546 -0.053260 -0.006709 0.421875 0.242188 7
0 1.760867 0.987165 -0.240401 0.421875 0.125000 7
0 0.807546 -0.053260 -0.006709 0.421875 0.195313 7
0 -0.802918 -0.050946 -0.006719 0.421875 0.242188 7
0 -1.413784 1.007973 0.807902 0.250000 0.125000 7
0 -1.751611 0.994107 -0.240431 0.421875 0.125000 7
0 -0.802918 -0.050946 -0.006719 0.421875 0.195313 7
0 -1.751611 0.994107 -0.240431 0.421875 0.000000 7
0 1.774750 2.072618 -0.233600 0.406250 0.031250 7
0 1.353623 2.517104 0.849871 0.250000 0.000000 7
0 -1.763181 2.077247 -0.233620 0.406250 0.031250 7
0 -1.751611 0.994107 -0.240431 0.406250 0.125000 7
0 0.867707 1.989744 1.446973 0.421875 0.125000 7
0 1.018109 2.536513 1.053447 0.609375 0.000000 7
0 0.340141 2.577617 1.453647 0.421875 0.000000 7
0 -0.860765 1.989744 1.446973 0.421875 0.125000 7
0 -1.011168 2.538828 1.053437 0.609375 0.000000 7
0 -1.288834 2.163556 0.974085 0.609375 0.125000 7
0 0.819115 2.103967 0.038081 0.843750 0.250000 5
0 0.793662 1.299345 -0.997159 0.843750 0.296875 5
0 -0.000000 2.037521 -0.780434 0.984375 0.250000 5
0 -0.819115 2.103967 0.038081 0.843750 0.250000 5
0 -0.793663 1.299345 -0.997158 0.843750 0.296875 5
0 -1.598895 1.932738 0.039878 0.718750 0.273438 5
0 -0.419892 -0.719153 1.528444 0.687500 0.992188 27
0 0.621401 -0.719818 0.198303 0.734375 0.968750 27
0 0.362235 -0.719569 1.535377 0.734375 0.992188 27
0 0.419892 -0.719171 1.528444 0.687500 0.992188 30
0 -0.621401 -0.719836 0.198302 0.734375 0.968750 30
0 0.787816 -0.719733 0.198302 0.687500 0.968750 30
0 0.295186 0.022975 0.790371 0.984375 0.562500 27
0 -0.338865 -0.248718 1.383414 0.875000 0.617188 27
0 0.304422 -0.250597 1.374050 0.984375 0.617188 27
0 -0.295186 0.062900 0.790371 0.984375 0.562500 30
0 0.338865 -0.208793 1.383413 0.875000 0.617188 30
0 0.348101 0.062348 0.801926 0.875000 0.562500 30
0 0.689522 -0.612039 1.020800 0.984375 0.617188 9
0 1.411470 1.912685 0.333987 0.875000 0.562500 5
0 0.937124 1.440703 1.005420 0.875000 0.617188 5
0 -1.411470 1.912685 0.333987 0.875000 0.562500 5
0 -0.689521 -0.612039 1.020800 0.984375 0.617188 17
0 -0.937123 1.440703 1.005420 0.875000 0.617188 5
0 1.078360 -0.589987 0.076358 0.250000 0.625000 28
0 -1.050503 -0.054453 1.404528 0.500000 0.562500 3
0 0.819115 2.103967 0.038081 0.500000 0.265625 5
0 0.870021 0.137971 0.851070 0.250000 0.210938 7
0 0.000000 -0.106988 0.933148 0.250000 0.242188 7
0 -0.865393 0.140286 0.851059 0.250000 0.210938 7
0 1.103723 3.293928 0.142898 0.234375 0.679688 7
0 1.353623 2.517104 0.849871 0.062500 0.679688 7
0 1.402215 1.512854 0.888999 0.515625 0.242188 7
0 1.295776 2.161243 0.974095 0.609375 0.125000 7
0 -1.395273 1.512854 0.889000 0.515625 0.242188 7
0 -0.303119 2.122229 1.575994 0.515625 0.125000 7
0 0.071731 2.533542 2.483720 0.515625 0.242188 7
0 0.000000 2.597005 1.652595 0.609375 0.125000 7
0 -1.342053 2.519430 0.852175 0.984375 0.109375 7
0 1.353623 2.517104 0.849871 0.984375 0.109375 7
0 -1.342053 2.519430 0.852175 0.062500 0.679688 7
0 -1.089840 3.293928 0.142898 0.234375 0.679688 7
0 1.845845 -0.597380 0.029712 0.875000 0.968750 13
0 1.474453 -1.044010 0.977160 0.750000 0.992188 13
0 1.474106 -1.043753 -0.918533 0.984375 0.992188 13
0 0.470698 -1.433103 0.642600 0.875000 0.953125 13
0 -1.845845 -0.597380 0.029711 0.875000 0.968750 21
0 -1.474105 -1.043752 -0.918534 0.984375 0.992188 21
0 -1.474452 -1.044010 0.977159 0.750000 0.992188 21
0 -0.470696 -1.433103 0.642600 0.875000 0.953125 21
0 -0.819115 2.103967 0.038081 0.500000 0.265625 5
0 -1.598895 1.932738 0.039878 0.687500 0.250000 5
0 -0.787816 -0.719715 0.198303 0.687500 0.968750 27
0 -0.028829 -0.718974 -0.621968 0.718750 0.992188 27
0 0.362235 -0.719569 1.535377 0.734375 0.757813 27
0 0.028828 -0.718992 -0.621969 0.718750 0.992188 30
0 -0.362235 -0.719588 1.535377 0.734375 0.757813 30
0 1.050503 -0.054454 -1.187023 0.843750 0.554688 3
0 -1.050504 -0.054454 -1.187023 0.843750 0.554688 3
0 0.013760 -1.698467 -1.448492 0.500000 0.742188 25
0 -1.050504 -0.054454 -1.187023 0.984375 0.660041 3
0 -0.000000 -1.179001 0.037022 0.750000 0.710938 3
0 -1.305032 1.005395 -1.358305 0.984375 0.117188 7
0 -1.085212 3.292988 -0.597685 0.984375 0.007813 7
0 2.704932 -0.095924 -0.235641 0.011159 0.492188 7
0 -1.342053 2.521733 0.849851 0.234375 0.250000 7
0 -1.293462 2.253001 -1.317502 0.234375 0.250000 7
0 0.807546 -0.053260 -0.006709 0.625000 0.000000 7
0 -0.802918 -0.050946 -0.006719 0.625000 0.000000 7
0 0.000000 2.597005 1.652595 0.007348 0.000000 7
0 1.554931 3.411656 0.600619 0.984375 0.125000 7
0 -1.538734 3.418600 0.600589 0.984375 0.125000 7
0 0.340141 2.577617 1.453647 0.609375 0.000000 7
0 -0.333199 2.577617 1.453647 0.421875 0.000000 7
0 -0.469719 -0.616727 -0.902415 0.421875 0.000000 3
0 0.432696 -0.616727 -0.902415 0.421875 0.000000 3
0 0.073530 -0.472078 0.975922 0.750000 0.906250 13
0 0.956266 -0.543061 0.977312 0.750000 0.843750 13
0 0.955902 -0.542799 -0.916066 0.750000 0.843750 13
0 0.073167 -0.471815 -0.917456 0.750000 0.906250 13
0 0.470698 -1.433103 0.642600 0.828125 0.992188 13
0 1.573456 -1.205221 -0.927104 0.984375 0.351563 9
0 -0.371111 -0.607849 -0.994528 0.703125 0.273438 17
0 -0.807546 1.422071 0.994045 0.703125 0.250000 5
0 -1.516317 -0.300878 0.038546 0.875000 0.843750 19
0 -0.231194 1.026148 0.031836 0.984375 0.718750 21
0 -1.474452 -1.044010 0.977159 0.984375 0.992188 21
0 -1.474105 -1.043752 -0.918534 0.984375 0.984375 21
0 -1.474452 -1.044010 0.977159 0.750000 0.984375 21
0 -0.621949 -0.495854 0.944899 0.828125 0.945313 21
0 -0.621949 -0.495854 0.944899 0.906250 0.945313 21
0 -0.469719 0.397255 -1.237602 0.625000 0.992188 7
0 0.432696 0.397255 -1.237602 0.625000 0.992188 7
0 0.009140 -1.601279 0.909357 0.484375 0.750000 25
0 0.028779 -0.038123 -0.524121 0.250000 0.933715 30
0 0.787816 -0.719733 0.198302 0.734375 0.851563 30
0 2.801868 -0.386110 0.054246 0.234375 0.992188 9
0 -2.801868 -0.386111 0.054246 0.234375 0.992188 17
0 0.807546 1.422071 0.994044 0.000858 0.804688 5
0 -0.000000 1.791901 -1.472103 0.078125 0.804688 5
0 -0.807546 1.422071 0.994045 0.000858 0.804688 5
0 -0.807546 1.422071 0.994045 0.000858 0.812500 5
0 2.244227 -0.079274 0.055457 0.468750 0.992188 9
0 0.013760 -1.698467 -1.448492 0.671875 0.992188 25
0 -0.013760 -1.698466 1.462375 0.625000 0.968750 28
0 1.760867 0.987165 -0.240401 0.421875 0.000000 7
0 1.760867 0.987165 -0.240401 0.406250 0.125000 7
0 -1.342053 2.519430 0.852175 0.250000 0.000000 7
0 1.598895 1.932738 0.039878 0.718750 0.273438 5
0 -0.362235 -0.719588 1.535377 0.734375 0.992188 30
0 -0.348102 0.022423 0.801927 0.875000 0.562500 27
0 -0.304422 -0.210672 1.374050 0.984375 0.617188 30
0 1.002908 -0.020622 0.349978 0.984375 0.562500 9
0 -1.002907 -0.020623 0.349978 0.984375 0.562500 17
300
-0.120452 0.329077 0.936589
0.976650 -0.214834 -0.000323
0.523013 -0.332383 0.784843
0.888563 -0.454288 0.063852
0.457182 -0.222360 -0.861127
0.378378 0.818407 0.432481
0.776895 0.629292 -0.020619
0.244860 0.826292 -0.507233
-0.000000 -0.024152 -0.999708
0.000002 0.982038 -0.188684
-0.244860 0.826292 -0.507234
-0.976650 -0.214835 -0.000323
-0.776895 0.629292 -0.020619
-0.378378 0.818407 0.432481
0.276333 0.839059 0.468637
0.463581 0.885656 -0.026563
-0.444422 0.876881 0.183218
0.000001 -0.011150 0.999938
0.444421 0.876882 0.183216
-0.463580 0.885657 -0.026563
-0.276333 0.839059 0.468637
-0.811345 0.584556 -0.003644
-0.000000 -0.877805 -0.479018
0.192701 -0.542066 -0.817943
-0.797229 -0.603663 0.004099
-0.013073 -0.555149 0.831648
0.839738 -0.542700 0.017808
-0.145626 0.379047 -0.913847
0.120452 0.329078 0.936589
-0.888563 -0.454289 0.063852
-0.457182 -0.222361 -0.861127
0.145626 0.379048 -0.913847
0.811345 0.584556 -0.003644
-0.000000 0.998274 0.058724
-0.192701 -0.542066 -0.817943
0.797229 -0.603663 0.004098
0.013074 -0.555149 0.831648
-0.839738 -0.542700 0.017808
0.025370 -0.502077 -0.864451
0.000000 0.933313 0.359063
0.000000 0.864871 0.501995
0.000000 0.675745 0.737135
-0.523013 -0.332383 0.784843
0.000000 -0.193314 0.981137
0.334229 -0.766229 0.548802
-0.000000 -0.962851 0.270034
-0.334229 -0.766229 0.548802
0.567999 -0.554083 0.608581
-0.001888 -0.990804 -0.135291
0.625835 -0.740186 0.245876
-0.562356 -0.555685 0.612348
-0.612161 -0.750829 0.248022
0.667551 0.280398 0.689749
-0.002975 0.529478 0.848318
-0.002095 0.318779 0.947827
-0.658565 0.285621 0.696213
0.005136 -0.344741 -0.938684
0.656893 0.186232 -0.730623
0.719412 -0.179730 -0.670927
0.001896 0.851789 -0.523882
-0.044610 0.875895 -0.480435
-0.003681 0.891004 0.453980
-0.061394 0.905163 0.420609
0.502760 0.360473 0.785679
0.864902 -0.199433 0.460620
-0.002201 -0.598177 0.801361
-0.865785 -0.201061 0.458247
-0.665458 0.186370 -0.722794
0.006093 0.352873 -0.935651
0.070571 0.909324 0.410060
-0.505765 0.347997 0.789366
-0.190552 0.436354 0.879367
0.893033 0.321954 0.314385
0.999471 0.003841 0.032288
0.687083 0.231293 0.688782
0.822892 0.457275 0.337267
0.903982 0.418612 -0.087071
0.746701 0.520270 -0.414436
-0.888038 0.340356 0.309105
-0.999129 0.023054 0.034781
-0.896185 0.435477 -0.084926
-0.724795 -0.172187 -0.667101
-0.822891 0.457275 0.337267
-0.862370 0.506257 0.004571
-0.747745 0.519613 -0.413376
-0.253995 0.955584 -0.149484
0.253858 0.955629 -0.149431
0.002745 -0.999993 0.002517
0.000000 0.864680 0.502324
0.588139 0.414690 0.694352
-0.576297 0.422182 0.699746
-0.639820 0.238811 0.730479
0.566480 0.103924 0.817497
0.543035 0.112989 0.832073
0.544484 0.117244 0.830537
-0.005591 0.138922 0.990288
-0.003750 0.133176 0.991085
-0.547796 0.117852 0.828269
-0.546761 0.114174 0.829468
-0.565640 0.105872 0.817828
0.593938 0.286598 0.751731
-0.120016 0.049356 0.991544
-0.651314 -0.043968 0.757533
-0.826161 0.494066 -0.270846
0.013691 0.981601 -0.190450
0.011544 0.848605 -0.528902
0.838924 0.475731 -0.264361
0.154743 -0.716044 0.680688
-0.643305 0.648538 -0.406887
-0.564231 0.640683 0.520739
-0.415469 0.908903 -0.035776
-0.990059 0.134300 -0.041801
0.618256 0.594787 0.513797
0.663280 0.748371 -0.000664
0.718064 0.695977 0.000670
0.617245 0.595451 -0.514244
-0.141234 -0.789559 -0.597201
0.075098 -0.162716 -0.983811
0.355318 0.180865 0.917081
0.240755 -0.544171 -0.803688
0.240888 -0.544546 0.803394
0.981930 0.189245 0.000080
0.558103 -0.361956 0.746665
0.399112 -0.148355 -0.904821
0.359532 -0.168323 0.917826
0.578762 -0.356578 -0.733408
-0.920290 -0.389958 -0.031600
0.531861 0.843786 0.071761
0.571887 -0.667737 0.476522
0.986924 -0.134656 0.088593
-0.601255 0.356457 -0.715144
0.562736 -0.634880 -0.529392
-0.880193 -0.063829 -0.470305
0.836234 -0.266010 0.479532
-0.869010 -0.112166 0.481912
0.474132 -0.637881 -0.606883
-0.531861 0.843785 0.071761
-0.571891 -0.667731 0.476524
0.869011 -0.112166 0.481912
0.601286 0.356543 -0.715075
-0.474122 -0.637894 -0.606877
0.643306 0.648536 -0.406890
-0.562738 -0.634877 -0.529394
-0.986924 -0.134656 0.088593
-0.836230 -0.266021 0.479534
0.564234 0.640680 0.520739
0.990058 0.134301 -0.041802
0.880192 -0.063828 -0.470306
-0.154744 -0.716043 0.680688
0.141232 -0.789557 -0.597204
0.415468 0.908904 -0.035775
-0.617615 0.595350 0.513916
-0.663006 0.748614 -0.000662
-0.355038 0.181194 0.917124
-0.616612 0.596006 -0.514361
-0.618000 0.591684 -0.517674
-0.075099 -0.162716 -0.983811
-0.240755 -0.544171 -0.803688
-0.981930 0.189245 0.000080
-0.558103 -0.361956 0.746665
-0.399111 -0.148356 -0.904821
-0.578763 -0.356577 -0.733407
0.920290 -0.389958 -0.031600
0.331035 -0.943608 -0.004430
0.989210 -0.132093 -0.063363
-0.822012 0.557857 -0.114421
0.016079 0.959938 -0.279750
0.011241 0.975881 -0.218013
0.836301 0.539044 -0.100160
-0.997369 -0.030536 0.065745
-0.072859 0.078172 -0.994274
-0.962539 -0.220204 0.158205
0.997489 -0.031161 0.063591
0.975188 -0.114013 0.189761
-0.029133 0.003290 0.999570
-0.063491 -0.090472 0.993873
0.048446 0.998817 -0.004141
0.221348 0.426465 -0.877002
-0.346849 0.752675 -0.559621
0.303925 0.864704 -0.399896
-0.609481 -0.415059 0.675469
-0.819414 -0.541422 -0.188208
0.023177 -0.513434 -0.857816
0.808484 -0.560598 -0.179116
0.631691 -0.403583 0.661882
0.997350 -0.031190 0.065728
0.071901 0.078452 -0.994322
0.026315 -0.069003 -0.997269
-0.997509 -0.030508 0.063609
-0.975155 -0.114758 0.189481
0.029410 0.003270 0.999562
0.962620 -0.219688 0.158428
-0.048009 0.998838 -0.004189
0.346085 0.751413 -0.561787
0.062776 -0.090277 0.993936
-0.222115 0.431952 -0.874118
0.609481 -0.415059 0.675469
-0.009713 0.621029 0.783728
-0.023177 -0.513435 -0.857816
-0.297599 0.866485 -0.400797
-0.808484 -0.560599 -0.179116
-0.631691 -0.403583 0.661882
0.838206 0.482901 -0.253411
-0.825595 0.500405 -0.260744
0.213358 0.686260 0.695361
0.966971 0.245654 0.067980
0.533044 0.411277 0.739402
0.395642 0.893789 -0.211206
0.886736 0.439850 0.142239
0.553779 0.639627 0.533110
0.841942 0.170413 -0.511950
-0.000000 0.274698 -0.961531
-0.000000 0.256496 -0.966545
-0.841942 0.170413 -0.511950
-0.553779 0.639626 0.533111
-0.886736 0.439850 0.142239
-0.395642 0.893789 -0.211206
-0.966971 0.245654 0.067980
-0.213358 0.686259 0.695361
-0.533045 0.411277 0.739402
0.715194 -0.169992 -0.677938
0.776621 -0.429066 0.461262
0.831082 -0.554913 -0.037058
0.583883 -0.446690 -0.677900
-0.000000 -0.370491 -0.928836
-0.715194 -0.169992 -0.677938
-0.583883 -0.446690 -0.677900
-0.989210 -0.132093 -0.063363
-0.831082 -0.554913 -0.037058
-0.776621 -0.429066 0.461262
0.309388 0.768064 0.560675
0.372620 0.927984 0.000429
0.270752 0.763245 0.586643
0.307457 0.768828 -0.560690
0.267136 0.763703 -0.587704
0.554051 0.832326 -0.016168
-0.546359 0.837417 -0.014983
0.061148 0.876116 -0.478207
0.171865 -0.173251 0.969766
0.729064 0.229037 0.644987
0.643286 0.224534 0.731962
0.511676 0.213067 0.832340
-0.730014 0.229069 0.643899
-0.643030 0.224515 0.732192
-0.000846 0.613043 -0.790049
-0.000846 0.613025 -0.790063
0.011765 0.857444 -0.514443
0.009713 0.621029 0.783727
-0.000000 0.102985 -0.994683
0.063454 -0.994968 -0.077540
0.878834 -0.462959 0.115411
-0.056092 -0.995412 -0.077518
-0.881595 -0.462341 0.095031
0.614577 0.281552 0.736901
0.563481 0.374856 0.736187
0.487448 0.362408 0.794389
-0.614265 0.280583 0.737531
-0.562731 0.374160 0.737115
-0.699294 0.168077 0.694793
0.819414 -0.541422 -0.188208
0.007818 0.905914 0.423389
0.007818 0.905914 0.423389
0.008821 0.905494 0.424268
-0.007818 0.905914 0.423389
-0.007817 0.905915 0.423388
-0.006812 0.906335 0.422506
0.918254 -0.164599 0.360162
0.878809 -0.126104 0.460209
0.843940 -0.097844 0.527438
-0.878809 -0.126104 0.460209
-0.918254 -0.164600 0.360162
-0.843940 -0.097844 0.527438
0.735213 0.031830 0.677089
0.699727 0.168042 0.694366
-0.735166 0.031712 0.677144
-0.845640 0.521694 0.112818
-0.845640 0.521694 0.112818
-0.331034 -0.943608 -0.004430
-0.240888 -0.544547 0.803394
-0.025370 -0.502077 -0.864451
0.862371 0.506257 0.004570
-0.936028 0.222807 0.272414
0.556527 0.092389 0.825677
-0.556140 0.094780 0.825667
-0.499865 0.302951 0.811391
-0.824135 0.557463 -0.100186
0.839527 0.537100 -0.081963
0.618635 0.591119 -0.517560
-0.717388 0.696674 0.000667
-0.359533 -0.168324 0.917825
-0.832351 0.535952 -0.141236
0.848522 0.514038 -0.125598
-0.026008 -0.068987 -0.997278
0.301939 0.950414 0.074469
-0.301939 0.950414 0.074469
0.411485 0.911417 0.000212
0.006812 0.906335 0.422506
-0.008821 0.905494 0.424268
0.943347 -0.197148 0.266888
-0.943347 -0.197149 0.266888
439
0 0 1 2 0 1 2 0
0 3 4 1 3 4 1 0
0 5 6 7 5 1 6 0
0 6 8 7 1 7 6 0
0 8 9 10 7 8 9 0
0 9 11 10 8 10 9 0
0 11 12 13 10 11 12 0
0 12 14 13 11 13 12 0
0 15 7 16 14 6 15 0
0 7 17 16 6 16 15 0
0 17 10 18 16 9 17 0
0 10 19 18 9 18 17 0
0 19 13 20 18 12 19 0
0 13 21 20 12 20 19 0
0 22 23 24 21 22 23 0
0 24 25 26 23 8 4 0
0 27 0 28 24 0 21 0
0 29 3 0 25 3 0 0
0 30 31 3 26 27 3 0
0 31 27 28 27 24 21 0
0 32 33 34 28 11 29 0
0 34 35 36 29 30 31 0
0 37 23 38 32 22 33 0
0 39 25 23 34 8 22 0
0 40 32 41 35 28 36 0
0 41 34 42 36 29 37 0
0 42 36 43 37 31 38 0
0 36 40 43 31 35 38 0
0 44 21 45 39 20 40 0
0 45 14 46 40 13 41 0
0 46 47 48 41 42 43 0
0 49 50 51 43 44 2 0
0 52 53 50 45 21 44 0
0 54 52 55 32 45 46 0
0 55 49 56 46 43 42 0
0 57 58 59 47 48 49 0
0 58 60 61 48 50 51 0
0 62 63 64 52 53 54 0
0 63 65 64 53 55 54 0
0 66 67 68 56 57 58 0
0 67 69 70 57 59 60 0
0 70 71 72 60 61 62 0
0 71 73 72 61 63 62 0
0 74 75 76 64 47 49 0
0 62 77 75 52 65 47 0
0 77 65 78 65 55 50 0
0 78 79 80 50 66 51 0
0 66 81 82 56 67 68 0
0 81 69 82 67 59 68 0
0 69 83 71 59 69 61 0
0 71 84 85 61 70 71 0
0 86 87 88 72 73 74 0
0 87 89 90 73 58 57 0
0 91 92 86 75 76 72 0
0 92 93 89 76 77 58 0
0 94 95 96 78 79 80 0
0 95 97 96 79 81 80 0
0 98 96 99 82 80 83 0
0 96 100 99 80 84 83 0
0 101 102 103 85 48 39 0
0 102 104 103 48 86 39 0
0 104 105 106 86 87 88 0
0 105 101 106 87 85 88 0
0 107 108 74 74 89 64 0
0 109 63 108 63 53 89 0
0 63 110 111 53 70 90 0
0 111 112 79 90 91 66 0
0 113 114 115 92 93 94 0
0 115 116 117 94 95 96 0
0 116 118 117 95 97 96 0
0 119 120 118 98 99 97 0
0 121 122 123 100 71 101 0
0 122 124 123 71 102 101 0
0 125 126 127 103 104 105 0
0 126 128 127 104 106 105 0
0 129 130 131 107 108 109 0
0 130 132 133 108 110 111 0
0 132 131 133 110 109 111 0
0 134 135 136 112 113 114 0
0 135 137 136 113 115 114 0
0 138 139 140 116 117 118 0
0 140 141 142 118 119 120 0
0 143 132 144 117 110 113 0
0 132 145 144 110 118 113 0
0 143 146 147 117 121 119 0
0 146 145 148 121 118 120 0
0 149 150 151 122 123 124 0
0 152 153 150 125 126 123 0
0 153 154 155 126 122 124 0
0 156 157 158 127 128 129 0
0 157 159 158 128 130 129 0
0 159 160 161 130 108 111 0
0 156 162 163 127 131 132 0
0 158 164 162 129 133 131 0
0 159 165 164 130 109 133 0
0 166 167 168 16 134 14 0
0 169 157 167 132 128 134 0
0 157 170 171 128 133 135 0
0 171 172 160 135 109 108 0
0 173 174 175 136 137 138 0
0 174 176 177 137 139 140 0
0 176 178 177 139 141 140 0
0 173 179 180 136 142 143 0
0 180 181 176 143 144 139 0
0 176 182 183 139 145 146 0
0 184 175 185 18 138 147 0
0 185 174 186 147 137 142 0
0 174 187 186 137 144 142 0
0 177 188 187 140 145 144 0
0 189 190 191 148 141 149 0
0 190 192 191 141 150 149 0
0 192 193 189 150 145 148 0
0 194 195 196 151 152 153 0
0 195 197 198 152 154 155 0
0 199 200 201 149 156 148 0
0 202 203 200 153 157 156 0
0 204 192 189 156 150 148 0
0 192 205 191 150 153 149 0
0 204 206 207 156 158 152 0
0 206 205 207 158 153 152 0
0 208 209 210 159 160 161 0
0 210 211 212 161 162 163 0
0 211 213 212 162 159 163 0
0 214 15 215 39 14 164 0
0 45 5 15 40 5 14 0
0 46 216 5 41 2 5 0
0 217 218 219 165 166 167 0
0 218 220 219 166 168 167 0
0 221 222 223 169 170 171 0
0 222 224 225 170 172 173 0
0 225 226 227 173 174 175 0
0 226 223 227 174 171 175 0
0 223 228 229 171 176 177 0
0 228 225 230 176 173 178 0
0 230 227 231 178 175 179 0
0 227 229 231 175 177 179 0
0 232 233 234 180 178 181 0
0 233 235 234 178 182 181 0
0 236 237 235 179 183 182 0
0 238 239 237 177 184 183 0
0 240 241 242 185 186 187 0
0 241 243 242 186 188 187 0
0 244 245 243 189 190 188 0
0 245 246 240 190 191 185 0
0 246 247 241 191 192 186 0
0 247 244 241 192 189 186 0
0 248 249 244 193 194 189 0
0 249 250 246 194 195 191 0
0 251 252 253 196 193 197 0
0 252 254 255 193 198 199 0
0 255 256 257 199 200 195 0
0 257 258 253 195 201 197 0
0 259 260 261 202 167 168 0
0 260 262 263 167 203 165 0
0 264 265 266 204 205 206 0
0 265 267 268 205 207 208 0
0 268 269 270 208 209 210 0
0 270 271 272 210 211 212 0
0 271 273 272 211 213 212 0
0 274 275 273 214 215 213 0
0 276 277 275 216 217 215 0
0 277 278 279 217 218 219 0
0 266 280 281 206 164 14 0
0 280 268 282 164 208 220 0
0 283 284 285 221 164 222 0
0 284 286 285 164 223 222 0
0 287 288 286 220 224 223 0
0 288 289 290 224 225 226 0
0 290 291 292 226 227 228 0
0 291 293 292 227 229 228 0
0 279 294 277 219 227 217 0
0 294 275 277 227 215 217 0
0 295 296 297 230 231 232 0
0 296 298 299 231 233 234 0
0 300 301 302 57 60 235 0
0 301 303 302 60 62 235 0
0 304 305 306 58 87 56 0
0 305 307 306 87 81 56 0
0 308 309 310 74 73 235 0
0 309 311 310 73 57 235 0
0 312 313 314 67 236 237 0
0 313 315 314 236 69 237 0
0 316 317 318 91 236 79 0
0 317 319 318 236 67 79 0
0 124 320 123 102 238 101 0
0 320 121 123 238 100 101 0
0 321 322 323 239 74 240 0
0 322 324 323 74 241 240 0
0 325 326 327 242 243 91 0
0 326 328 327 243 70 91 0
0 128 329 127 106 244 105 0
0 329 125 127 244 103 105 0
0 259 330 331 202 245 246 0
0 330 262 331 245 203 246 0
0 238 332 333 177 176 247 0
0 332 233 333 176 178 247 0
0 257 253 334 195 197 192 0
0 253 252 334 197 193 192 0
0 275 335 273 215 225 213 0
0 335 336 273 225 248 213 0
0 273 336 272 213 248 212 0
0 336 270 272 248 210 212 0
0 268 270 282 208 210 220 0
0 270 336 282 210 248 220 0
0 337 338 339 24 26 25 0
0 340 341 342 35 37 38 0
0 343 344 345 64 249 250 0
0 304 346 305 58 249 87 0
0 347 348 349 251 66 252 0
0 307 350 351 81 251 252 0
0 343 352 353 64 73 74 0
0 348 354 355 66 79 252 0
0 356 357 358 253 254 255 0
0 359 360 361 256 257 258 0
0 362 363 364 85 16 88 0
0 365 366 367 86 18 227 0
0 368 369 370 180 183 184 0
0 371 372 373 196 200 259 0
0 374 375 376 260 261 262 0
0 377 378 379 263 264 265 0
0 380 381 382 266 267 268 0
0 383 384 385 269 270 271 0
0 32 386 387 28 32 42 0
0 215 388 214 164 85 39 0
0 28 0 2 21 0 2 0
0 4 31 28 4 27 21 0
0 386 36 35 32 31 30 0
0 389 390 344 49 48 249 0
0 391 347 390 51 251 48 0
0 62 74 108 52 64 89 0
0 111 79 65 90 66 55 0
0 302 392 393 235 62 74 0
0 356 394 395 253 272 273 0
0 359 361 396 256 258 274 0
0 397 398 399 275 276 71 0
0 83 400 84 69 91 70 0
0 72 73 401 62 63 74 0
0 313 402 403 236 91 69 0
0 404 405 406 121 120 119 0
0 149 407 152 122 277 125 0
0 408 409 410 158 157 278 0
0 208 210 411 159 161 163 0
0 214 412 413 39 86 227 0
0 369 414 415 183 181 182 0
0 333 232 416 247 180 184 0
0 372 417 373 200 198 259 0
0 253 418 251 197 201 196 0
0 0 3 1 0 3 1 0
0 3 31 4 3 27 4 0
0 5 216 6 5 2 1 0
0 6 419 8 1 4 7 0
0 8 419 9 7 4 8 0
0 9 420 11 8 30 10 0
0 11 420 12 10 30 11 0
0 12 47 14 11 42 13 0
0 15 5 7 14 5 6 0
0 7 8 17 6 7 16 0
0 17 8 10 16 7 9 0
0 10 11 19 9 10 18 0
0 19 11 13 18 10 12 0
0 13 14 21 12 13 20 0
0 22 38 23 21 33 22 0
0 24 23 25 23 22 8 0
0 27 29 0 24 25 0 0
0 29 30 3 25 26 3 0
0 30 421 31 26 279 27 0
0 31 421 27 27 279 24 0
0 32 387 33 28 42 11 0
0 34 33 35 29 11 30 0
0 37 39 23 32 34 22 0
0 39 422 25 34 30 8 0
0 40 386 32 35 32 28 0
0 41 32 34 36 28 29 0
0 42 34 36 37 29 31 0
0 36 386 40 31 32 35 0
0 214 413 21 39 227 20 0
0 45 21 14 40 20 13 0
0 46 14 47 41 13 42 0
0 49 52 50 43 45 44 0
0 52 423 53 45 33 21 0
0 54 423 52 32 33 45 0
0 55 52 49 46 45 43 0
0 57 77 58 47 65 48 0
0 58 77 60 48 65 50 0
0 62 108 63 52 89 53 0
0 63 111 65 53 90 55 0
0 66 82 67 56 68 57 0
0 67 82 69 57 68 59 0
0 70 69 71 60 59 61 0
0 71 85 73 61 71 63 0
0 74 62 75 64 52 47 0
0 62 64 77 52 54 65 0
0 77 64 65 65 54 55 0
0 78 65 79 50 55 66 0
0 66 424 81 56 81 67 0
0 81 425 69 67 237 59 0
0 69 425 83 59 237 69 0
0 71 83 84 61 69 70 0
0 86 92 87 72 76 73 0
0 87 92 89 73 76 58 0
0 91 426 92 75 280 76 0
0 92 426 93 76 280 77 0
0 94 427 95 78 281 79 0
0 95 428 97 79 67 81 0
0 98 94 96 82 78 80 0
0 96 97 100 80 81 84 0
0 101 429 102 85 249 48 0
0 102 430 104 48 251 86 0
0 104 430 105 86 251 87 0
0 105 429 101 87 249 85 0
0 107 109 108 74 63 89 0
0 109 431 63 63 71 53 0
0 63 431 110 53 71 70 0
0 111 110 112 90 70 91 0
0 113 432 114 92 282 93 0
0 115 114 116 94 93 95 0
0 116 119 118 95 98 97 0
0 119 433 120 98 283 99 0
0 121 434 122 100 255 71 0
0 122 435 124 71 284 102 0
0 125 436 126 103 285 104 0
0 126 437 128 104 286 106 0
0 129 438 130 107 116 108 0
0 130 438 132 108 116 110 0
0 132 129 131 110 107 109 0
0 134 439 135 112 118 113 0
0 135 440 137 113 287 115 0
0 138 441 139 116 107 117 0
0 140 139 141 118 117 119 0
0 143 129 132 117 107 110 0
0 132 438 145 110 116 118 0
0 143 144 146 117 113 121 0
0 146 144 145 121 113 118 0
0 149 152 150 122 125 123 0
0 152 442 153 125 277 126 0
0 153 442 154 126 277 122 0
0 156 167 157 127 134 128 0
0 157 171 159 128 135 130 0
0 159 171 160 130 135 108 0
0 156 158 162 127 129 131 0
0 158 159 164 129 130 133 0
0 159 161 165 130 111 109 0
0 166 169 167 16 132 134 0
0 169 443 157 132 131 128 0
0 157 443 170 128 131 133 0
0 171 170 172 135 133 109 0
0 173 180 174 136 143 137 0
0 174 180 176 137 143 139 0
0 176 183 178 139 146 141 0
0 173 444 179 136 147 142 0
0 180 179 181 143 142 144 0
0 176 181 182 139 144 145 0
0 184 445 175 18 20 138 0
0 185 175 174 147 138 137 0
0 174 177 187 137 140 144 0
0 177 178 188 140 141 145 0
0 189 193 190 148 145 141 0
0 190 446 192 141 146 150 0
0 192 446 193 150 146 145 0
0 194 447 195 151 288 152 0
0 195 447 197 152 288 154 0
0 199 202 200 149 153 156 0
0 202 448 203 153 278 157 0
0 204 207 192 156 152 150 0
0 192 207 205 150 152 153 0
0 204 449 206 156 157 158 0
0 206 450 205 158 278 153 0
0 208 451 209 159 289 160 0
0 210 209 211 161 160 162 0
0 211 452 213 162 289 159 0
0 44 45 15 39 40 14 0
0 45 46 5 40 41 5 0
0 46 48 216 41 43 2 0
0 217 453 218 165 290 166 0
0 218 454 220 166 291 168 0
0 221 455 222 169 292 170 0
0 222 455 224 170 292 172 0
0 225 224 226 173 172 174 0
0 226 221 223 174 169 171 0
0 223 222 228 171 170 176 0
0 228 222 225 176 170 173 0
0 230 225 227 178 173 175 0
0 227 223 229 175 171 177 0
0 232 333 233 180 247 178 0
0 233 236 235 178 179 182 0
0 236 238 237 179 177 183 0
0 238 333 239 177 247 184 0
0 240 246 241 185 191 186 0
0 241 244 243 186 189 188 0
0 244 249 245 189 194 190 0
0 245 249 246 190 194 191 0
0 246 250 247 191 195 192 0
0 247 248 244 192 193 189 0
0 248 456 249 193 199 194 0
0 249 456 250 194 199 195 0
0 251 457 252 196 259 193 0
0 252 457 254 193 259 198 0
0 255 254 256 199 198 200 0
0 257 256 258 195 200 201 0
0 259 331 260 202 246 167 0
0 260 331 262 167 246 203 0
0 264 458 265 204 293 205 0
0 265 458 267 205 293 207 0
0 268 267 269 208 207 209 0
0 270 269 271 210 209 211 0
0 271 274 273 211 214 213 0
0 274 276 275 214 216 215 0
0 276 459 277 216 294 217 0
0 277 459 278 217 294 218 0
0 266 265 280 206 205 164 0
0 280 265 268 164 205 208 0
0 283 460 284 221 14 164 0
0 284 287 286 164 220 223 0
0 287 461 288 220 248 224 0
0 288 461 289 224 248 225 0
0 290 289 291 226 225 227 0
0 291 462 293 227 20 229 0
0 279 463 294 219 20 227 0
0 294 335 275 227 225 215 0
0 295 464 296 230 295 231 0
0 296 464 298 231 295 233 0
0 337 465 338 24 279 26 0
0 340 466 341 35 36 37 0
0 343 389 344 64 49 249 0
0 304 467 346 58 250 249 0
0 347 391 348 251 51 66 0
0 307 305 350 81 87 251 0
0 343 468 352 64 250 73 0
0 348 469 354 66 91 79 0
0 356 395 357 253 273 254 0
0 359 435 360 256 284 257 0
0 362 470 363 85 164 16 0
0 365 364 366 86 88 18 0
0 368 414 369 180 181 183 0
0 371 471 372 196 201 200 0
0 374 472 375 260 296 261 0
0 377 473 378 263 297 264 0
0 380 474 381 266 298 267 0
0 383 475 384 269 299 270 0

Materials: 1
"c1red1body"
0.200000 0.200000 0.200000 1.000000
0.800000 0.800000 0.800000 1.000000
0.000000 0.000000 0.000000 1.000000
1.000000 1.000000 1.000000 1.000000
0.000000
1.000000
"c1red1body.png"
""

Bones: 31
"ParentNode"
""
0 0.000000 0.000000 0.000000 0.000000 0.000000 0.000000
1
0.000000 0.000000 0.000000 -0.000000
1
0.000000 0.000000 -0.000000 0.000000
"Center"
"ParentNode"
0 0.000000 0.000000 0.000000 0.000000 0.000000 0.000000
1
0.000000 0.000000 0.000000 -0.000000
1
0.000000 0.000000 -0.000000 0.000000
"Groove"
"Center"
0 0.000000 0.000000 0.000000 0.000000 0.000000 0.000000
1
0.000000 0.000000 0.000000 -0.000000
1
0.000000 0.000000 -0.000000 0.000000
"Waist"
"Groove"
0 0.000000 0.000000 0.000000 0.000000 0.000000 0.000000
1
0.000000 0.000000 0.000000 -0.000000
1
0.000000 0.000000 -0.000000 0.000000
"UpperBody"
"Waist"
0 0.000000 0.000000 0.000000 0.000000 0.000000 0.000000
1
0.000000 0.000000 0.000000 -0.000000
1
0.000000 0.000000 -0.000000 0.000000
"UpperBody2"
"UpperBody"
0 0.000000 0.000000 0.000000 0.000000 0.000000 0.000000
1
0.000000 0.000000 0.000000 -0.000000
1
0.000000 0.000000 -0.000000 0.000000
"Neck"
"UpperBody2"
0 0.000000 0.000000 0.000000 0.000000 0.000000 0.000000
1
0.000000 0.000000 0.000000 -0.000000
1
0.000000 0.000000 -0.000000 0.000000
"Head"
"Neck"
0 0.000000 0.000000 0.000000 0.000000 0.000000 0.000000
1
0.000000 0.000000 0.000000 -0.000000
1
0.000000 0.000000 -0.000000 0.000000
"Shoulder_L"
"UpperBody2"
0 0.000000 0.000000 0.000000 0.000000 0.000000 0.000000
1
0.000000 0.000000 0.000000 -0.000000
1
0.000000 0.000000 -0.000000 0.000000
"Arm_L"
"Shoulder_L"
0 0.000000 0.000000 0.000000 0.000000 0.000000 0.000000
1
0.000000 0.000000 0.000000 -0.000000
1
0.000000 0.000000 -0.000000 0.000000
"ArmTwist_L"
"Arm_L"
0 0.000000 0.000000 0.000000 0.000000 0.000000 0.000000
1
0.000000 0.000000 0.000000 -0.000000
1
0.000000 0.000000 -0.000000 0.000000
"Elbow_L"
"ArmTwist_L"
0 0.000000 0.000000 0.000000 0.000000 0.000000 0.000000
1
0.000000 0.000000 0.000000 -0.000000
1
0.000000 0.000000 -0.000000 0.000000
"HandTwist_L"
"Elbow_L"
0 0.000000 0.000000 0.000000 0.000000 0.000000 0.000000
1
0.000000 0.000000 0.000000 -0.000000
1
0.000000 0.000000 -0.000000 0.000000
"Wrist_L"
"HandTwist_L"
0 0.000000 0.000000 0.000000 0.000000 0.000000 0.000000
1
0.000000 0.000000 0.000000 -0.000000
1
0.000000 0.000000 -0.000000 0.000000
"Thumb0_L"
"Wrist_L"
0 0.000000 0.000000 0.000000 0.000000 0.000000 0.000000
1
0.000000 0.000000 0.000000 -0.000000
1
0.000000 0.000000 -0.000000 0.000000
"Thumb1_L"
"Thumb0_L"
0 0.000000 0.000000 0.000000 0.000000 0.000000 0.000000
1
0.000000 -0.000000 -0.000000 -0.000000
1
0.000000 0.000000 -0.000000 0.000000
"Shoulder_R"
"UpperBody2"
0 0.000000 0.000000 0.000000 0.000000 0.000000 0.000000
1
0.000000 0.000000 0.000000 -0.000000
1
0.000000 0.000000 -0.000000 0.000000
"Arm_R"
"Shoulder_R"
0 0.000000 0.000000 0.000000 0.000000 0.000000 0.000000
1
0.000000 0.000000 0.000000 -0.000000
1
0.000000 0.000000 -0.000000 0.000000
"ArmTwist_R"
"Arm_R"
0 0.000000 0.000000 0.000000 0.000000 0.000000 0.000000
1
0.000000 0.000000 0.000000 -0.000000
1
0.000000 0.000000 -0.000000 0.000000
"Elbow_R"
"ArmTwist_R"
0 0.000000 0.000000 0.000000 0.000000 0.000000 0.000000
1
0.000000 0.000000 0.000000 -0.000000
1
0.000000 0.000000 -0.000000 0.000000
"HandTwist_R"
"Elbow_R"
0 0.000000 0.000000 0.000000 0.000000 0.000000 0.000000
1
0.000000 0.000000 0.000000 -0.000000
1
0.000000 0.000000 -0.000000 0.000000
"Wrist_R"
"HandTwist_R"
0 0.000000 0.000000 0.000000 0.000000 0.000000 0.000000
1
0.000000 0.000000 0.000000 -0.000000
1
0.000000 0.000000 -0.000000 0.000000
"Thumb0_R"
"Wrist_R"
0 0.000000 0.000000 0.000000 0.000000 0.000000 0.000000
1
0.000000 0.000000 0.000000 -0.000000
1
0.000000 0.000000 -0.000000 0.000000
"Thumb1_R"
"Thumb0_R"
0 0.000000 0.000000 0.000000 0.000000 0.000000 0.000000
1
0.000000 0.000000 0.000000 -0.000000
1
0.000000 0.000000 -0.000000 0.000000
"LowerBody"
"Waist"
0 0.000000 0.000000 0.000000 0.000000 0.000000 0.000000
1
0.000000 0.000000 0.000000 -0.000000
1
0.000000 0.000000 -0.000000 0.000000
"Leg_L"
"LowerBody"
0 0.000000 0.000000 0.000000 0.000000 0.000000 0.000000
1
0.000000 0.000000 0.000000 -0.000000
1
0.000000 0.000000 -0.000000 0.000000
"Knee_L"
"Leg_L"
0 0.000000 0.000000 0.000000 0.000000 0.000000 0.000000
1
0.000000 0.000000 0.000000 -0.000000
1
0.000000 0.000000 -0.000000 0.000000
"Ankle_L"
"Knee_L"
0 0.000000 0.000000 0.000000 0.000000 0.000000 0.000000
1
0.000000 0.000000 -0.000000 0.000000
1
0.000000 0.000000 -0.000000 0.000000
"Leg_R"
"LowerBody"
0 0.000000 0.000000 0.000000 0.000000 0.000000 0.000000
1
0.000000 0.000000 0.000000 -0.000000
1
0.000000 0.000000 -0.000000 0.000000
"Knee_R"
"Leg_R"
0 0.000000 0.000000 0.000000 0.000000 0.000000 0.000000
1
0.000000 0.000000 0.000000 -0.000000
1
0.000000 0.000000 -0.000000 0.000000
"Ankle_R"
"Knee_R"
0 0.000000 0.000000 0.000000 0.000000 0.000000 0.000000
1
0.000000 0.000000 0.000000 -0.000000
1
0.000000 0.000000 -0.000000 0.000000
