Bones: 47
"ParentNode"
""
0 0.000000 0.000000 0.000000 0.000000 0.000000 0.000000
2
0.000000 0.000000 0.000000 -0.000000
59.000000 0.000000 0.000000 -0.000000
2
0.000000 0.000000 -0.000000 0.000000
59.000000 0.000000 -0.000000 0.000000
"Center"
"ParentNode"
0 0.000000 0.000000 0.000000 0.000000 0.000000 0.000000
60
0.000000 -1.036411 10.873506 0.000047
1.000000 -0.978145 10.811948 -0.001970
2.000000 -0.893225 10.646161 -0.007821
3.000000 -0.787832 10.404465 -0.017206
4.000000 -0.668144 10.115184 -0.029823
5.000000 -0.540340 9.806643 -0.045372
6.000000 -0.410596 9.507163 -0.063553
7.000000 -0.285095 9.245068 -0.084065
8.000000 -0.170012 9.048684 -0.106607
9.000000 -0.071528 8.930244 -0.130880
10.000000 0.004151 8.839428 -0.156581
11.000000 0.046961 8.769498 -0.183412
12.000000 0.059119 8.720187 -0.211071
13.000000 0.050575 8.691227 -0.239258
14.000000 0.031281 8.682352 -0.267672
15.000000 0.011185 8.693293 -0.296013
16.000000 0.000237 8.723782 -0.323980
17.000000 -0.000001 8.773552 -0.351273
18.000000 -0.000001 8.842335 -0.377590
19.000000 -0.000001 8.929863 -0.402632
20.000000 -0.000001 9.036028 -0.426098
21.000000 -0.000001 9.204632 -0.447687
22.000000 -0.000001 9.450141 -0.467099
23.000000 -0.000001 9.743535 -0.484033
24.000000 -0.000001 10.055793 -0.498189
25.000000 -0.000001 10.357896 -0.509266
26.000000 -0.000001 10.620825 -0.516964
27.000000 -0.000001 10.815562 -0.520981
28.000000 -0.000001 10.913083 -0.521167
29.000000 -0.000001 10.899626 -0.518335
30.000000 -0.000001 10.810872 -0.512809
31.000000 -0.000001 10.662390 -0.504772
32.000000 -0.000001 10.467569 -0.494407
33.000000 -0.000001 10.239807 -0.481896
34.000000 -0.000001 9.992491 -0.467422
35.000000 -0.000001 9.739016 -0.451167
36.000000 -0.000001 9.492770 -0.433315
37.000000 -0.000001 9.267151 -0.414046
38.000000 -0.000001 9.075550 -0.393544
39.000000 -0.000001 8.931357 -0.371992
40.000000 -0.000001 8.841010 -0.349572
41.000000 -0.000001 8.771303 -0.326466
42.000000 -0.000001 8.716724 -0.302857
43.000000 -0.000001 8.678268 -0.278927
44.000000 -0.000001 8.656926 -0.254860
45.000000 -0.000001 8.653691 -0.230837
46.000000 -0.000196 8.669556 -0.207041
47.000000 -0.022991 8.705516 -0.183655
48.000000 -0.079198 8.762560 -0.160860
49.000000 -0.162419 8.841683 -0.138841
50.000000 -0.266255 8.943879 -0.117778
51.000000 -0.384310 9.077632 -0.097856
52.000000 -0.510181 9.267924 -0.079255
53.000000 -0.637472 9.501351 -0.062159
54.000000 -0.759784 9.760418 -0.046751
55.000000 -0.870717 10.027629 -0.033212
56.000000 -0.963874 10.285489 -0.021726
57.000000 -1.032856 10.516504 -0.012474
58.000000 -1.071265 10.703174 -0.005640
59.000000 -1.072700 10.828007 -0.001405
60
0.000000 -3.018757 -0.129898 -2.767831
1.000000 -3.013345 -0.103365 -2.799741
2.000000 -2.998678 -0.036042 -2.882184
3.000000 -2.977108 0.053657 -2.995230
4.000000 -2.950984 0.147315 -3.118951
5.000000 -2.922659 0.226518 3.049770
6.000000 -2.894483 0.272851 2.964487
7.000000 -2.868809 0.275208 2.928318
8.000000 -2.847988 0.256268 2.942945
9.000000 -2.834368 0.222329 2.988423
10.000000 -2.830288 0.176541 3.056580
11.000000 -2.832992 0.122050 3.139280
12.000000 -2.838916 0.062005 -3.054797
13.000000 -2.847649 -0.000446 -2.967414
14.000000 -2.858788 -0.062153 -2.889889
15.000000 -2.871924 -0.119970 -2.830358
16.000000 -2.886649 -0.170746 -2.796955
17.000000 -2.902555 -0.211336 -2.795751
18.000000 -2.919234 -0.238589 -2.822295
19.000000 -2.936279 -0.249359 -2.871775
20.000000 -2.953282 -0.239023 -2.939659
21.000000 -2.969835 -0.208233 -3.021418
22.000000 -2.985529 -0.162432 -3.112523
23.000000 -2.999959 -0.107065 3.074744
24.000000 -3.012714 -0.047580 2.978539
25.000000 -3.023388 0.010578 2.886578
26.000000 -3.031575 0.061962 2.803393
27.000000 -3.036865 0.101126 2.733510
28.000000 -3.038849 0.122623 2.681464
29.000000 -3.036046 0.122311 2.651783
30.000000 -3.027585 0.104545 2.655728
31.000000 -3.014408 0.074210 2.716618
32.000000 -2.997466 0.035826 2.820530
33.000000 -2.977705 -0.006088 2.949814
34.000000 -2.956075 -0.047009 3.086821
35.000000 -2.933522 -0.082418 -3.069286
36.000000 -2.910995 -0.107795 -2.969784
37.000000 -2.889444 -0.118619 -2.915509
38.000000 -2.869813 -0.101587 -2.912908
39.000000 -2.853054 -0.046081 -2.944639
40.000000 -2.840113 0.035896 -3.001519
41.000000 -2.831938 0.131971 -3.074645
42.000000 -2.829035 0.229766 3.128071
43.000000 -2.829982 0.316909 3.049160
44.000000 -2.834222 0.381021 2.980710
45.000000 -2.841351 0.409726 2.931622
46.000000 -2.850960 0.406384 2.910799
47.000000 -2.862643 0.389496 2.920347
48.000000 -2.875999 0.361219 2.946074
49.000000 -2.890616 0.323578 2.984658
50.000000 -2.906092 0.278596 3.033504
51.000000 -2.922020 0.228296 3.090016
52.000000 -2.937995 0.174700 -3.131587
53.000000 -2.953609 0.119833 -3.067528
54.000000 -2.968458 0.065717 -3.003589
55.000000 -2.982137 0.014375 -2.942367
56.000000 -2.994237 -0.032168 -2.886455
57.000000 -3.004355 -0.071890 -2.838451
58.000000 -3.012085 -0.102768 -2.800949
59.000000 -3.017021 -0.122778 -2.776544
"Groove"
"Center"
0 0.000000 0.000000 0.000000 0.000000 0.000000 0.000000
2
0.000000 0.000000 0.828663 0.000000
59.000000 0.000000 0.828663 0.000000
2
0.000000 -0.000000 -0.000000 0.000000
59.000000 0.000000 -0.000000 -0.000000
"Waist"
"Groove"
0 0.000000 0.000000 0.000000 0.000000 0.000000 0.000000
2
0.000000 0.000000 0.000000 0.000000
59.000000 0.000000 0.000000 0.000000
2
0.000000 -0.000000 0.000000 0.000000
59.000000 0.000000 0.000000 0.000000
"UpperBody"
"Waist"
0 0.000000 0.000000 0.000000 0.000000 0.000000 0.000000
2
0.000000 0.000000 -0.469452 -0.810415
59.000000 0.000000 -0.469452 -0.810415
60
0.000000 -0.062114 -0.457824 0.329253
1.000000 -0.035548 -0.432592 0.303087
2.000000 0.022433 -0.368618 0.246716
3.000000 0.087925 -0.282978 0.174392
4.000000 0.143131 -0.194402 0.097050
5.000000 0.178628 -0.121725 0.024245
6.000000 0.192103 -0.081609 -0.032682
7.000000 0.184007 -0.080234 -0.060759
8.000000 0.157857 -0.091019 -0.059546
9.000000 0.121465 -0.109547 -0.041361
10.000000 0.081918 -0.133151 -0.009213
11.000000 0.041015 -0.160069 0.034238
12.000000 -0.000043 -0.188355 0.086616
13.000000 -0.036249 -0.215753 0.145139
14.000000 -0.061651 -0.239801 0.206904
15.000000 -0.068331 -0.254737 0.267772
16.000000 -0.049108 -0.247012 0.315778
17.000000 -0.010149 -0.221707 0.340484
18.000000 0.040102 -0.182847 0.343473
19.000000 0.092360 -0.133858 0.327552
20.000000 0.136789 -0.076245 0.295391
21.000000 0.160761 -0.014507 0.250166
22.000000 0.157545 0.055198 0.191930
23.000000 0.130934 0.131036 0.120986
24.000000 0.085085 0.207913 0.036023
25.000000 0.024836 0.280291 -0.059943
26.000000 -0.042081 0.342213 -0.157300
27.000000 -0.103619 0.387707 -0.244630
28.000000 -0.144325 0.412091 -0.308343
29.000000 -0.150465 0.412664 -0.336489
30.000000 -0.123412 0.394319 -0.322013
31.000000 -0.072279 0.345325 -0.245536
32.000000 -0.011809 0.267512 -0.128528
33.000000 0.045661 0.178225 0.002742
34.000000 0.093129 0.094899 0.126150
35.000000 0.127264 0.035631 0.235019
36.000000 0.146549 0.015448 0.321268
37.000000 0.149485 0.032331 0.374847
38.000000 0.131567 0.078827 0.378322
39.000000 0.100291 0.154598 0.344130
40.000000 0.061051 0.239962 0.284231
41.000000 0.020444 0.313391 0.210008
42.000000 -0.011412 0.352404 0.132842
43.000000 -0.024337 0.355977 0.058887
44.000000 -0.020395 0.325214 -0.004078
45.000000 -0.002124 0.261937 -0.046748
46.000000 0.033911 0.185461 -0.059874
47.000000 0.082949 0.125855 -0.051568
48.000000 0.134254 0.074993 -0.034516
49.000000 0.180640 0.020788 -0.008425
50.000000 0.214440 -0.036115 0.024244
51.000000 0.228491 -0.094831 0.061437
52.000000 0.222114 -0.154190 0.101424
53.000000 0.198634 -0.212750 0.142705
54.000000 0.161727 -0.268856 0.183864
55.000000 0.115677 -0.320742 0.223431
56.000000 0.065411 -0.366618 0.259738
57.000000 0.016461 -0.404783 0.290826
58.000000 -0.025186 -0.433663 0.314428
59.000000 -0.053352 -0.451807 0.328070
"UpperBody2"
"UpperBody"
0 0.000000 0.000000 0.000000 0.000000 0.000000 0.000000
2
0.000000 0.000000 0.966441 0.743600
59.000000 0.000000 0.966441 0.743600
2
0.000000 0.000000 -0.000000 0.000000
59.000000 -0.000000 0.000000 0.000000
"Neck"
"UpperBody2"
0 0.000000 0.000000 0.000000 0.000000 0.000000 0.000000
2
0.000000 0.000000 2.372047 -0.841948
59.000000 0.000000 2.372047 -0.841948
60
0.000000 0.005805 0.143233 0.008709
1.000000 0.010160 0.136424 0.009336
2.000000 0.006141 0.127579 -0.009710
3.000000 -0.002343 0.114565 -0.039080
4.000000 -0.011382 0.096958 -0.069728
5.000000 -0.017492 0.077697 -0.093725
6.000000 -0.017935 0.062656 -0.104919
7.000000 -0.010635 0.058296 -0.098914
8.000000 -0.003750 0.061796 -0.083078
9.000000 0.005837 0.066799 -0.065924
10.000000 0.017991 0.071320 -0.048939
11.000000 0.029890 0.074284 -0.033378
12.000000 0.038721 0.075289 -0.020722
13.000000 0.041752 0.075014 -0.012676
14.000000 0.036258 0.081060 -0.012431
15.000000 0.019298 0.091132 -0.020686
16.000000 -0.007857 0.090930 -0.031343
17.000000 -0.035211 0.083990 -0.040366
18.000000 -0.056184 0.075899 -0.047445
19.000000 -0.064672 0.072581 -0.053000
20.000000 -0.054902 0.079964 -0.058341
21.000000 -0.021236 0.102608 -0.063742
22.000000 0.034757 0.132384 -0.063296
23.000000 0.100429 0.164675 -0.053865
24.000000 0.162133 0.196272 -0.033668
25.000000 0.204318 0.222757 -0.007412
26.000000 0.224276 0.241109 0.015915
27.000000 0.220864 0.250875 0.030281
28.000000 0.193159 0.252275 0.028681
29.000000 0.160009 0.243541 0.006316
30.000000 0.135943 0.196399 -0.030114
31.000000 0.115112 0.130091 -0.068339
32.000000 0.090629 0.062276 -0.096465
33.000000 0.058161 -0.000365 -0.101838
34.000000 0.017505 -0.047236 -0.077475
35.000000 -0.027577 -0.072223 -0.038216
36.000000 -0.076220 -0.074638 -0.006495
37.000000 -0.117647 -0.062513 0.001520
38.000000 -0.134826 -0.048548 -0.001883
39.000000 -0.130326 -0.045630 -0.006538
40.000000 -0.114795 -0.063913 -0.007569
41.000000 -0.098576 -0.073612 -0.015212
42.000000 -0.092906 -0.053547 -0.031335
43.000000 -0.108594 -0.012135 -0.050279
44.000000 -0.138009 0.038937 -0.070608
45.000000 -0.166587 0.087057 -0.096010
46.000000 -0.180938 0.119074 -0.129006
47.000000 -0.180987 0.125536 -0.160091
48.000000 -0.169404 0.116026 -0.184225
49.000000 -0.150883 0.107379 -0.201353
50.000000 -0.128465 0.103849 -0.207146
51.000000 -0.105860 0.108167 -0.199305
52.000000 -0.089058 0.116524 -0.184316
53.000000 -0.074234 0.126497 -0.163984
54.000000 -0.060710 0.136164 -0.139419
55.000000 -0.048093 0.143952 -0.112002
56.000000 -0.036184 0.148854 -0.083374
57.000000 -0.024914 0.150573 -0.055318
58.000000 -0.014240 0.149512 -0.029590
59.000000 -0.004068 0.146637 -0.007785
"Head"
"Neck"
0 0.000000 0.000000 0.000000 0.000000 0.000000 0.000000
2
0.000000 0.000000 1.078596 0.007574
59.000000 0.000000 1.078596 0.007574
60
0.000000 0.154010 0.095144 -0.025650
1.000000 0.146554 0.087981 -0.040283
2.000000 0.125558 0.079906 -0.055056
3.000000 0.096361 0.070987 -0.067833
4.000000 0.064189 0.062281 -0.076914
5.000000 0.034157 0.055625 -0.081151
6.000000 0.011295 0.053154 -0.079829
7.000000 0.000631 0.056693 -0.072236
8.000000 0.006031 0.066923 -0.056970
9.000000 0.018436 0.080920 -0.035450
10.000000 0.031628 0.092790 -0.016661
11.000000 0.042461 0.100460 -0.005523
12.000000 0.049283 0.105194 -0.001596
13.000000 0.050576 0.107764 -0.004260
14.000000 0.045003 0.102337 -0.011096
15.000000 0.031348 0.093135 -0.022884
16.000000 0.008940 0.082507 -0.038794
17.000000 -0.018533 0.072023 -0.050780
18.000000 -0.045557 0.063509 -0.051886
19.000000 -0.063412 0.057252 -0.044237
20.000000 -0.056148 0.053352 -0.031115
21.000000 -0.029001 0.051524 -0.015864
22.000000 0.011548 0.050915 -0.001637
23.000000 0.059896 0.050209 0.008833
24.000000 0.111811 0.048010 0.013260
25.000000 0.166779 0.043403 0.009715
26.000000 0.204458 0.039950 0.004416
27.000000 0.202529 0.040409 0.003775
28.000000 0.184502 0.043994 0.006449
29.000000 0.159615 0.051540 0.010087
30.000000 0.132725 0.058303 0.013654
31.000000 0.084718 0.032386 0.021721
32.000000 0.022741 -0.008966 0.031945
33.000000 -0.044403 -0.048357 0.040187
34.000000 -0.108291 -0.069530 0.039009
35.000000 -0.159866 -0.057308 0.018888
36.000000 -0.189853 -0.051512 -0.006970
37.000000 -0.200431 -0.079811 -0.025211
38.000000 -0.197161 -0.117416 -0.041687
39.000000 -0.183802 -0.139009 -0.060993
40.000000 -0.166408 -0.123102 -0.082634
41.000000 -0.148577 -0.088869 -0.097260
42.000000 -0.132939 -0.046537 -0.101553
43.000000 -0.122061 0.000279 -0.094929
44.000000 -0.118304 0.048400 -0.077762
45.000000 -0.120074 0.095855 -0.047712
46.000000 -0.110769 0.141286 -0.010071
47.000000 -0.092575 0.183863 0.026911
48.000000 -0.071062 0.220677 0.057446
49.000000 -0.052361 0.246694 0.077952
50.000000 -0.043097 0.260427 0.086288
51.000000 -0.041815 0.260749 0.084503
52.000000 -0.027296 0.250657 0.081610
53.000000 -0.004721 0.233149 0.076849
54.000000 0.022866 0.210837 0.069226
55.000000 0.052746 0.186327 0.058117
56.000000 0.082441 0.161984 0.043565
57.000000 0.109628 0.139703 0.026346
58.000000 0.132077 0.120761 0.007856
59.000000 0.147594 0.105823 -0.010110
"Shoulder_L"
"UpperBody2"
0 0.000000 0.000000 0.000000 0.000000 0.000000 0.000000
2
0.000000 1.344386 2.494378 -0.841269
59.000000 1.344386 2.494378 -0.841269
60
0.000000 -0.079583 0.332044 -0.015999
1.000000 0.023042 0.289900 -0.025652
2.000000 0.186192 0.264450 -0.052191
3.000000 0.338957 0.224528 -0.099759
4.000000 0.433368 0.131747 -0.158510
5.000000 0.461017 0.007785 -0.222966
6.000000 0.441620 -0.104357 -0.281282
7.000000 0.405117 -0.188928 -0.321253
8.000000 0.371268 -0.244787 -0.338209
9.000000 0.324800 -0.272227 -0.316684
10.000000 0.263137 -0.274144 -0.260885
11.000000 0.178087 -0.272312 -0.180716
12.000000 0.055145 -0.293605 -0.075821
13.000000 -0.096912 -0.286837 0.059992
14.000000 -0.236181 -0.221979 0.213204
15.000000 -0.319324 -0.101837 0.357393
16.000000 -0.345568 0.039715 0.477061
17.000000 -0.282334 0.148120 0.605563
18.000000 -0.115983 0.192653 0.721937
19.000000 0.093677 0.192719 0.770451
20.000000 0.302778 0.155668 0.735630
21.000000 0.470872 0.099744 0.630800
22.000000 0.572671 0.044002 0.487242
23.000000 0.612913 -0.003911 0.332737
24.000000 0.575492 -0.021597 0.191922
25.000000 0.508284 0.007088 0.113789
26.000000 0.437307 0.072898 0.088010
27.000000 0.381340 0.162201 0.095709
28.000000 0.344424 0.253616 0.115375
29.000000 0.311443 0.318495 0.126237
30.000000 0.292204 0.327999 0.120053
31.000000 0.321776 0.273939 0.111034
32.000000 0.441837 0.203834 0.144423
33.000000 0.600850 0.119449 0.217030
34.000000 0.771848 0.031862 0.310622
35.000000 0.927770 -0.054268 0.390020
36.000000 1.019610 -0.109760 0.440911
37.000000 1.006859 -0.115114 0.457535
38.000000 0.953815 -0.085085 0.445382
39.000000 0.919451 -0.026910 0.379932
40.000000 0.900500 0.046002 0.283982
41.000000 0.881020 0.117943 0.177583
42.000000 0.843889 0.167978 0.058651
43.000000 0.780523 0.149296 -0.082792
44.000000 0.712087 0.039791 -0.222422
45.000000 0.653148 -0.148541 -0.316797
46.000000 0.584400 -0.360098 -0.336336
47.000000 0.476169 -0.533009 -0.273947
48.000000 0.300913 -0.613774 -0.143429
49.000000 0.085499 -0.567916 -0.007153
50.000000 -0.110623 -0.465492 0.079807
51.000000 -0.239865 -0.348413 0.112226
52.000000 -0.236769 -0.207764 0.100022
53.000000 -0.160514 -0.054767 0.073226
54.000000 -0.093783 0.086972 0.055414
55.000000 -0.046299 0.205341 0.046372
56.000000 -0.027533 0.296930 0.038941
57.000000 -0.041119 0.356977 0.026701
58.000000 -0.076303 0.380474 0.009636
59.000000 -0.103661 0.368916 -0.006185
"Arm_L"
"Shoulder_L"
0 0.000000 0.000000 0.000000 0.000000 0.000000 0.000000
2
0.000000 1.240736 -0.340801 -0.013718
59.000000 1.240736 -0.340801 -0.013718
2
0.000000 0.000000 -0.000000 -0.383972
59.000000 0.000000 -0.000000 -0.383972
"ArmTwist_L"
"Arm_L"
0 0.000000 0.000000 0.000000 0.000000 0.000000 0.000000
2
0.000000 1.208603 -0.589315 0.054262
59.000000 1.208603 -0.589315 0.054262
2
0.000000 0.000000 -0.000000 0.000000
59.000000 -0.000000 -0.000000 -0.000000
"Elbow_L"
"ArmTwist_L"
0 0.000000 0.000000 0.000000 0.000000 0.000000 0.000000
2
0.000000 0.506610 -0.447743 -0.060052
59.000000 0.506610 -0.447743 -0.060052
60
0.000000 -2.531836 -0.558477 1.475953
1.000000 -2.563367 -0.537750 1.492373
2.000000 -2.531024 -0.558998 1.475523
3.000000 -2.420901 -0.623904 1.414092
4.000000 -2.235819 -0.709173 1.299425
5.000000 -1.992842 -0.782655 1.134058
6.000000 -1.725943 -0.822402 0.941616
7.000000 -1.485200 -0.826529 0.764539
8.000000 -1.317377 -0.812125 0.641821
9.000000 -1.280090 -0.806921 0.614836
10.000000 -1.379582 -0.819161 0.687107
11.000000 -1.567513 -0.828376 0.825131
12.000000 -1.750005 -0.820385 0.959226
13.000000 -1.884765 -0.803467 1.057043
14.000000 -1.990152 -0.783256 1.132162
15.000000 -2.103468 -0.754078 1.210954
16.000000 -2.219203 -0.715499 1.288569
17.000000 -2.315088 -0.676083 1.350038
18.000000 -2.373727 -0.648347 1.386081
19.000000 -2.383678 -0.643351 1.392066
20.000000 -2.316866 -0.675283 1.351149
21.000000 -2.147216 -0.740591 1.240677
22.000000 -1.857555 -0.807669 1.037426
23.000000 -1.430843 -0.823448 0.724620
24.000000 -0.955893 -0.727253 0.388727
25.000000 -0.622781 -0.566066 0.186304
26.000000 -0.422547 -0.420100 0.091118
27.000000 -0.326514 -0.336102 0.055662
28.000000 -0.304935 -0.316049 0.048761
29.000000 -0.313872 -0.324405 0.051569
30.000000 -0.349389 -0.356900 0.063418
31.000000 -0.422370 -0.419950 0.091046
32.000000 -0.633336 -0.572669 0.191990
33.000000 -0.918000 -0.713432 0.363742
34.000000 -1.217802 -0.796522 0.570089
35.000000 -1.452071 -0.824828 0.740196
36.000000 -1.592772 -0.828266 0.843736
37.000000 -1.646456 -0.826973 0.883254
38.000000 -1.669088 -0.825998 0.899895
39.000000 -1.611293 -0.827982 0.857373
40.000000 -1.456704 -0.825099 0.743598
41.000000 -1.220917 -0.797095 0.572316
42.000000 -0.951224 -0.725606 0.385627
43.000000 -0.726836 -0.626612 0.244764
44.000000 -0.601056 -0.552139 0.174789
45.000000 -0.514234 -0.491878 0.131497
46.000000 -0.431784 -0.427709 0.094913
47.000000 -0.361994 -0.368153 0.067884
48.000000 -0.305604 -0.316677 0.048968
49.000000 -0.270452 -0.283171 0.038600
50.000000 -0.222972 -0.236339 0.026426
51.000000 -0.205846 -0.219043 0.022568
52.000000 -0.345280 -0.353200 0.061993
53.000000 -0.612222 -0.559354 0.180675
54.000000 -0.943711 -0.722924 0.380652
55.000000 -1.329905 -0.813707 0.650916
56.000000 -1.716630 -0.823105 0.934791
57.000000 -2.038326 -0.771836 1.165946
58.000000 -2.273699 -0.693970 1.323862
59.000000 -2.434165 -0.616679 1.421797
"HandTwist_L"
"Elbow_L"
0 0.000000 0.000000 0.000000 0.000000 0.000000 0.000000
2
0.000000 0.790170 -0.379537 0.005404
59.000000 0.790170 -0.379537 0.005404
2
0.000000 0.000000 -0.000000 0.000000
59.000000 0.000000 -0.000000 0.000000
"Wrist_L"
"HandTwist_L"
0 0.000000 0.000000 0.000000 0.000000 0.000000 0.000000
2
0.000000 1.209915 -0.810358 -0.073413
59.000000 1.209915 -0.810358 -0.073413
60
0.000000 -0.424375 -0.260108 0.782607
1.000000 -0.414122 -0.286013 0.804447
2.000000 -0.450847 -0.265589 0.801492
3.000000 -0.483658 -0.235363 0.772098
4.000000 -0.454245 -0.197465 0.747705
5.000000 -0.366274 -0.141386 0.718335
6.000000 -0.264676 -0.099461 0.647065
7.000000 -0.209440 -0.107196 0.572090
8.000000 -0.250853 -0.166600 0.549228
9.000000 -0.321438 -0.219405 0.541313
10.000000 -0.385428 -0.248839 0.547535
11.000000 -0.423295 -0.254638 0.591941
12.000000 -0.426282 -0.261724 0.695061
13.000000 -0.414462 -0.296326 0.804547
14.000000 -0.402811 -0.345142 0.888040
15.000000 -0.393597 -0.387701 0.937420
16.000000 -0.393647 -0.408623 0.958866
17.000000 -0.425373 -0.403543 1.018008
18.000000 -0.455380 -0.357973 1.078213
19.000000 -0.474023 -0.433629 1.016462
20.000000 -0.385591 -0.638232 0.885553
21.000000 -0.239355 -0.598153 0.783438
22.000000 -0.132935 -0.532243 0.677709
23.000000 -0.116864 -0.515112 0.628805
24.000000 -0.151226 -0.452722 0.634460
25.000000 -0.173515 -0.358063 0.613897
26.000000 -0.164453 -0.256458 0.593969
27.000000 -0.137264 -0.148532 0.588950
28.000000 -0.108259 -0.042670 0.574060
29.000000 -0.107341 0.049300 0.555030
30.000000 -0.134738 0.132061 0.552167
31.000000 -0.179024 0.219414 0.587704
32.000000 -0.126831 0.291510 0.651032
33.000000 -0.023376 0.273636 0.686162
34.000000 0.012455 0.183692 0.663250
35.000000 -0.032543 0.054545 0.660765
36.000000 -0.108214 -0.071808 0.711504
37.000000 -0.181945 -0.169226 0.774386
38.000000 -0.221495 -0.242263 0.821739
39.000000 -0.264552 -0.284900 0.861653
40.000000 -0.268853 -0.244139 0.840229
41.000000 -0.215934 -0.161847 0.712802
42.000000 -0.096772 -0.102334 0.481835
43.000000 0.070257 -0.076759 0.274270
44.000000 0.212447 -0.061860 0.144896
45.000000 0.216768 -0.085429 0.092759
46.000000 0.150014 -0.103215 0.096414
47.000000 0.070102 -0.126903 0.069455
48.000000 0.015133 -0.137985 0.019996
49.000000 0.047770 -0.131938 -0.014747
50.000000 0.040047 -0.204062 -0.041222
51.000000 -0.041770 -0.320159 -0.052290
52.000000 -0.137369 -0.372584 -0.051851
53.000000 -0.256013 -0.368854 -0.034157
54.000000 -0.400249 -0.322341 0.014271
55.000000 -0.532478 -0.229743 0.108485
56.000000 -0.627595 -0.139881 0.259994
57.000000 -0.639037 -0.088846 0.444797
58.000000 -0.574945 -0.108829 0.615872
59.000000 -0.485552 -0.184486 0.729494
"Thumb0_L"
"Wrist_L"
0 0.000000 0.000000 0.000000 0.000000 0.000000 0.000000
2
0.000000 0.237529 -0.083961 0.237975
59.000000 0.237529 -0.083961 0.237975
2
0.000000 0.000000 0.000000 -0.000000
59.000000 -0.000000 -0.000000 -0.000000
"Thumb1_L"
"Thumb0_L"
0 0.000000 0.000000 0.000000 0.000000 0.000000 0.000000
2
0.000000 0.340405 -0.232361 0.200545
59.000000 0.340405 -0.232361 0.200545
2
0.000000 0.000000 0.000000 -0.000000
59.000000 -0.000000 -0.000000 -0.000000
"IndexFinger1_L"
"Wrist_L"
0 0.000000 0.000000 0.000000 0.000000 0.000000 0.000000
2
0.000000 0.897508 -0.278738 0.225504
59.000000 0.897508 -0.278738 0.225504
2
0.000000 0.000000 0.000000 -0.000000
59.000000 -0.000000 -0.000000 -0.000000
"IndexFinger2_L"
"IndexFinger1_L"
0 0.000000 0.000000 0.000000 0.000000 0.000000 0.000000
2
0.000000 0.178618 -0.102294 -0.004503
59.000000 0.178618 -0.102294 -0.004503
2
0.000000 0.000000 0.000000 -0.000000
59.000000 -0.000000 0.000000 -0.000000
"MiddleFinger1_L"
"Wrist_L"
0 0.000000 0.000000 0.000000 0.000000 0.000000 0.000000
2
0.000000 0.877254 -0.281705 0.027950
59.000000 0.877254 -0.281705 0.027950
2
0.000000 0.000000 0.000000 -0.000000
59.000000 -0.000000 0.000000 -0.000000
"MiddleFinger2_L"
"MiddleFinger1_L"
0 0.000000 0.000000 0.000000 0.000000 0.000000 0.000000
2
0.000000 0.192841 -0.109449 -0.004442
59.000000 0.192841 -0.109449 -0.004442
2
0.000000 0.000000 0.000000 -0.000000
59.000000 -0.000000 0.000000 0.000000
"RingFinger1_L"
"Wrist_L"
0 0.000000 0.000000 0.000000 0.000000 0.000000 0.000000
2
0.000000 0.784152 -0.296837 -0.139920
59.000000 0.784152 -0.296837 -0.139920
2
0.000000 0.000000 0.000000 -0.000000
59.000000 -0.000000 -0.000000 -0.000000
"RingFinger2_L"
"RingFinger1_L"
0 0.000000 0.000000 0.000000 0.000000 0.000000 0.000000
2
0.000000 0.209008 -0.126347 -0.003473
59.000000 0.209008 -0.126347 -0.003473
2
0.000000 0.000000 0.000000 -0.000000
59.000000 -0.000000 -0.000000 -0.000000
"LittleFinger1_L"
"Wrist_L"
0 0.000000 0.000000 0.000000 0.000000 0.000000 0.000000
2
0.000000 0.722460 -0.394834 -0.281656
59.000000 0.722460 -0.394834 -0.281656
2
0.000000 0.000000 0.000000 -0.000000
59.000000 -0.000000 -0.000000 -0.000000
"LittleFinger2_L"
"LittleFinger1_L"
0 0.000000 0.000000 0.000000 0.000000 0.000000 0.000000
2
0.000000 0.163601 -0.089569 -0.001874
59.000000 0.163601 -0.089569 -0.001874
2
0.000000 0.000000 0.000000 -0.000000
59.000000 -0.000000 -0.000000 -0.000000
"Shoulder_R"
"UpperBody2"
0 0.000000 0.000000 0.000000 0.000000 0.000000 0.000000
2
0.000000 -1.353712 2.495176 -0.838192
59.000000 -1.353712 2.495176 -0.838192
60
0.000000 -0.222547 -0.689755 -0.197429
1.000000 -0.212507 -0.613022 -0.180698
2.000000 -0.083233 -0.513857 -0.195631
3.000000 0.090207 -0.363174 -0.233398
4.000000 0.257651 -0.194449 -0.260331
5.000000 0.390693 -0.070320 -0.253680
6.000000 0.487948 0.000862 -0.215875
7.000000 0.560140 0.055738 -0.158134
8.000000 0.626138 0.121761 -0.094646
9.000000 0.695811 0.195124 -0.036087
10.000000 0.768845 0.262409 0.006626
11.000000 0.830480 0.310299 0.013000
12.000000 0.864448 0.332689 -0.014491
13.000000 0.894778 0.301648 -0.107865
14.000000 0.865146 0.165693 -0.311480
15.000000 0.720016 -0.182806 -0.639038
16.000000 0.591135 -0.597370 -0.941119
17.000000 0.489374 -0.682907 -0.946305
18.000000 0.517978 -0.461997 -0.622395
19.000000 0.537434 -0.238817 -0.305949
20.000000 0.379271 -0.209592 -0.125246
21.000000 0.181773 -0.167438 0.004816
22.000000 0.101472 -0.043813 0.062985
23.000000 0.084942 0.089055 0.060939
24.000000 0.105936 0.201486 0.015358
25.000000 0.126818 0.272662 -0.068542
26.000000 0.074791 0.302046 -0.180951
27.000000 -0.034595 0.272032 -0.306438
28.000000 -0.145852 0.192439 -0.416985
29.000000 -0.201297 0.091527 -0.489064
30.000000 -0.169740 -0.005186 -0.514627
31.000000 -0.111962 -0.076265 -0.517296
32.000000 -0.063402 -0.114888 -0.503471
33.000000 -0.030039 -0.127985 -0.474107
34.000000 -0.017429 -0.123039 -0.429087
35.000000 -0.035541 -0.111551 -0.378254
36.000000 -0.074536 -0.117929 -0.328902
37.000000 -0.103745 -0.134418 -0.287725
38.000000 -0.101771 -0.143109 -0.247396
39.000000 -0.092257 -0.167943 -0.213482
40.000000 -0.113913 -0.192077 -0.202003
41.000000 -0.181988 -0.200887 -0.227804
42.000000 -0.292009 -0.190182 -0.313581
43.000000 -0.396202 -0.171228 -0.479949
44.000000 -0.407577 -0.152516 -0.728911
45.000000 -0.234614 -0.151397 -0.987765
46.000000 -0.000439 -0.161663 -1.147797
47.000000 0.176581 -0.174280 -1.188624
48.000000 0.290946 -0.189435 -1.143307
49.000000 0.464208 -0.238093 -1.033161
50.000000 0.589729 -0.274401 -0.882122
51.000000 0.640754 -0.295287 -0.736454
52.000000 0.701059 -0.335724 -0.664511
53.000000 0.685126 -0.390725 -0.652697
54.000000 0.638406 -0.480927 -0.655369
55.000000 0.546185 -0.598824 -0.640215
56.000000 0.401704 -0.712182 -0.576891
57.000000 0.217933 -0.781281 -0.464864
58.000000 0.032098 -0.791542 -0.342583
59.000000 -0.120645 -0.755106 -0.249495
"Arm_R"
"Shoulder_R"
0 0.000000 0.000000 0.000000 0.000000 0.000000 0.000000
2
0.000000 -1.250561 -0.354611 -0.016796
59.000000 -1.250561 -0.354611 -0.016796
2
0.000000 0.000000 0.000000 0.383972
59.000000 -0.000000 0.000000 0.383972
"ArmTwist_R"
"Arm_R"
0 0.000000 0.000000 0.000000 0.000000 0.000000 0.000000
2
0.000000 -1.486845 -0.681506 0.054247
59.000000 -1.486845 -0.681506 0.054247
2
0.000000 0.000000 0.000000 0.000000
59.000000 -0.000000 0.000000 0.000000
"Elbow_R"
"ArmTwist_R"
0 0.000000 0.000000 0.000000 0.000000 0.000000 0.000000
2
0.000000 -0.270148 -0.268619 -0.060037
59.000000 -0.270148 -0.268619 -0.060037
60
0.000000 -0.284592 0.243923 -0.035338
1.000000 -0.281540 0.241476 -0.034601
2.000000 -0.462994 0.376935 -0.090185
3.000000 -0.695234 0.516315 -0.191224
4.000000 -0.925209 0.615924 -0.315216
5.000000 -1.113664 0.671707 -0.428670
6.000000 -1.228767 0.695507 -0.501465
7.000000 -1.258759 0.700507 -0.520752
8.000000 -1.230785 0.695858 -0.502758
9.000000 -1.175565 0.685428 -0.467554
10.000000 -1.108478 0.670458 -0.425443
11.000000 -1.008417 0.643245 -0.364267
12.000000 -0.852538 0.588387 -0.274008
13.000000 -0.741607 0.539391 -0.214607
14.000000 -0.643101 0.488500 -0.166090
15.000000 -0.490064 0.395227 -0.100394
16.000000 -0.280427 0.240584 -0.034335
17.000000 -0.060018 0.053127 -0.001679
18.000000 -0.188885 0.164938 -0.015822
19.000000 -0.416196 0.344088 -0.073647
20.000000 -0.521933 0.416075 -0.112988
21.000000 -0.556351 0.437754 -0.127259
22.000000 -0.702054 0.519807 -0.194605
23.000000 -0.936669 0.619949 -0.321860
24.000000 -1.227820 0.695341 -0.500856
25.000000 -1.574788 0.724887 -0.728510
26.000000 -1.869317 0.702393 -0.922220
27.000000 -2.062325 0.662769 -1.044294
28.000000 -2.159704 0.634567 -1.103196
29.000000 -2.196208 0.622477 -1.124674
30.000000 -2.187385 0.625477 -1.119516
31.000000 -2.139292 0.640960 -1.091034
32.000000 -2.039081 0.668662 -1.029928
33.000000 -1.881615 0.700479 -0.930162
34.000000 -1.654748 0.723113 -0.781519
35.000000 -1.372031 0.715100 -0.594484
36.000000 -1.087073 0.665138 -0.412180
37.000000 -0.891831 0.603712 -0.296085
38.000000 -0.827746 0.578181 -0.260341
39.000000 -0.890590 0.603244 -0.295381
40.000000 -1.019527 0.646565 -0.370950
41.000000 -1.134814 0.676641 -0.441880
42.000000 -1.176122 0.685542 -0.467908
43.000000 -1.146599 0.679277 -0.449278
44.000000 -1.115157 0.672064 -0.429599
45.000000 -1.172505 0.684801 -0.465619
46.000000 -1.137922 0.677344 -0.443829
47.000000 -0.938257 0.620499 -0.322783
48.000000 -0.759568 0.547913 -0.223907
49.000000 -0.699906 0.518712 -0.193537
50.000000 -0.554980 0.436908 -0.126678
51.000000 -0.420040 0.346841 -0.074951
52.000000 -0.518865 0.414100 -0.111750
53.000000 -0.594100 0.460524 -0.143670
54.000000 -0.683746 0.510358 -0.185577
55.000000 -0.749182 0.543013 -0.218514
56.000000 -0.759909 0.548071 -0.224085
57.000000 -0.703284 0.520434 -0.195216
58.000000 -0.587664 0.456717 -0.140818
59.000000 -0.436784 0.358728 -0.080747
"HandTwist_R"
"Elbow_R"
0 0.000000 0.000000 0.000000 0.000000 0.000000 0.000000
2
0.000000 -0.790171 -0.379537 0.005404
59.000000 -0.790171 -0.379537 0.005404
2
0.000000 0.000000 0.000000 -0.000000
59.000000 -0.000000 -0.000000 0.000000
"Wrist_R"
"HandTwist_R"
0 0.000000 0.000000 0.000000 0.000000 0.000000 0.000000
2
0.000000 -1.270757 -0.748824 -0.088755
59.000000 -1.270757 -0.748824 -0.088755
60
0.000000 0.112976 -0.415696 -0.569819
1.000000 0.177909 -0.445889 -0.588504
2.000000 0.350251 -0.492975 -0.650324
3.000000 0.483607 -0.546403 -0.690248
4.000000 0.502645 -0.573380 -0.658526
5.000000 0.398865 -0.516555 -0.524651
6.000000 0.241428 -0.365362 -0.333905
7.000000 0.106412 -0.172067 -0.155898
8.000000 0.010318 -0.061727 -0.044446
9.000000 -0.084730 -0.082912 -0.015750
10.000000 -0.174378 -0.224613 -0.065493
11.000000 -0.274294 -0.465079 -0.187920
12.000000 -0.431246 -0.742022 -0.277841
13.000000 -0.472224 -0.941011 -0.386074
14.000000 -0.307945 -1.003233 -0.560254
15.000000 -0.068256 -0.773104 -0.679538
16.000000 0.028618 -0.395964 -0.760087
17.000000 0.014006 -0.344195 -0.930009
18.000000 0.298092 -0.526763 -1.146962
19.000000 0.431741 -0.606863 -1.173210
20.000000 0.160024 -0.584363 -0.810475
21.000000 -0.082532 -0.553224 -0.462399
22.000000 -0.143602 -0.508055 -0.275014
23.000000 -0.221525 -0.409151 -0.138310
24.000000 -0.324529 -0.258130 -0.065757
25.000000 -0.491878 -0.172856 0.005358
26.000000 -0.673387 -0.213805 -0.017644
27.000000 -0.751734 -0.357012 -0.173117
28.000000 -0.703937 -0.488312 -0.359508
29.000000 -0.584782 -0.552657 -0.507965
30.000000 -0.489505 -0.554041 -0.568293
31.000000 -0.422753 -0.541612 -0.574716
32.000000 -0.384208 -0.537364 -0.551021
33.000000 -0.383753 -0.549352 -0.498312
34.000000 -0.433588 -0.565349 -0.391434
35.000000 -0.495514 -0.550814 -0.228008
36.000000 -0.496392 -0.510101 -0.079505
37.000000 -0.398327 -0.495838 -0.010751
38.000000 -0.274035 -0.461474 -0.075158
39.000000 -0.177708 -0.322045 -0.213972
40.000000 -0.119639 -0.086274 -0.307427
41.000000 -0.114235 0.195429 -0.281009
42.000000 -0.166589 0.437254 -0.154553
43.000000 -0.303904 0.584307 -0.055982
44.000000 -0.508838 0.615453 -0.089961
45.000000 -0.653213 0.551282 -0.194453
46.000000 -0.424009 0.347227 -0.172951
47.000000 -0.007935 -0.000149 -0.218704
48.000000 0.240034 -0.231950 -0.430312
49.000000 0.187137 -0.271457 -0.669066
50.000000 0.034094 -0.412104 -0.881091
51.000000 -0.091678 -0.621528 -0.997795
52.000000 0.004458 -0.744145 -1.128154
53.000000 0.067698 -0.785502 -1.147295
54.000000 0.107738 -0.753095 -1.095261
55.000000 0.132325 -0.670104 -0.986863
56.000000 0.154865 -0.571373 -0.860334
57.000000 0.171302 -0.489174 -0.748214
58.000000 0.169535 -0.437022 -0.662871
59.000000 0.145782 -0.413688 -0.603674
"Thumb0_R"
"Wrist_R"
0 0.000000 0.000000 0.000000 0.000000 0.000000 0.000000
2
0.000000 -0.237529 -0.083961 0.237975
59.000000 -0.237529 -0.083961 0.237975
2
0.000000 0.000000 -0.000000 -0.000000
59.000000 -0.000000 -0.000000 -0.000000
"Thumb1_R"
"Thumb0_R"
0 0.000000 0.000000 0.000000 0.000000 0.000000 0.000000
2
0.000000 -0.340406 -0.232360 0.200545
59.000000 -0.340406 -0.232360 0.200545
2
0.000000 0.000000 -0.000000 -0.000000
59.000000 -0.000000 -0.000000 -0.000000
"IndexFinger1_R"
"Wrist_R"
0 0.000000 0.000000 0.000000 0.000000 0.000000 0.000000
2
0.000000 -0.897509 -0.278738 0.225503
59.000000 -0.897509 -0.278738 0.225503
2
0.000000 0.000000 -0.000000 -0.000000
59.000000 -0.000000 -0.000000 -0.000000
"IndexFinger2_R"
"IndexFinger1_R"
0 0.000000 0.000000 0.000000 0.000000 0.000000 0.000000
2
0.000000 -0.178619 -0.102294 -0.004503
59.000000 -0.178619 -0.102294 -0.004503
2
0.000000 0.000000 -0.000000 0.000000
59.000000 0.000000 0.000000 -0.000000
"MiddleFinger1_R"
"Wrist_R"
0 0.000000 0.000000 0.000000 0.000000 0.000000 0.000000
2
0.000000 -0.877255 -0.281704 0.027950
59.000000 -0.877255 -0.281704 0.027950
2
0.000000 -0.000000 -0.000000 -0.000000
59.000000 -0.000000 -0.000000 -0.000000
"MiddleFinger2_R"
"MiddleFinger1_R"
0 0.000000 0.000000 0.000000 0.000000 0.000000 0.000000
2
0.000000 -0.192842 -0.109448 -0.004442
59.000000 -0.192842 -0.109448 -0.004442
2
0.000000 -0.000000 -0.000000 -0.000000
59.000000 -0.000000 -0.000000 -0.000000
"RingFinger1_R"
"Wrist_R"
0 0.000000 0.000000 0.000000 0.000000 0.000000 0.000000
2
0.000000 -0.784154 -0.296839 -0.139920
59.000000 -0.784154 -0.296839 -0.139920
2
0.000000 0.000000 -0.000000 -0.000000
59.000000 -0.000000 -0.000000 -0.000000
"RingFinger2_R"
"RingFinger1_R"
0 0.000000 0.000000 0.000000 0.000000 0.000000 0.000000
2
0.000000 -0.209008 -0.126347 -0.003473
59.000000 -0.209008 -0.126347 -0.003473
2
0.000000 0.000000 -0.000000 -0.000000
59.000000 -0.000000 0.000000 -0.000000
"LittleFinger1_R"
"Wrist_R"
0 0.000000 0.000000 0.000000 0.000000 0.000000 0.000000
2
0.000000 -0.722460 -0.394835 -0.281656
59.000000 -0.722460 -0.394835 -0.281656
2
0.000000 0.000000 -0.000000 -0.000000
59.000000 -0.000000 -0.000000 -0.000000
"LittleFinger2_R"
"LittleFinger1_R"
0 0.000000 0.000000 0.000000 0.000000 0.000000 0.000000
2
0.000000 -0.163601 -0.089569 -0.001874
59.000000 -0.163601 -0.089569 -0.001874
2
0.000000 0.000000 -0.000000 -0.000000
59.000000 -0.000000 0.000000 -0.000000
"LowerBody"
"Waist"
0 0.000000 0.000000 0.000000 0.000000 0.000000 0.000000
2
0.000000 0.000000 0.000001 0.000000
59.000000 0.000000 0.000001 0.000000
2
0.000000 -0.000000 0.000000 0.000000
59.000000 0.000000 -0.000000 0.000000
"Leg_L"
"LowerBody"
0 0.000000 0.000000 0.000000 0.000000 0.000000 0.000000
2
0.000000 1.060281 -1.768848 -0.740323
59.000000 1.060281 -1.768848 -0.740323
60
0.000000 -0.234832 -0.134324 0.409730
1.000000 -0.246153 -0.080397 0.368373
2.000000 -0.275362 -0.000592 0.260295
3.000000 -0.321837 0.091815 0.110909
4.000000 -0.389548 0.177564 -0.056561
5.000000 -0.474029 0.237260 -0.215796
6.000000 -0.559374 0.260563 -0.334264
7.000000 -0.628690 0.253861 -0.379845
8.000000 -0.677928 0.245417 -0.356414
9.000000 -0.705224 0.233848 -0.286343
10.000000 -0.718500 0.216336 -0.178362
11.000000 -0.722382 0.185264 -0.036735
12.000000 -0.721902 0.129316 0.128414
13.000000 -0.719525 0.044583 0.300078
14.000000 -0.718518 -0.053937 0.456265
15.000000 -0.735117 -0.144261 0.551878
16.000000 -0.780069 -0.225994 0.579001
17.000000 -0.826116 -0.301308 0.536765
18.000000 -0.847810 -0.372895 0.445526
19.000000 -0.834701 -0.433072 0.324125
20.000000 -0.790729 -0.464243 0.200124
21.000000 -0.727940 -0.458056 0.108642
22.000000 -0.657888 -0.422149 0.053597
23.000000 -0.576406 -0.372046 0.017667
24.000000 -0.478597 -0.320031 -0.015615
25.000000 -0.364366 -0.270374 -0.056208
26.000000 -0.238606 -0.194139 -0.104687
27.000000 -0.101902 -0.090921 -0.157171
28.000000 0.116502 -0.012765 -0.200142
29.000000 0.107529 -0.004348 -0.228228
30.000000 0.100370 -0.057373 -0.226549
31.000000 -0.021800 -0.132409 -0.167000
32.000000 -0.183937 -0.217871 -0.063722
33.000000 -0.310390 -0.303715 0.071126
34.000000 -0.423196 -0.379217 0.224156
35.000000 -0.523014 -0.435652 0.378157
36.000000 -0.607176 -0.467639 0.505352
37.000000 -0.674263 -0.474316 0.569217
38.000000 -0.716778 -0.449187 0.545391
39.000000 -0.730255 -0.385995 0.449005
40.000000 -0.729311 -0.290555 0.306039
41.000000 -0.729975 -0.171728 0.140510
42.000000 -0.738398 -0.043504 -0.029592
43.000000 -0.755013 0.077605 -0.190188
44.000000 -0.773256 0.176888 -0.327225
45.000000 -0.782442 0.244723 -0.423151
46.000000 -0.776122 0.288045 -0.464648
47.000000 -0.758339 0.322104 -0.458832
48.000000 -0.731143 0.337745 -0.423977
49.000000 -0.696076 0.325757 -0.364405
50.000000 -0.655547 0.261581 -0.284370
51.000000 -0.612946 0.152052 -0.194079
52.000000 -0.566925 0.012710 -0.101051
53.000000 -0.519164 -0.134962 -0.009445
54.000000 -0.470802 -0.266070 0.079216
55.000000 -0.422853 -0.356338 0.164178
56.000000 -0.375914 -0.380643 0.243237
57.000000 -0.329888 -0.342724 0.311675
58.000000 -0.285979 -0.269566 0.364224
59.000000 -0.250123 -0.190677 0.397420
"Knee_L"
"Leg_L"
0 0.000000 0.000000 0.000000 0.000000 0.000000 0.000000
2
0.000000 -0.018058 -3.352370 0.271593
59.000000 -0.018058 -3.352370 0.271593
60
0.000000 0.399564 0.000000 -0.000000
1.000000 0.442297 0.000000 -0.000000
2.000000 0.532792 0.000000 -0.000000
3.000000 0.624785 0.000000 -0.000000
4.000000 0.701511 0.000000 -0.000000
5.000000 0.766561 0.000000 -0.000000
6.000000 0.832733 0.000000 0.000000
7.000000 0.911823 0.000000 0.000001
8.000000 0.993852 0.000000 0.000000
9.000000 1.062005 0.000000 0.000000
10.000000 1.128319 0.000000 0.000000
11.000000 1.186158 0.000000 0.000000
12.000000 1.225677 0.000000 0.000000
13.000000 1.240864 0.000000 0.000000
14.000000 1.233913 -0.000001 0.000000
15.000000 1.245149 -0.000001 0.000000
16.000000 1.320775 0.000000 0.000000
17.000000 1.426361 0.000000 0.000000
18.000000 1.524041 0.000000 0.000000
19.000000 1.591708 0.000000 0.000000
20.000000 1.616393 0.000000 0.000000
21.000000 1.582491 -0.000001 0.000000
22.000000 1.502871 0.000000 0.000000
23.000000 1.375491 0.000000 0.000000
24.000000 1.197621 0.000000 0.000000
25.000000 0.972441 0.000000 -0.000000
26.000000 0.709459 0.000000 0.000000
27.000000 0.413878 0.000000 -0.000000
28.000000 -0.047763 -0.000000 -0.000000
29.000000 -0.047763 -0.000000 -0.000000
30.000000 -0.047763 0.000000 0.000000
31.000000 0.188117 0.000000 -0.000000
32.000000 0.495686 0.000000 -0.000000
33.000000 0.711559 0.000000 -0.000000
34.000000 0.876705 0.000000 0.000001
35.000000 0.999496 0.000000 -0.000000
36.000000 1.091172 0.000000 -0.000000
37.000000 1.166580 0.000000 -0.000000
38.000000 1.232294 0.000000 -0.000000
39.000000 1.282709 0.000000 0.000000
40.000000 1.307940 -0.000001 0.000000
41.000000 1.311301 -0.000002 0.000001
42.000000 1.293187 0.000000 0.000000
43.000000 1.258105 0.000000 0.000000
44.000000 1.215379 0.000000 0.000000
45.000000 1.176577 0.000000 0.000000
46.000000 1.151289 -0.000001 0.000000
47.000000 1.139607 0.000000 -0.000000
48.000000 1.132160 0.000000 0.000000
49.000000 1.125736 0.000000 0.000000
50.000000 1.117195 0.000000 0.000000
51.000000 1.100644 0.000000 0.000000
52.000000 1.064032 0.000000 -0.000000
53.000000 1.007737 0.000000 0.000000
54.000000 0.933487 0.000000 -0.000000
55.000000 0.843454 0.000000 0.000000
56.000000 0.740842 0.000000 0.000000
57.000000 0.630944 0.000000 -0.000000
58.000000 0.523344 0.000000 -0.000000
59.000000 0.436219 0.000000 -0.000000
"Ankle_L"
"Knee_L"
0 0.000000 0.000000 0.000000 0.000000 0.000000 0.000000
2
0.000000 -0.190124 -4.871281 -0.144853
59.000000 -0.190124 -4.871281 -0.144853
60
0.000000 -0.222719 0.228387 0.088743
1.000000 -0.249944 0.191226 0.097682
2.000000 -0.303980 0.163341 0.115691
3.000000 -0.360248 0.143258 0.142081
4.000000 -0.409013 0.128509 0.171574
5.000000 -0.450759 0.117028 0.197708
6.000000 -0.490376 0.108716 0.214811
7.000000 -0.532804 0.105527 0.217713
8.000000 -0.575414 0.110456 0.202869
9.000000 -0.609375 0.118622 0.173609
10.000000 -0.641499 0.126500 0.132018
11.000000 -0.667206 0.128753 0.075556
12.000000 -0.680681 0.128234 0.004199
13.000000 -0.681711 0.129266 -0.073309
14.000000 -0.668596 0.123144 -0.131155
15.000000 -0.649100 0.118041 -0.136317
16.000000 -0.631256 0.121684 -0.103414
17.000000 -0.589991 0.148693 -0.052492
18.000000 -0.539856 0.207023 -0.019487
19.000000 -0.512699 0.291486 -0.033238
20.000000 -0.528907 0.368464 -0.090869
21.000000 -0.532800 0.404227 -0.171209
22.000000 -0.507366 0.396148 -0.243821
23.000000 -0.438076 0.360255 -0.278888
24.000000 -0.328217 0.308427 -0.268233
25.000000 -0.193923 0.253475 -0.231487
26.000000 -0.039332 0.164403 -0.163664
27.000000 0.126313 0.026855 -0.091016
28.000000 0.363858 -0.110928 -0.068269
29.000000 0.360014 -0.210760 -0.051039
30.000000 0.347903 -0.245693 -0.034348
31.000000 0.208616 -0.238444 0.005531
32.000000 0.032724 -0.183820 0.033516
33.000000 -0.095989 -0.107151 0.023009
34.000000 -0.202953 -0.025520 -0.016729
35.000000 -0.295401 0.051037 -0.077783
36.000000 -0.377314 0.117211 -0.145993
37.000000 -0.449478 0.172330 -0.201855
38.000000 -0.510774 0.218011 -0.230961
39.000000 -0.560270 0.259528 -0.232543
40.000000 -0.593130 0.295619 -0.205785
41.000000 -0.612242 0.319968 -0.154051
42.000000 -0.618734 0.326254 -0.082250
43.000000 -0.617105 0.314828 -0.003608
44.000000 -0.613978 0.291948 0.066429
45.000000 -0.613015 0.262294 0.120983
46.000000 -0.617367 0.231930 0.155895
47.000000 -0.626536 0.207073 0.175025
48.000000 -0.633369 0.192348 0.183182
49.000000 -0.634761 0.193794 0.177391
50.000000 -0.626578 0.230643 0.146600
51.000000 -0.610043 0.296965 0.096180
52.000000 -0.583767 0.381220 0.036955
53.000000 -0.551129 0.469022 -0.018627
54.000000 -0.511811 0.542379 -0.057157
55.000000 -0.462155 0.582046 -0.067093
56.000000 -0.400575 0.565322 -0.042354
57.000000 -0.335089 0.494096 0.002397
58.000000 -0.277190 0.393561 0.045689
59.000000 -0.236151 0.294415 0.075550
"Leg_R"
"LowerBody"
0 0.000000 0.000000 0.000000 0.000000 0.000000 0.000000
2
0.000000 -1.071104 -1.768848 -0.740322
59.000000 -1.071104 -1.768848 -0.740322
60
0.000000 -0.141111 0.106886 0.049817
1.000000 -0.178266 0.144816 0.019076
2.000000 -0.307441 0.210976 -0.073285
3.000000 -0.446501 0.283894 -0.211081
4.000000 -0.591576 0.340569 -0.374400
5.000000 -0.727832 0.364516 -0.532607
6.000000 -0.830754 0.353612 -0.646932
7.000000 -0.883950 0.321013 -0.684422
8.000000 -0.904339 0.285673 -0.646786
9.000000 -0.898001 0.225997 -0.551933
10.000000 -0.877981 0.145355 -0.418292
11.000000 -0.852286 0.049609 -0.258542
12.000000 -0.824475 -0.049169 -0.087607
13.000000 -0.795768 -0.130995 0.076133
14.000000 -0.767517 -0.177589 0.217048
15.000000 -0.741736 -0.208914 0.326601
16.000000 -0.718634 -0.232325 0.392481
17.000000 -0.696057 -0.248946 0.408898
18.000000 -0.670142 -0.258385 0.388945
19.000000 -0.637415 -0.255770 0.336219
20.000000 -0.596954 -0.233547 0.254240
21.000000 -0.545523 -0.189161 0.150814
22.000000 -0.485720 -0.126170 0.034809
23.000000 -0.424836 -0.050683 -0.086561
24.000000 -0.367132 0.029186 -0.207919
25.000000 -0.313939 0.104662 -0.324835
26.000000 -0.264814 0.167795 -0.432481
27.000000 -0.221077 0.212532 -0.524708
28.000000 -0.194104 0.234971 -0.594178
29.000000 -0.202114 0.231708 -0.634566
30.000000 -0.234274 0.196927 -0.633402
31.000000 -0.279043 0.141769 -0.565050
32.000000 -0.328459 0.070680 -0.447099
33.000000 -0.380730 -0.010287 -0.300164
34.000000 -0.436196 -0.092208 -0.144010
35.000000 -0.494552 -0.165752 0.001168
36.000000 -0.554341 -0.224352 0.113693
37.000000 -0.613913 -0.266384 0.171611
38.000000 -0.669254 -0.278613 0.157706
39.000000 -0.717652 -0.243810 0.085976
40.000000 -0.763422 -0.157525 -0.030541
41.000000 -0.816650 -0.026654 -0.179932
42.000000 -0.880079 0.120099 -0.347610
43.000000 -0.951121 0.253880 -0.515376
44.000000 -1.018875 0.351154 -0.648033
45.000000 -1.063045 0.398129 -0.687824
46.000000 -1.091354 0.397238 -0.628979
47.000000 -1.122239 0.362318 -0.505109
48.000000 -1.138726 0.306378 -0.366415
49.000000 -1.135560 0.243127 -0.251644
50.000000 -1.104414 0.179773 -0.181393
51.000000 -1.053068 0.116329 -0.131045
52.000000 -0.991837 0.061924 -0.095417
53.000000 -0.918975 0.025687 -0.069712
54.000000 -0.834275 0.015667 -0.049871
55.000000 -0.738729 0.021530 -0.031205
56.000000 -0.633921 0.033815 -0.011843
57.000000 -0.521325 0.050278 0.007491
58.000000 -0.401949 0.068923 0.025281
59.000000 -0.276140 0.088201 0.039844
"Knee_R"
"Leg_R"
0 0.000000 0.000000 0.000000 0.000000 0.000000 0.000000
2
0.000000 -0.009290 -3.247205 0.398355
59.000000 -0.009290 -3.247205 0.398355
60
0.000000 0.102160 0.000000 0.000000
1.000000 0.169423 0.000000 0.000000
2.000000 0.398713 0.000000 0.000000
3.000000 0.600284 0.000000 0.000000
4.000000 0.761355 0.000000 0.000000
5.000000 0.883562 0.000000 0.000000
6.000000 0.975327 0.000000 -0.000000
7.000000 1.045587 0.000000 0.000000
8.000000 1.098287 0.000000 -0.000000
9.000000 1.132254 0.000000 -0.000000
10.000000 1.162549 0.000000 0.000000
11.000000 1.189971 -0.000001 0.000001
12.000000 1.203385 0.000000 0.000000
13.000000 1.198019 -0.000001 0.000001
14.000000 1.175845 0.000000 0.000000
15.000000 1.143760 0.000000 0.000000
16.000000 1.111749 0.000000 0.000000
17.000000 1.089004 0.000000 0.000000
18.000000 1.075938 0.000000 0.000000
19.000000 1.070058 0.000000 0.000000
20.000000 1.067890 0.000000 0.000000
21.000000 1.048889 -0.000001 0.000000
22.000000 1.001135 0.000000 0.000001
23.000000 0.926951 0.000000 0.000000
24.000000 0.828564 0.000000 0.000000
25.000000 0.709522 0.000000 0.000000
26.000000 0.576992 0.000000 0.000000
27.000000 0.447666 0.000000 0.000000
28.000000 0.361921 0.000000 0.000000
29.000000 0.369096 -0.000000 0.000000
30.000000 0.443112 0.000000 0.000000
31.000000 0.550446 0.000000 0.000000
32.000000 0.657835 -0.000001 0.000000
33.000000 0.748188 0.000000 0.000000
34.000000 0.817627 -0.000001 0.000000
35.000000 0.871480 0.000000 0.000000
36.000000 0.920455 0.000000 0.000000
37.000000 0.976301 0.000000 0.000000
38.000000 1.040543 0.000000 0.000000
39.000000 1.099349 0.000000 -0.000000
40.000000 1.142679 0.000000 0.000000
41.000000 1.174992 0.000000 0.000000
42.000000 1.195022 0.000000 0.000000
43.000000 1.205128 -0.000002 0.000001
44.000000 1.218457 0.000000 0.000000
45.000000 1.255400 0.000000 0.000000
46.000000 1.350726 -0.000000 0.000000
47.000000 1.508422 -0.000001 0.000001
48.000000 1.658428 0.000000 0.000000
49.000000 1.757074 0.000000 0.000000
50.000000 1.768845 0.000000 0.000000
51.000000 1.724342 0.000000 0.000000
52.000000 1.650109 -0.000001 0.000001
53.000000 1.545753 0.000000 0.000000
54.000000 1.412228 0.000000 0.000000
55.000000 1.251162 0.000000 0.000000
56.000000 1.064703 0.000000 0.000000
57.000000 0.855220 0.000000 0.000000
58.000000 0.624958 0.000000 0.000000
59.000000 0.375474 0.000000 -0.000000
"Ankle_R"
"Knee_R"
0 0.000000 0.000000 0.000000 0.000000 0.000000 0.000000
2
0.000000 -0.221678 -4.848248 -0.214697
59.000000 -0.221678 -4.848248 -0.214697
60
0.000000 0.310333 0.110199 0.052637
1.000000 0.259750 0.091620 0.047657
2.000000 0.131527 0.065073 0.045746
3.000000 0.019501 0.031722 0.058659
4.000000 -0.072097 -0.004435 0.084622
5.000000 -0.145823 -0.042263 0.118886
6.000000 -0.207219 -0.082032 0.156244
7.000000 -0.261317 -0.123196 0.191910
8.000000 -0.306094 -0.158687 0.214304
9.000000 -0.337098 -0.170692 0.209524
10.000000 -0.365292 -0.162292 0.182948
11.000000 -0.396953 -0.143754 0.136380
12.000000 -0.430394 -0.127318 0.077730
13.000000 -0.462566 -0.123873 0.023330
14.000000 -0.488538 -0.141377 -0.013760
15.000000 -0.507322 -0.166038 -0.035684
16.000000 -0.522382 -0.192302 -0.040176
17.000000 -0.538468 -0.219847 -0.028867
18.000000 -0.556853 -0.249145 -0.011935
19.000000 -0.575588 -0.279137 0.010533
20.000000 -0.591934 -0.308428 0.038661
21.000000 -0.593831 -0.336526 0.067628
22.000000 -0.574618 -0.364037 0.093010
23.000000 -0.535977 -0.391426 0.112685
24.000000 -0.480930 -0.418924 0.124569
25.000000 -0.413862 -0.446203 0.127082
26.000000 -0.338845 -0.472049 0.120048
27.000000 -0.265354 -0.494214 0.106718
28.000000 -0.217047 -0.509429 0.098564
29.000000 -0.223133 -0.513198 0.111509
30.000000 -0.265329 -0.494815 0.132763
31.000000 -0.322462 -0.460607 0.145789
32.000000 -0.376546 -0.417151 0.142694
33.000000 -0.419997 -0.369184 0.123658
34.000000 -0.451624 -0.319493 0.094113
35.000000 -0.474073 -0.270260 0.061636
36.000000 -0.491574 -0.224503 0.033417
37.000000 -0.508573 -0.187253 0.011992
38.000000 -0.522645 -0.166209 0.000443
39.000000 -0.523277 -0.164607 0.000869
40.000000 -0.506141 -0.192836 0.021877
41.000000 -0.477370 -0.252898 0.068564
42.000000 -0.440827 -0.330615 0.131578
43.000000 -0.394616 -0.400396 0.187522
44.000000 -0.329744 -0.426934 0.195452
45.000000 -0.242066 -0.414761 0.148382
46.000000 -0.139425 -0.348451 0.116019
47.000000 -0.102362 -0.262650 0.117061
48.000000 -0.156222 -0.192954 0.138439
49.000000 -0.213815 -0.151349 0.173751
50.000000 -0.236111 -0.152839 0.203222
51.000000 -0.248159 -0.200674 0.186897
52.000000 -0.246934 -0.239474 0.140507
53.000000 -0.215534 -0.222865 0.098179
54.000000 -0.164450 -0.164831 0.081135
55.000000 -0.107632 -0.101415 0.063376
56.000000 -0.045991 -0.033961 0.046807
57.000000 0.022379 0.030042 0.036492
58.000000 0.101379 0.082010 0.035237
59.000000 0.195385 0.112173 0.042528
