Bones: 31
"ParentNode"
""
16 0.000000 0.000000 0.000000 0.000000 0.000000 0.000000
2
0.0 0.000000 0.000000 -0.000000
59.0 0.000000 0.000000 -0.000000
2
0.0 3.141593 -0.000000 3.141593
59.0 3.141593 -0.000000 3.141593
"Center"
"ParentNode"
16 0.000000 0.000000 0.000000 0.000000 0.000000 0.000000
60
0.0 -0.453039 8.580772 -0.000024
1.0 -0.491244 8.709696 -0.000024
1.999996000000003 -0.507084 8.809538 -0.000024
3.0 -0.503435 8.880803 -0.000024
4.0 -0.483175 8.924000 -0.000024
5.0 -0.449181 8.939637 -0.000024
6.0 -0.404331 8.920395 -0.000024
7.0 -0.351503 8.861516 -0.000024
8.0 -0.293573 8.774108 -0.000024
9.0 -0.233419 8.669417 -0.000024
10.0 -0.173918 8.558685 -0.000024
11.0 -0.117949 8.453153 -0.000024
12.0 -0.068388 8.364065 -0.000024
13.0 -0.028113 8.302664 -0.000024
14.0 0.000000 8.280190 -0.000024
15.0 0.015828 8.303522 -0.000024
16.0 0.022664 8.353659 -0.000024
17.0 0.022757 8.403036 -0.000024
18.0 0.018356 8.424083 -0.000024
19.0 0.011706 8.397128 -0.000024
20.0 0.005057 8.340917 -0.000024
21.0 0.000655 8.285518 -0.000024
22.0 0.000000 8.261005 -0.000024
23.0 0.000000 8.261909 -0.000024
24.0 0.000000 8.264163 -0.000024
25.0 0.000000 8.269928 -0.000024
26.0 0.000000 8.281365 -0.000024
27.0 0.000000 8.300635 -0.000024
28.0 0.000000 8.329900 -0.000024
29.0 0.000000 8.371322 -0.000024
30.0 0.000938 8.448122 -0.000024
31.0 0.003476 8.563891 -0.000024
32.0 0.007194 8.691354 -0.000024
33.0 0.011678 8.803229 -0.000024
34.0 0.016508 8.872238 -0.000024
35.0 0.021270 8.876626 -0.000024
36.0 0.025544 8.836318 -0.000024
37.0 0.028915 8.765487 -0.000024
38.0 0.030966 8.674334 -0.000024
39.0 0.031279 8.573064 -0.000024
40.0 0.029437 8.471886 -0.000024
41.0 0.025023 8.381001 -0.000024
42.0 0.017620 8.310617 -0.000024
43.0 0.006812 8.270937 -0.000024
44.0 -0.007354 8.271435 -0.000024
45.0 -0.022426 8.305522 -0.000024
46.0 -0.038171 8.350984 -0.000024
47.0 -0.054807 8.384965 -0.000024
48.0 -0.072557 8.385493 -0.000024
49.0 -0.091643 8.352333 -0.000024
50.0 -0.112285 8.307773 -0.000024
51.0 -0.134704 8.275146 -0.000024
52.0 -0.159124 8.271557 -0.000024
53.0 -0.185764 8.274529 -0.000024
54.0 -0.214848 8.279546 -0.000024
55.0 -0.246595 8.287371 -0.000024
56.0 -0.281228 8.298771 -0.000024
57.0 -0.318966 8.314508 -0.000024
58.0 -0.360034 8.335349 -0.000024
59.0 -0.404651 8.441382 -0.000024
60
0.0 0.111987 -0.176272 0.005020
1.0 0.105168 -0.220306 -0.026259
1.999996000000003 0.087585 -0.258857 -0.059863
3.0 0.063542 -0.292361 -0.094437
4.0 0.037347 -0.321248 -0.128625
5.0 0.013306 -0.346415 -0.161070
6.0 -0.004277 -0.369123 -0.190418
7.0 -0.011208 -0.388374 -0.215309
8.0 -0.009474 -0.403018 -0.234390
9.0 -0.002504 -0.411901 -0.246301
10.0 0.008292 -0.412581 -0.249690
11.0 0.021504 -0.399621 -0.241627
12.0 0.035721 -0.379404 -0.221791
13.0 0.049532 -0.359992 -0.192736
14.0 0.061528 -0.349441 -0.157015
15.0 0.070296 -0.353171 -0.117182
16.0 0.073959 -0.365730 -0.075790
17.0 0.070160 -0.378870 -0.035392
18.0 0.061782 -0.384345 0.001458
19.0 0.052384 -0.374514 0.032209
20.0 0.045527 -0.350016 0.054305
21.0 0.044768 -0.316637 0.065221
22.0 0.053667 -0.280142 0.064729
23.0 0.075824 -0.245551 0.055800
24.0 0.109293 -0.211635 0.041614
25.0 0.149312 -0.176952 0.025354
26.0 0.191121 -0.140522 0.010200
27.0 0.229957 -0.101366 -0.000665
28.0 0.261060 -0.058505 -0.004061
29.0 0.279667 -0.010960 0.003194
30.0 0.282027 0.041615 0.023910
31.0 0.272161 0.095794 0.056342
32.0 0.253299 0.150371 0.096850
33.0 0.227967 0.204701 0.141789
34.0 0.198692 0.258141 0.187517
35.0 0.167999 0.310050 0.230392
36.0 0.138413 0.359782 0.266770
37.0 0.112462 0.406696 0.293009
38.0 0.092670 0.450149 0.305466
39.0 0.081564 0.489498 0.300810
40.0 0.081775 0.524099 0.279882
41.0 0.093200 0.553310 0.246020
42.0 0.110128 0.576488 0.202538
43.0 0.126378 0.592989 0.152757
44.0 0.135768 0.602171 0.099987
45.0 0.132475 0.603390 0.047549
46.0 0.116890 0.593827 -0.001243
47.0 0.094548 0.572037 -0.043072
48.0 0.071124 0.539439 -0.074623
49.0 0.052291 0.497456 -0.092579
50.0 0.043721 0.447507 -0.093104
51.0 0.044380 0.391012 -0.073631
52.0 0.048841 0.329393 -0.040226
53.0 0.056192 0.264072 0.000095
54.0 0.065523 0.196468 0.040317
55.0 0.075920 0.128000 0.073422
56.0 0.086473 0.060093 0.092393
57.0 0.096266 -0.005836 0.089684
58.0 0.104392 -0.068365 0.068321
59.0 0.109936 -0.126073 0.037150
"Groove"
"Center"
16 0.000000 0.000000 0.000000 0.000000 0.000000 0.000000
2
0.0 0.000000 -1.312494 0.000000
59.0 0.000000 -1.312494 0.000000
2
0.0 0.000000 -0.000000 -0.000000
59.0 -0.000000 -0.000000 0.000000
"Waist"
"Groove"
16 0.000000 0.000000 0.000000 0.000000 0.000000 0.000000
2
0.0 0.000000 0.000000 0.000000
59.0 0.000000 0.000000 0.000000
2
0.0 0.000000 0.000000 -0.000000
59.0 0.000000 -0.000000 -0.000000
"UpperBody"
"Waist"
16 0.000000 0.000000 0.000000 0.000000 0.000000 0.000000
2
0.0 0.000000 1.209476 0.348771
59.0 0.000000 1.209476 0.348771
60
0.0 -0.054469 0.075841 -0.087151
1.0 -0.057589 0.078369 -0.077421
1.999996000000003 -0.060148 0.074680 -0.062454
3.0 -0.058557 0.065387 -0.040082
4.0 -0.050528 0.050802 -0.008353
5.0 -0.037774 0.031554 0.028189
6.0 -0.023847 0.009859 0.061281
7.0 -0.010353 -0.013140 0.089841
8.0 0.003358 -0.036749 0.113256
9.0 0.017590 -0.060851 0.130872
10.0 0.033402 -0.086777 0.142084
11.0 0.050242 -0.107835 0.145518
12.0 0.064629 -0.114144 0.140450
13.0 0.072889 -0.109684 0.127133
14.0 0.071081 -0.098294 0.106262
15.0 0.055019 -0.084968 0.079617
16.0 0.029525 -0.073510 0.050010
17.0 0.002665 -0.066028 0.020180
18.0 -0.022222 -0.064769 -0.007192
19.0 -0.042270 -0.071845 -0.031524
20.0 -0.056309 -0.081771 -0.057630
21.0 -0.059800 -0.083364 -0.077736
22.0 -0.057271 -0.074087 -0.083014
23.0 -0.056465 -0.056171 -0.070454
24.0 -0.060336 -0.030851 -0.045512
25.0 -0.068361 0.000664 -0.014414
26.0 -0.079447 0.036771 0.016707
27.0 -0.091956 0.074558 0.042303
28.0 -0.103600 0.109856 0.057779
29.0 -0.111049 0.137784 0.059610
30.0 -0.110334 0.154529 0.045156
31.0 -0.106612 0.162915 0.014081
32.0 -0.114205 0.166451 -0.027979
33.0 -0.125490 0.168798 -0.073664
34.0 -0.130650 0.172110 -0.118786
35.0 -0.121149 0.177316 -0.159544
36.0 -0.091584 0.183899 -0.192705
37.0 -0.053687 0.190072 -0.215779
38.0 -0.017763 0.193274 -0.227044
39.0 0.007237 0.190896 -0.225553
40.0 0.016599 0.181214 -0.213573
41.0 0.019151 0.164398 -0.193898
42.0 0.013972 0.142505 -0.167382
43.0 -0.001335 0.118543 -0.134468
44.0 -0.028604 0.095321 -0.095851
45.0 -0.062372 0.074389 -0.052635
46.0 -0.093231 0.057981 -0.006889
47.0 -0.117398 0.046570 0.037186
48.0 -0.131552 0.038467 0.075280
49.0 -0.133504 0.032879 0.102452
50.0 -0.123541 0.029809 0.112530
51.0 -0.106243 0.028885 0.099918
52.0 -0.083917 0.029808 0.067466
53.0 -0.063284 0.032731 0.023668
54.0 -0.048335 0.037094 -0.024120
55.0 -0.040805 0.042179 -0.068465
56.0 -0.040270 0.047689 -0.101578
57.0 -0.044264 0.054209 -0.115117
58.0 -0.049023 0.061936 -0.111526
59.0 -0.052402 0.070058 -0.099373
"UpperBody2"
"UpperBody"
16 0.000000 0.000000 0.000000 0.000000 0.000000 0.000000
2
0.0 0.000000 0.517914 0.154193
59.0 0.000000 0.517914 0.154193
2
0.0 -0.000000 -0.000000 -0.000000
59.0 -0.000000 -0.000000 -0.000000
"Neck"
"UpperBody2"
16 0.000000 0.000000 0.000000 0.000000 0.000000 0.000000
2
0.0 0.000000 2.970730 -0.100960
59.0 0.000000 2.970730 -0.100960
60
0.0 -0.034164 -0.149983 -0.009427
1.0 -0.009353 -0.165311 0.000742
1.999996000000003 0.031840 -0.181751 0.000547
3.0 0.080242 -0.198341 -0.010097
4.0 0.127941 -0.213876 -0.030799
5.0 0.170773 -0.227538 -0.054967
6.0 0.205856 -0.239357 -0.075246
7.0 0.228573 -0.249621 -0.091042
8.0 0.238556 -0.258274 -0.102019
9.0 0.237241 -0.264839 -0.108564
10.0 0.223093 -0.268931 -0.110579
11.0 0.196498 -0.281135 -0.108632
12.0 0.163224 -0.303265 -0.103783
13.0 0.124089 -0.322345 -0.098074
14.0 0.077968 -0.320311 -0.086573
15.0 0.049957 -0.277208 -0.058191
16.0 0.037442 -0.191903 -0.027062
17.0 0.034950 -0.075549 -0.007257
18.0 0.031407 0.017219 -0.008494
19.0 0.033106 0.079586 -0.006972
20.0 0.037117 0.111612 0.005317
21.0 0.032589 0.113155 0.019890
22.0 0.017328 0.093106 0.028149
23.0 -0.005713 0.064023 0.025808
24.0 -0.032976 0.031485 0.015746
25.0 -0.061135 0.001034 0.000434
26.0 -0.087260 -0.027367 -0.017856
27.0 -0.109075 -0.063816 -0.035600
28.0 -0.125084 -0.105667 -0.050497
29.0 -0.134556 -0.149377 -0.060956
30.0 -0.137429 -0.191386 -0.065896
31.0 -0.131211 -0.228155 -0.065192
32.0 -0.102461 -0.256926 -0.068857
33.0 -0.057916 -0.276072 -0.083530
34.0 -0.009422 -0.282690 -0.103444
35.0 0.030215 -0.278218 -0.121180
36.0 0.050410 -0.271071 -0.131157
37.0 0.057778 -0.268390 -0.134295
38.0 0.056869 -0.276361 -0.131452
39.0 0.050958 -0.291640 -0.122745
40.0 0.043754 -0.309730 -0.109826
41.0 0.024271 -0.328028 -0.090923
42.0 -0.005720 -0.341520 -0.069535
43.0 -0.039654 -0.343220 -0.051291
44.0 -0.062380 -0.334287 -0.042583
45.0 -0.065046 -0.317736 -0.046117
46.0 -0.052085 -0.296327 -0.057594
47.0 -0.026772 -0.272556 -0.072546
48.0 -0.000864 -0.249246 -0.087590
49.0 0.016751 -0.229601 -0.100048
50.0 0.021489 -0.212523 -0.107548
51.0 0.017951 -0.196172 -0.109475
52.0 0.008638 -0.181000 -0.105175
53.0 -0.003397 -0.167204 -0.098001
54.0 -0.016329 -0.155167 -0.088947
55.0 -0.028653 -0.145345 -0.078310
56.0 -0.038932 -0.138249 -0.066333
57.0 -0.045825 -0.134455 -0.053222
58.0 -0.048076 -0.134628 -0.039184
59.0 -0.044538 -0.139524 -0.024473
"Head"
"Neck"
16 0.000000 0.000000 0.000000 0.000000 0.000000 0.000000
2
0.0 0.000000 0.564458 0.223948
59.0 0.000000 0.564458 0.223948
60
0.0 0.168077 -0.037297 -0.018289
1.0 0.175819 -0.015441 -0.010583
1.999996000000003 0.184009 0.006221 0.004767
3.0 0.193173 0.027739 0.023645
4.0 0.202841 0.048874 0.042229
5.0 0.211575 0.069143 0.057161
6.0 0.219035 0.088259 0.068499
7.0 0.225305 0.106020 0.077152
8.0 0.229974 0.122157 0.083366
9.0 0.232630 0.136440 0.087537
10.0 0.232904 0.148684 0.090153
11.0 0.230495 0.158737 0.091725
12.0 0.225200 0.166467 0.092696
13.0 0.220140 0.174696 0.094621
14.0 0.219060 0.177378 0.091651
15.0 0.200590 0.163998 0.065864
16.0 0.174913 0.128884 0.033435
17.0 0.150283 0.073906 0.013407
18.0 0.132140 0.045300 0.017910
19.0 0.107004 0.040851 0.024535
20.0 0.076758 0.051911 0.028544
21.0 0.046432 0.070257 0.030117
22.0 0.019209 0.087656 0.029337
23.0 -0.008296 0.095949 0.025895
24.0 -0.038382 0.090247 0.019580
25.0 -0.068986 0.068013 0.010344
26.0 -0.097985 0.031918 -0.003714
27.0 -0.123382 -0.004893 -0.028321
28.0 -0.141938 -0.041241 -0.056555
29.0 -0.151245 -0.076390 -0.080210
30.0 -0.150536 -0.109640 -0.093129
31.0 -0.140998 -0.140682 -0.099373
32.0 -0.122997 -0.169138 -0.100825
33.0 -0.098249 -0.192936 -0.098496
34.0 -0.069070 -0.212372 -0.098782
35.0 -0.036369 -0.229080 -0.110044
36.0 -0.002453 -0.238790 -0.130432
37.0 0.027582 -0.248690 -0.151795
38.0 0.046810 -0.262310 -0.166189
39.0 0.045221 -0.279045 -0.165234
40.0 0.020021 -0.297915 -0.149223
41.0 -0.018869 -0.314786 -0.124706
42.0 -0.056519 -0.326024 -0.100166
43.0 -0.079080 -0.332747 -0.084578
44.0 -0.082814 -0.330453 -0.083060
45.0 -0.070659 -0.314712 -0.088418
46.0 -0.049352 -0.288849 -0.096506
47.0 -0.031795 -0.256960 -0.105284
48.0 -0.014465 -0.221984 -0.114846
49.0 0.003771 -0.187062 -0.124295
50.0 0.022023 -0.159287 -0.132229
51.0 0.039625 -0.134512 -0.136159
52.0 0.055817 -0.111240 -0.131953
53.0 0.070453 -0.091044 -0.114241
54.0 0.085475 -0.074720 -0.090637
55.0 0.101622 -0.063475 -0.069844
56.0 0.118084 -0.059024 -0.054302
57.0 0.133875 -0.060888 -0.040773
58.0 0.148146 -0.060428 -0.029756
59.0 0.159922 -0.053676 -0.021974
"Shoulder_L"
"UpperBody2"
16 0.000000 0.000000 0.000000 0.000000 0.000000 0.000000
2
0.0 0.635050 2.483365 -0.168541
59.0 0.635050 2.483365 -0.168541
2
0.0 -0.000000 0.000000 0.000000
59.0 -0.000000 0.000000 0.000000
"Arm_L"
"Shoulder_L"
16 0.000000 0.000000 0.000000 0.000000 0.000000 0.000000
2
0.0 0.142721 -0.147400 0.127684
59.0 0.142721 -0.147400 0.127684
60
0.0 -0.154933 0.371454 -0.807350
1.0 -0.200223 0.322151 -0.851477
1.999996000000003 -0.270745 0.293955 -0.904228
3.0 -0.343184 0.270773 -0.954011
4.0 -0.401918 0.242755 -0.992453
5.0 -0.433993 0.211579 -1.015300
6.0 -0.434194 0.174900 -1.017581
7.0 -0.422119 0.141365 -1.004816
8.0 -0.403644 0.123978 -0.981032
9.0 -0.373966 0.119651 -0.953016
10.0 -0.338511 0.122885 -0.921431
11.0 -0.297266 0.121669 -0.885716
12.0 -0.254257 0.113208 -0.846292
13.0 -0.222559 0.110247 -0.805409
14.0 -0.211991 0.132915 -0.767143
15.0 -0.238498 0.185688 -0.736600
16.0 -0.306030 0.259403 -0.719716
17.0 -0.393682 0.334774 -0.712976
18.0 -0.474081 0.396121 -0.706083
19.0 -0.518057 0.434814 -0.685299
20.0 -0.500238 0.448740 -0.638097
21.0 -0.432759 0.450826 -0.582099
22.0 -0.331661 0.457016 -0.535327
23.0 -0.225232 0.445232 -0.517496
24.0 -0.142936 0.412365 -0.543678
25.0 -0.067913 0.362817 -0.605438
26.0 -0.009532 0.313874 -0.686570
27.0 0.039980 0.302893 -0.767140
28.0 0.089530 0.331804 -0.833369
29.0 0.129310 0.378599 -0.879235
30.0 0.143298 0.434336 -0.901326
31.0 0.115623 0.501641 -0.898668
32.0 0.046249 0.587485 -0.874281
33.0 -0.052614 0.675326 -0.837704
34.0 -0.130479 0.733535 -0.798340
35.0 -0.174367 0.745584 -0.753306
36.0 -0.205256 0.716805 -0.708785
37.0 -0.227428 0.663419 -0.665786
38.0 -0.243653 0.598445 -0.624446
39.0 -0.255765 0.532932 -0.584390
40.0 -0.264982 0.476032 -0.545091
41.0 -0.272905 0.431374 -0.506430
42.0 -0.280015 0.405248 -0.468386
43.0 -0.285805 0.400125 -0.433322
44.0 -0.288306 0.411302 -0.403901
45.0 -0.295452 0.428580 -0.380997
46.0 -0.324472 0.452838 -0.374351
47.0 -0.370915 0.482113 -0.383614
48.0 -0.423384 0.513700 -0.404291
49.0 -0.469826 0.545430 -0.430878
50.0 -0.488511 0.573149 -0.452619
51.0 -0.468153 0.593522 -0.463500
52.0 -0.425495 0.613131 -0.475736
53.0 -0.378663 0.630330 -0.500228
54.0 -0.344752 0.639825 -0.543917
55.0 -0.335769 0.640184 -0.606855
56.0 -0.333395 0.625077 -0.674459
57.0 -0.322621 0.590996 -0.734331
58.0 -0.262765 0.528574 -0.764746
59.0 -0.183646 0.445797 -0.779843
"ArmTwist_L"
"Arm_L"
16 0.000000 0.000000 0.000000 0.000000 0.000000 0.000000
2
0.0 0.000000 0.000000 0.000000
59.0 0.000000 0.000000 0.000000
2
0.0 0.000000 -0.000000 -0.000000
59.0 0.000000 -0.000000 0.000000
"Elbow_L"
"ArmTwist_L"
16 0.000000 0.000000 0.000000 0.000000 0.000000 0.000000
2
0.0 1.938308 -0.663963 -0.068135
59.0 1.938308 -0.663963 -0.068135
60
0.0 -0.426084 -0.712885 0.160378
1.0 -0.373968 -0.652480 0.127510
1.999996000000003 -0.324117 -0.587625 0.098554
3.0 -0.271682 -0.511449 0.071180
4.0 -0.215843 -0.421119 0.046087
5.0 -0.168020 -0.336429 0.028422
6.0 -0.127579 -0.260044 0.016563
7.0 -0.096362 -0.198543 0.009493
8.0 -0.083802 -0.173277 0.007182
9.0 -0.090576 -0.186936 0.008389
10.0 -0.110764 -0.227164 0.012522
11.0 -0.138541 -0.281143 0.019485
12.0 -0.170959 -0.341819 0.029397
13.0 -0.207812 -0.407355 0.042860
14.0 -0.259581 -0.492676 0.065364
15.0 -0.315370 -0.575493 0.093755
16.0 -0.368399 -0.645589 0.124147
17.0 -0.415803 -0.701537 0.153705
18.0 -0.455439 -0.743819 0.179906
19.0 -0.488966 -0.776620 0.202997
20.0 -0.530163 -0.813504 0.232397
21.0 -0.586173 -0.858172 0.273939
22.0 -0.647548 -0.900727 0.321214
23.0 -0.614630 -0.878677 0.295651
24.0 -0.505647 -0.791994 0.214772
25.0 -0.389582 -0.671344 0.137099
26.0 -0.286407 -0.533682 0.078517
27.0 -0.229857 -0.444676 0.051954
28.0 -0.209995 -0.411117 0.043727
29.0 -0.197827 -0.389982 0.038992
30.0 -0.184960 -0.367167 0.034245
31.0 -0.178656 -0.355824 0.032022
32.0 -0.194159 -0.383524 0.037612
33.0 -0.223385 -0.433871 0.049207
34.0 -0.259775 -0.492983 0.065456
35.0 -0.289072 -0.537638 0.079877
36.0 -0.301898 -0.556363 0.086540
37.0 -0.305136 -0.561009 0.088254
38.0 -0.305454 -0.561464 0.088422
39.0 -0.309293 -0.566932 0.090473
40.0 -0.322473 -0.585362 0.097645
41.0 -0.344702 -0.615277 0.110190
42.0 -0.375963 -0.654930 0.128721
43.0 -0.416109 -0.701881 0.153902
44.0 -0.463683 -0.752128 0.185510
45.0 -0.504120 -0.790609 0.213687
46.0 -0.531927 -0.815005 0.233678
47.0 -0.548327 -0.828649 0.245682
48.0 -0.555807 -0.834698 0.251207
49.0 -0.556155 -0.834976 0.251465
50.0 -0.549200 -0.829361 0.246325
51.0 -0.535725 -0.818211 0.236445
52.0 -0.530174 -0.813514 0.232404
53.0 -0.530885 -0.814118 0.232920
54.0 -0.537204 -0.819454 0.237523
55.0 -0.541998 -0.823446 0.241032
56.0 -0.539039 -0.820987 0.238864
57.0 -0.524794 -0.808900 0.228504
58.0 -0.498958 -0.785901 0.210028
59.0 -0.464329 -0.752769 0.185949
"HandTwist_L"
"Elbow_L"
16 0.000000 0.000000 0.000000 0.000000 0.000000 0.000000
2
0.0 0.590228 -0.283500 0.004036
59.0 0.590228 -0.283500 0.004036
2
0.0 -0.000000 -0.000000 -0.000000
59.0 0.000000 0.000000 0.000000
"Wrist_L"
"HandTwist_L"
16 0.000000 0.000000 0.000000 0.000000 0.000000 0.000000
2
0.0 0.695241 -0.391891 0.009549
59.0 0.695241 -0.391891 0.009549
60
0.0 -0.320151 0.090519 0.694937
1.0 -0.281482 0.054185 0.634614
1.999996000000003 -0.229865 -0.000328 0.562130
3.0 -0.181688 -0.054084 0.490840
4.0 -0.151189 -0.096505 0.427550
5.0 -0.138658 -0.115463 0.375262
6.0 -0.151601 -0.112348 0.334903
7.0 -0.176042 -0.103426 0.295807
8.0 -0.194853 -0.087749 0.254668
9.0 -0.206763 -0.062913 0.232100
10.0 -0.209832 -0.037270 0.242617
11.0 -0.206268 -0.018119 0.278796
12.0 -0.200085 -0.010363 0.334661
13.0 -0.196724 -0.019000 0.402417
14.0 -0.189444 -0.032252 0.470321
15.0 -0.193653 -0.055700 0.528791
16.0 -0.224216 -0.076759 0.572548
17.0 -0.271626 -0.070588 0.595517
18.0 -0.308412 -0.037240 0.603404
19.0 -0.317771 0.006910 0.597724
20.0 -0.287922 0.040373 0.573287
21.0 -0.231319 0.036610 0.539878
22.0 -0.155356 0.022036 0.503154
23.0 -0.104043 -0.006764 0.470141
24.0 -0.073160 -0.029628 0.423023
25.0 -0.060560 -0.016659 0.340414
26.0 -0.043210 -0.007683 0.217607
27.0 0.016792 0.009674 0.083352
28.0 0.095053 0.056419 -0.019608
29.0 0.156726 0.116251 -0.062279
30.0 0.183845 0.166365 -0.027393
31.0 0.174785 0.190127 0.052868
32.0 0.175255 0.200247 0.122402
33.0 0.218370 0.208535 0.148935
34.0 0.264209 0.225103 0.166232
35.0 0.256207 0.228395 0.200867
36.0 0.152045 0.188272 0.257348
37.0 0.019070 0.137038 0.311801
38.0 -0.062608 0.107256 0.334318
39.0 -0.100658 0.089310 0.337440
40.0 -0.114651 0.062780 0.330711
41.0 -0.125535 0.027033 0.320651
42.0 -0.129742 -0.013449 0.316798
43.0 -0.128862 -0.050679 0.322120
44.0 -0.124783 -0.071691 0.345712
45.0 -0.126295 -0.069496 0.396657
46.0 -0.139785 -0.049377 0.472898
47.0 -0.164188 -0.049845 0.537937
48.0 -0.194127 -0.068002 0.586161
49.0 -0.221157 -0.090354 0.621672
50.0 -0.237077 -0.096993 0.654424
51.0 -0.232363 -0.081476 0.690743
52.0 -0.214285 -0.051531 0.719665
53.0 -0.200732 -0.013494 0.726017
54.0 -0.208949 0.031893 0.703760
55.0 -0.230290 0.071832 0.666035
56.0 -0.264899 0.086272 0.641628
57.0 -0.296639 0.072142 0.643707
58.0 -0.321891 0.069077 0.676578
59.0 -0.336471 0.084279 0.707814
"Thumb0_L"
"Wrist_L"
16 0.000000 0.000000 0.000000 0.000000 0.000000 0.000000
2
0.0 0.177425 -0.062715 0.177758
59.0 0.177425 -0.062715 0.177758
2
0.0 0.000000 -0.000000 0.000000
59.0 -0.000000 0.000000 0.000000
"Thumb1_L"
"Thumb0_L"
16 0.000000 0.000000 0.000000 0.000000 0.000000 0.000000
2
0.0 0.254271 -0.173564 0.149799
59.0 0.254271 -0.173564 0.149799
2
0.0 0.000000 -0.000000 0.000000
59.0 -0.000000 0.000000 0.000000
"Shoulder_R"
"UpperBody2"
16 0.000000 0.000000 0.000000 0.000000 0.000000 0.000000
2
0.0 -0.635050 2.483362 -0.168540
59.0 -0.635050 2.483362 -0.168540
2
0.0 -0.000000 0.000000 0.000000
59.0 -0.000000 -0.000000 0.000000
"Arm_R"
"Shoulder_R"
16 0.000000 0.000000 0.000000 0.000000 0.000000 0.000000
2
0.0 -0.142723 -0.147400 0.127686
59.0 -0.142723 -0.147400 0.127686
60
0.0 0.015150 -0.259437 0.575598
1.0 0.012683 -0.255412 0.606661
1.999996000000003 0.034063 -0.262568 0.640822
3.0 0.058579 -0.279861 0.669295
4.0 0.066166 -0.303353 0.683939
5.0 0.032118 -0.321714 0.682639
6.0 -0.050525 -0.328989 0.673394
7.0 -0.159220 -0.329963 0.661538
8.0 -0.297049 -0.328630 0.649659
9.0 -0.446735 -0.324376 0.636019
10.0 -0.564375 -0.317958 0.615847
11.0 -0.637826 -0.327733 0.592827
12.0 -0.694608 -0.361473 0.572520
13.0 -0.740405 -0.405754 0.553172
14.0 -0.776791 -0.449454 0.535662
15.0 -0.805169 -0.481022 0.521681
16.0 -0.848705 -0.494531 0.515814
17.0 -0.942410 -0.492680 0.538195
18.0 -1.021697 -0.477088 0.561261
19.0 -1.008518 -0.462330 0.548081
20.0 -0.894866 -0.453610 0.497004
21.0 -0.706168 -0.442963 0.427973
22.0 -0.466727 -0.407497 0.360110
23.0 -0.244796 -0.343563 0.326904
24.0 -0.103320 -0.275418 0.346300
25.0 -0.059607 -0.220940 0.407326
26.0 -0.114712 -0.198032 0.503236
27.0 -0.200228 -0.180939 0.614250
28.0 -0.268217 -0.142022 0.719649
29.0 -0.317593 -0.083372 0.814175
30.0 -0.327662 -0.013959 0.896442
31.0 -0.285929 0.042261 0.974668
32.0 -0.195473 0.100288 1.039207
33.0 -0.104387 0.156383 1.089562
34.0 -0.033974 0.211252 1.120748
35.0 0.018983 0.260224 1.126089
36.0 0.058826 0.296382 1.098356
37.0 0.051867 0.293531 1.047082
38.0 0.002115 0.262194 0.993026
39.0 -0.069647 0.224782 0.950306
40.0 -0.147764 0.182921 0.917238
41.0 -0.220380 0.135534 0.889734
42.0 -0.281263 0.081075 0.865495
43.0 -0.332822 0.017583 0.845541
44.0 -0.376066 -0.056532 0.831841
45.0 -0.417048 -0.141183 0.824116
46.0 -0.466689 -0.233695 0.820525
47.0 -0.542087 -0.323229 0.831035
48.0 -0.656170 -0.397715 0.864917
49.0 -0.782577 -0.449541 0.907933
50.0 -0.871891 -0.484210 0.937000
51.0 -0.869910 -0.515563 0.928621
52.0 -0.776596 -0.546924 0.871050
53.0 -0.592640 -0.560617 0.763073
54.0 -0.347543 -0.531572 0.628738
55.0 -0.155666 -0.470432 0.541494
56.0 -0.032571 -0.402234 0.504413
57.0 0.029131 -0.343236 0.503271
58.0 0.045689 -0.299034 0.521960
59.0 0.035055 -0.270593 0.548540
"ArmTwist_R"
"Arm_R"
16 0.000000 0.000000 0.000000 0.000000 0.000000 0.000000
2
0.0 0.000000 0.000000 0.000000
59.0 0.000000 0.000000 0.000000
2
0.0 -0.000000 -0.000000 -0.000000
59.0 -0.000000 -0.000000 0.000000
"Elbow_R"
"ArmTwist_R"
16 0.000000 0.000000 0.000000 0.000000 0.000000 0.000000
2
0.0 -1.938306 -0.663963 -0.068133
59.0 -1.938306 -0.663963 -0.068133
60
0.0 -0.310804 0.571187 -0.092289
1.0 -0.288333 0.538614 -0.080431
1.999996000000003 -0.288302 0.538566 -0.080414
3.0 -0.299326 0.554741 -0.086152
4.0 -0.311353 0.571967 -0.092586
5.0 -0.303684 0.561032 -0.088464
6.0 -0.270271 0.511305 -0.071362
7.0 -0.231321 0.448989 -0.053327
8.0 -0.190552 0.378831 -0.036882
9.0 -0.153237 0.310434 -0.024232
10.0 -0.136360 0.278297 -0.019317
11.0 -0.150509 0.305289 -0.023402
12.0 -0.183333 0.365899 -0.034249
13.0 -0.223340 0.435645 -0.049904
14.0 -0.268428 0.508462 -0.070461
15.0 -0.321157 0.585679 -0.097956
16.0 -0.371203 0.651258 -0.127028
17.0 -0.414742 0.702552 -0.154340
18.0 -0.450198 0.740642 -0.177789
19.0 -0.473830 0.764312 -0.193954
20.0 -0.471057 0.761602 -0.192038
21.0 -0.459279 0.749892 -0.183952
22.0 -0.438515 0.728440 -0.169951
23.0 -0.414824 0.702646 -0.154394
24.0 -0.380512 0.662660 -0.132719
25.0 -0.331393 0.599692 -0.103682
26.0 -0.284310 0.532618 -0.078374
27.0 -0.244691 0.470905 -0.059274
28.0 -0.202356 0.399647 -0.041372
29.0 -0.158302 0.319939 -0.025805
30.0 -0.129846 0.265711 -0.017561
31.0 -0.145088 0.295004 -0.021793
32.0 -0.177321 0.355019 -0.032123
33.0 -0.216439 0.423954 -0.047023
34.0 -0.260648 0.496345 -0.066710
35.0 -0.321215 0.585761 -0.097988
36.0 -0.417767 0.705926 -0.156300
37.0 -0.563817 0.843155 -0.258860
38.0 -0.754530 0.963413 -0.409161
39.0 -0.963682 1.045429 -0.586051
40.0 -1.173121 1.094058 -0.770005
41.0 -1.378973 1.119130 -0.954262
42.0 -1.564799 1.126314 -1.121873
43.0 -1.720786 1.121892 -1.262639
44.0 -1.821294 1.113834 -1.353048
45.0 -1.862325 1.109294 -1.389838
46.0 -1.854471 1.110222 -1.382802
47.0 -1.799941 1.115903 -1.333872
48.0 -1.706234 1.122711 -1.249524
49.0 -1.589892 1.126245 -1.144533
50.0 -1.476786 1.124619 -1.042417
51.0 -1.383469 1.119468 -0.958309
52.0 -1.267956 1.108035 -0.854603
53.0 -1.123396 1.084894 -0.725917
54.0 -0.964392 1.045642 -0.586666
55.0 -0.807262 0.988106 -0.452855
56.0 -0.664198 0.913213 -0.336227
57.0 -0.541268 0.824962 -0.242146
58.0 -0.440339 0.730367 -0.171168
59.0 -0.362436 0.640296 -0.121745
"HandTwist_R"
"Elbow_R"
16 0.000000 0.000000 0.000000 0.000000 0.000000 0.000000
2
0.0 -0.590229 -0.283500 0.004036
59.0 -0.590229 -0.283500 0.004036
2
0.0 -0.000000 -0.000000 -0.000000
59.0 -0.000000 0.000000 0.000000
"Wrist_R"
"HandTwist_R"
16 0.000000 0.000000 0.000000 0.000000 0.000000 0.000000
2
0.0 -0.695243 -0.391890 0.009549
59.0 -0.695243 -0.391890 0.009549
60
0.0 -0.484507 -0.345174 0.469761
1.0 -0.199714 -0.464128 0.315149
1.999996000000003 0.079712 -0.577102 0.044249
3.0 0.322336 -0.657157 -0.289510
4.0 0.454188 -0.715789 -0.589876
5.0 0.403830 -0.773304 -0.736508
6.0 0.177572 -0.799344 -0.673827
7.0 -0.123408 -0.743516 -0.477398
8.0 -0.343881 -0.581842 -0.294664
9.0 -0.442260 -0.378961 -0.201367
10.0 -0.488918 -0.226640 -0.196183
11.0 -0.550870 -0.146448 -0.223374
12.0 -0.625325 -0.113818 -0.274747
13.0 -0.710831 -0.101022 -0.360906
14.0 -0.779565 -0.116229 -0.466366
15.0 -0.800254 -0.164501 -0.562962
16.0 -0.766486 -0.233925 -0.613709
17.0 -0.688804 -0.285022 -0.616282
18.0 -0.611830 -0.333531 -0.614266
19.0 -0.581261 -0.398717 -0.649613
20.0 -0.620271 -0.436119 -0.712900
21.0 -0.593186 -0.411052 -0.761982
22.0 -0.573527 -0.263673 -0.876350
23.0 -0.557956 -0.133187 -0.990309
24.0 -0.405993 -0.087325 -0.976321
25.0 -0.227479 -0.107659 -0.868946
26.0 -0.153096 -0.103349 -0.740531
27.0 -0.135898 -0.103288 -0.632679
28.0 -0.175404 -0.105246 -0.540418
29.0 -0.258177 -0.084610 -0.444379
30.0 -0.340032 -0.074502 -0.373653
31.0 -0.384387 -0.092173 -0.325548
32.0 -0.439092 -0.129170 -0.303170
33.0 -0.491904 -0.152206 -0.299975
34.0 -0.539988 -0.152342 -0.309701
35.0 -0.589256 -0.137779 -0.333460
36.0 -0.643748 -0.118995 -0.377402
37.0 -0.675633 -0.095744 -0.406131
38.0 -0.686304 -0.085564 -0.403504
39.0 -0.687975 -0.093042 -0.391247
40.0 -0.685839 -0.120759 -0.383716
41.0 -0.684435 -0.162470 -0.388947
42.0 -0.661708 -0.207698 -0.405591
43.0 -0.617054 -0.248607 -0.428859
44.0 -0.568302 -0.272584 -0.454858
45.0 -0.528936 -0.278331 -0.483244
46.0 -0.507682 -0.275970 -0.515855
47.0 -0.507126 -0.271476 -0.538302
48.0 -0.519649 -0.276889 -0.540183
49.0 -0.591718 -0.450639 -0.584257
50.0 -0.572529 -0.619473 -0.728625
51.0 -0.570656 -0.544363 -0.779191
52.0 -0.667943 -0.566977 -0.692462
53.0 -0.852628 -0.621651 -0.554144
54.0 -1.100054 -0.646392 -0.361431
55.0 -1.296212 -0.570646 -0.137300
56.0 -1.351269 -0.426358 0.059149
57.0 -1.253210 -0.286169 0.227249
58.0 -1.039309 -0.215725 0.370775
59.0 -0.766512 -0.242348 0.462595
"Thumb0_R"
"Wrist_R"
16 0.000000 0.000000 0.000000 0.000000 0.000000 0.000000
2
0.0 -0.177425 -0.062715 0.177758
59.0 -0.177425 -0.062715 0.177758
2
0.0 0.000000 0.000000 -0.000000
59.0 0.000000 -0.000000 0.000000
"Thumb1_R"
"Thumb0_R"
16 0.000000 0.000000 0.000000 0.000000 0.000000 0.000000
2
0.0 -0.254271 -0.173564 0.149799
59.0 -0.254271 -0.173564 0.149799
2
0.0 0.000000 0.000000 -0.000000
59.0 0.000000 -0.000000 -0.000000
"LowerBody"
"Waist"
16 0.000000 0.000000 0.000000 0.000000 0.000000 0.000000
2
0.0 0.000000 -0.000001 0.000000
59.0 0.000000 -0.000001 0.000000
2
0.0 0.000000 0.000000 0.000000
59.0 0.000000 -0.000000 -0.000000
"Leg_L"
"LowerBody"
16 0.000000 0.000000 0.000000 0.000000 0.000000 0.000000
2
0.0 0.723214 0.569966 0.392827
59.0 0.723214 0.569966 0.392827
60
0.0 -0.355598 0.197317 0.143091
1.0 -0.264304 0.161348 0.198763
1.999996000000003 -0.162794 0.106753 0.245022
3.0 -0.058778 0.040062 0.278679
4.0 0.040333 -0.030456 0.298603
5.0 0.126087 -0.095549 0.306258
6.0 0.181798 -0.146454 0.305600
7.0 0.199523 -0.177673 0.301901
8.0 0.192237 -0.186610 0.298972
9.0 0.164457 -0.172783 0.298400
10.0 0.119022 -0.144243 0.297145
11.0 0.057029 -0.113289 0.289152
12.0 -0.008893 -0.081833 0.269678
13.0 -0.063672 -0.051058 0.237769
14.0 -0.097662 -0.022301 0.194173
15.0 -0.103673 0.001068 0.141522
16.0 -0.086521 0.008524 0.084273
17.0 -0.055084 -0.000430 0.028485
18.0 -0.030539 -0.018351 -0.020265
19.0 -0.037515 -0.036680 -0.057517
20.0 -0.066708 -0.041520 -0.079803
21.0 -0.099880 -0.033468 -0.086283
22.0 -0.127862 -0.029787 -0.081023
23.0 -0.160853 -0.040904 -0.070644
24.0 -0.208493 -0.080326 -0.057487
25.0 -0.264132 -0.134868 -0.039374
26.0 -0.321575 -0.177376 -0.016642
27.0 -0.374113 -0.191321 0.004695
28.0 -0.415448 -0.197513 0.019047
29.0 -0.439054 -0.201028 0.021979
30.0 -0.427689 -0.203927 0.010494
31.0 -0.386128 -0.200348 -0.014303
32.0 -0.328904 -0.178659 -0.049868
33.0 -0.262014 -0.142463 -0.089736
34.0 -0.194783 -0.100899 -0.126904
35.0 -0.140243 -0.064721 -0.156178
36.0 -0.107734 -0.044572 -0.175042
37.0 -0.100487 -0.043363 -0.182709
38.0 -0.118868 -0.042668 -0.176672
39.0 -0.163940 -0.040771 -0.154428
40.0 -0.234977 -0.036836 -0.118132
41.0 -0.325067 -0.028806 -0.072975
42.0 -0.417482 -0.011399 -0.029513
43.0 -0.496479 0.017113 0.003366
44.0 -0.548281 0.053087 0.024427
45.0 -0.566201 0.091536 0.037609
46.0 -0.554550 0.131342 0.046044
47.0 -0.521406 0.170831 0.051573
48.0 -0.480828 0.189157 0.056290
49.0 -0.445391 0.184357 0.056371
50.0 -0.419891 0.168430 0.045608
51.0 -0.401575 0.151161 0.022427
52.0 -0.386364 0.139942 -0.007270
53.0 -0.383019 0.138031 -0.039394
54.0 -0.391822 0.146847 -0.066971
55.0 -0.409412 0.161392 -0.082581
56.0 -0.430910 0.178984 -0.078538
57.0 -0.449912 0.196971 -0.046281
58.0 -0.456928 0.210085 0.010442
59.0 -0.421422 0.212645 0.077895
"Knee_L"
"Leg_L"
16 0.000000 0.000000 0.000000 0.000000 0.000000 0.000000
2
0.0 -0.071839 -3.386273 0.067519
59.0 -0.071839 -3.386273 0.067519
60
0.0 0.833335 -0.000000 0.000000
1.0 0.715666 0.000000 -0.000000
1.999996000000003 0.604899 0.000000 0.000000
3.0 0.503499 0.000000 0.000000
4.0 0.415502 0.000000 -0.000000
5.0 0.348180 0.000000 -0.000000
6.0 0.325385 0.000000 -0.000000
7.0 0.349074 -0.000000 -0.000000
8.0 0.391224 0.000000 0.000000
9.0 0.446837 0.000000 -0.000000
10.0 0.511745 0.000000 -0.000000
11.0 0.582698 -0.000000 -0.000000
12.0 0.644157 0.000000 -0.000000
13.0 0.677949 0.000000 0.000000
14.0 0.675161 -0.000000 -0.000000
15.0 0.627378 0.000000 -0.000000
16.0 0.545915 -0.000000 0.000000
17.0 0.453418 0.000000 -0.000000
18.0 0.388594 0.000000 0.000000
19.0 0.397396 0.000000 -0.000000
20.0 0.455370 0.000000 0.000000
21.0 0.517188 0.000000 -0.000000
22.0 0.551943 0.000000 -0.000000
23.0 0.567417 -0.000000 0.000000
24.0 0.586503 -0.000000 -0.000000
25.0 0.604233 0.000000 -0.000000
26.0 0.616791 0.000000 -0.000000
27.0 0.621613 -0.000000 0.000000
28.0 0.617457 0.000000 -0.000000
29.0 0.603482 0.000000 -0.000000
30.0 0.556239 -0.000001 -0.000000
31.0 0.481504 0.000000 -0.000000
32.0 0.405148 0.000000 -0.000000
33.0 0.332831 0.000000 -0.000000
34.0 0.275114 0.000000 0.000000
35.0 0.249270 0.000000 -0.000000
36.0 0.264255 0.000000 0.000000
37.0 0.315701 -0.000000 0.000000
38.0 0.392469 -0.000000 -0.000000
39.0 0.484491 0.000000 0.000000
40.0 0.582287 -0.000000 -0.000000
41.0 0.674659 -0.000000 -0.000000
42.0 0.752584 0.000000 -0.000000
43.0 0.810984 -0.000000 0.000000
44.0 0.841219 -0.000000 -0.000000
45.0 0.843611 -0.000000 -0.000000
46.0 0.827888 0.000000 0.000000
47.0 0.799333 -0.000000 -0.000000
48.0 0.774433 -0.000000 -0.000000
49.0 0.764654 0.000000 -0.000000
50.0 0.764223 -0.000000 -0.000000
51.0 0.767369 0.000000 0.000000
52.0 0.770492 0.000000 -0.000000
53.0 0.787577 0.000000 0.000000
54.0 0.816925 -0.000000 -0.000000
55.0 0.853345 -0.000000 -0.000000
56.0 0.892603 0.000000 0.000000
57.0 0.931228 -0.000000 0.000000
58.0 0.961187 0.000000 -0.000000
59.0 0.921277 0.000000 -0.000000
"Ankle_L"
"Knee_L"
16 0.000000 0.000000 0.000000 0.000000 0.000000 0.000000
2
0.0 0.144162 -3.638316 -0.212289
59.0 0.144162 -3.638316 -0.212289
60
0.0 0.013018 0.546190 0.000900
1.0 0.039807 0.561528 -0.033529
1.999996000000003 0.052401 0.597323 -0.067931
3.0 0.051990 0.646428 -0.099256
4.0 0.039231 0.700953 -0.126544
5.0 0.012814 0.752674 -0.151780
6.0 -0.041106 0.792259 -0.187346
7.0 -0.120358 0.812139 -0.234668
8.0 -0.199164 0.809520 -0.275439
9.0 -0.269293 0.782238 -0.302679
10.0 -0.328392 0.736711 -0.315200
11.0 -0.376881 0.680719 -0.314957
12.0 -0.409699 0.623555 -0.301382
13.0 -0.422107 0.573991 -0.275660
14.0 -0.414256 0.538486 -0.243187
15.0 -0.384650 0.522962 -0.208217
16.0 -0.340491 0.529279 -0.176081
17.0 -0.292896 0.548710 -0.148410
18.0 -0.262274 0.566686 -0.131669
19.0 -0.274314 0.566169 -0.136909
20.0 -0.310277 0.536260 -0.150337
21.0 -0.340844 0.486706 -0.155494
22.0 -0.351592 0.442560 -0.150512
23.0 -0.349944 0.418377 -0.142915
24.0 -0.351506 0.423946 -0.143737
25.0 -0.352096 0.445508 -0.148143
26.0 -0.346140 0.456576 -0.145811
27.0 -0.330625 0.440074 -0.129778
28.0 -0.309122 0.412874 -0.107672
29.0 -0.282946 0.376416 -0.081480
30.0 -0.241033 0.330721 -0.049551
31.0 -0.187668 0.272461 -0.016025
32.0 -0.135126 0.199084 0.012566
33.0 -0.086492 0.149794 0.024591
34.0 -0.043605 0.123870 0.025732
35.0 -0.013213 0.112451 0.021839
36.0 0.000662 0.104747 0.018697
37.0 0.000187 0.083806 0.022265
38.0 -0.010031 0.038427 0.036398
39.0 -0.025994 -0.009347 0.057874
40.0 -0.043209 -0.035996 0.079386
41.0 -0.055731 -0.027106 0.092406
42.0 -0.039351 0.011820 0.100905
43.0 0.002788 0.074082 0.108914
44.0 0.052961 0.154201 0.113471
45.0 0.069966 0.272947 0.113464
46.0 0.073963 0.367609 0.088340
47.0 0.110710 0.382321 0.061543
48.0 0.109907 0.395272 0.037069
49.0 0.058484 0.434843 0.025082
50.0 -0.022093 0.504266 0.046655
51.0 -0.059330 0.588220 0.093237
52.0 -0.026566 0.663502 0.146900
53.0 0.033278 0.705203 0.175842
54.0 0.058296 0.710192 0.180093
55.0 0.060009 0.696786 0.173550
56.0 0.048629 0.669017 0.154003
57.0 0.024991 0.631890 0.119995
58.0 -0.005998 0.592782 0.073235
59.0 -0.005345 0.559828 0.036342
"Leg_R"
"LowerBody"
16 0.000000 0.000000 0.000000 0.000000 0.000000 0.000000
2
0.0 -0.723215 0.569966 0.392828
59.0 -0.723215 0.569966 0.392828
60
0.0 -0.249208 0.218217 -0.080009
1.0 -0.149907 0.222171 -0.049137
1.999996000000003 -0.059356 0.204142 -0.016414
3.0 -0.021666 0.168123 0.015034
4.0 -0.034409 0.119955 0.042125
5.0 -0.044396 0.067703 0.063118
6.0 -0.048742 0.020855 0.077981
7.0 -0.062946 -0.013088 0.087689
8.0 -0.091430 -0.027771 0.092839
9.0 -0.132156 -0.020196 0.092343
10.0 -0.183839 -0.003999 0.083619
11.0 -0.247261 0.009136 0.064227
12.0 -0.320154 0.019205 0.034679
13.0 -0.389975 0.030631 -0.001704
14.0 -0.448455 0.048056 -0.035709
15.0 -0.490399 0.074663 -0.060118
16.0 -0.516489 0.108967 -0.075492
17.0 -0.528075 0.147211 -0.082454
18.0 -0.523725 0.184034 -0.081515
19.0 -0.510879 0.214514 -0.074333
20.0 -0.499254 0.230695 -0.063415
21.0 -0.496536 0.226587 -0.052592
22.0 -0.511205 0.206223 -0.048887
23.0 -0.547728 0.171007 -0.061238
24.0 -0.589070 0.107443 -0.086554
25.0 -0.611605 0.026108 -0.116762
26.0 -0.588465 -0.053755 -0.145757
27.0 -0.511742 -0.110375 -0.174846
28.0 -0.422099 -0.126773 -0.214921
29.0 -0.345764 -0.112422 -0.267431
30.0 -0.225143 -0.080474 -0.321664
31.0 -0.139213 -0.037699 -0.364865
32.0 -0.083688 0.008655 -0.393984
33.0 -0.019835 0.051644 -0.412005
34.0 0.048731 0.084175 -0.418755
35.0 -0.004999 0.097846 -0.417313
36.0 -0.024652 0.082244 -0.411386
37.0 -0.034701 0.049989 -0.401909
38.0 -0.047266 0.012356 -0.385552
39.0 -0.072695 -0.031595 -0.356107
40.0 -0.115342 -0.080292 -0.312206
41.0 -0.173590 -0.129084 -0.255156
42.0 -0.237795 -0.171265 -0.187953
43.0 -0.295881 -0.201559 -0.116066
44.0 -0.334357 -0.218082 -0.046529
45.0 -0.344771 -0.223537 0.015932
46.0 -0.331288 -0.218690 0.067425
47.0 -0.306311 -0.204372 0.106436
48.0 -0.285333 -0.182572 0.132303
49.0 -0.276539 -0.155459 0.143553
50.0 -0.278158 -0.124029 0.136803
51.0 -0.282059 -0.089289 0.108004
52.0 -0.280476 -0.052022 0.062248
53.0 -0.284372 -0.013109 0.006879
54.0 -0.296118 0.026065 -0.050497
55.0 -0.314293 0.064123 -0.101677
56.0 -0.335473 0.100392 -0.137814
57.0 -0.353977 0.135483 -0.148933
58.0 -0.363989 0.168902 -0.137246
59.0 -0.326808 0.197973 -0.111132
"Knee_R"
"Leg_R"
16 0.000000 0.000000 0.000000 0.000000 0.000000 0.000000
2
0.0 0.031936 -3.387038 0.059341
59.0 0.031936 -3.387038 0.059341
60
0.0 0.434322 0.000000 -0.000000
1.0 0.242264 0.000000 -0.000000
1.999996000000003 0.093868 0.000000 0.000000
3.0 0.066361 0.000000 0.000000
4.0 0.143576 0.000000 0.000000
5.0 0.208009 0.000000 0.000000
6.0 0.244421 0.000000 0.000000
7.0 0.275009 0.000000 0.000000
8.0 0.313607 0.000000 0.000000
9.0 0.364476 -0.000000 -0.000000
10.0 0.429287 0.000000 0.000000
11.0 0.508999 0.000000 0.000000
12.0 0.600307 0.000000 0.000000
13.0 0.685181 0.000000 -0.000000
14.0 0.755684 0.000000 0.000000
15.0 0.806104 0.000000 0.000000
16.0 0.841157 -0.000001 -0.000000
17.0 0.870275 0.000000 -0.000000
18.0 0.885969 0.000000 -0.000000
19.0 0.896017 0.000000 0.000000
20.0 0.909280 0.000000 -0.000000
21.0 0.928417 -0.000000 0.000001
22.0 0.956714 0.000000 -0.000000
23.0 0.990091 0.000000 0.000000
24.0 1.002203 0.000000 -0.000000
25.0 0.961178 0.000000 0.000000
26.0 0.827240 0.000000 0.000000
27.0 0.599411 -0.000000 0.000000
28.0 0.376366 0.000000 -0.000000
29.0 0.225197 0.000000 -0.000000
30.0 0.036409 -0.000000 0.000000
31.0 -0.047763 -0.000000 0.000000
32.0 -0.047762 0.000000 0.000000
33.0 -0.047763 -0.000000 0.000000
34.0 -0.047762 0.000000 -0.000000
35.0 0.201823 -0.000000 -0.000000
36.0 0.375199 0.000000 0.000000
37.0 0.511282 0.000000 0.000000
38.0 0.624278 0.000000 -0.000000
39.0 0.720821 0.000000 -0.000000
40.0 0.800242 0.000000 -0.000000
41.0 0.859577 -0.000000 0.000000
42.0 0.894817 -0.000000 0.000001
43.0 0.902041 0.000000 0.000000
44.0 0.877287 0.000000 -0.000000
45.0 0.824440 -0.000000 -0.000000
46.0 0.759507 0.000000 0.000000
47.0 0.702101 -0.000000 -0.000000
48.0 0.675890 0.000000 -0.000000
49.0 0.686487 0.000000 0.000000
50.0 0.716444 0.000000 -0.000000
51.0 0.746945 0.000000 -0.000000
52.0 0.760874 -0.000000 -0.000000
53.0 0.772025 -0.000000 -0.000000
54.0 0.779817 -0.000000 0.000000
55.0 0.780607 -0.000000 -0.000000
56.0 0.771944 0.000000 -0.000000
57.0 0.751735 0.000000 -0.000000
58.0 0.721086 0.000000 0.000000
59.0 0.608635 -0.000000 -0.000000
"Ankle_R"
"Knee_R"
16 0.000000 0.000000 0.000000 0.000000 0.000000 0.000000
2
0.0 -0.184926 -3.636822 -0.204112
59.0 -0.184926 -3.636822 -0.204112
60
0.0 -0.216737 -0.218784 0.024396
1.0 -0.096347 -0.174978 0.001138
1.999996000000003 0.022286 -0.113189 -0.010019
3.0 0.090058 -0.040769 -0.008892
4.0 0.104992 0.035743 -0.008071
5.0 0.114566 0.109302 -0.012916
6.0 0.126358 0.171903 -0.019704
7.0 0.137373 0.215411 -0.026766
8.0 0.140367 0.232001 -0.033624
9.0 0.132162 0.216506 -0.040633
10.0 0.108853 0.177170 -0.054107
11.0 0.073605 0.116909 -0.069047
12.0 0.033021 0.044467 -0.080627
13.0 -0.001895 -0.031801 -0.086041
14.0 -0.027170 -0.105152 -0.091599
15.0 -0.039508 -0.169027 -0.103096
16.0 -0.041142 -0.219682 -0.115733
17.0 -0.024465 -0.210024 -0.096880
18.0 0.006399 -0.120309 -0.093864
19.0 0.020575 -0.143308 -0.100819
20.0 0.011585 -0.309214 -0.118287
21.0 -0.013763 -0.480619 -0.134780
22.0 -0.027263 -0.534564 -0.146141
23.0 -0.023721 -0.456410 -0.119634
24.0 -0.013263 -0.322321 -0.065259
25.0 -0.035654 -0.241958 0.001396
26.0 -0.104151 -0.254150 0.030129
27.0 -0.147844 -0.276612 0.027867
28.0 -0.156511 -0.277371 0.018218
29.0 -0.116282 -0.264678 0.015374
30.0 0.001267 -0.243468 0.008555
31.0 0.080291 -0.222800 0.005999
32.0 0.112151 -0.217589 0.002996
33.0 0.119071 -0.246068 -0.002339
34.0 0.112370 -0.297567 -0.007519
35.0 -0.032100 -0.331772 0.031943
36.0 -0.140290 -0.337560 0.061204
37.0 -0.229925 -0.330086 0.081710
38.0 -0.307478 -0.322099 0.096982
39.0 -0.373459 -0.315974 0.104291
40.0 -0.425907 -0.314202 0.102907
41.0 -0.462508 -0.318423 0.093089
42.0 -0.482272 -0.328610 0.076890
43.0 -0.485164 -0.343174 0.057296
44.0 -0.470306 -0.360102 0.035162
45.0 -0.440222 -0.377070 0.009157
46.0 -0.404072 -0.392409 -0.017907
47.0 -0.372582 -0.405795 -0.041939
48.0 -0.359120 -0.418147 -0.057248
49.0 -0.366622 -0.428703 -0.062110
50.0 -0.384465 -0.435606 -0.059971
51.0 -0.401973 -0.437262 -0.054409
52.0 -0.409568 -0.433122 -0.049739
53.0 -0.415173 -0.423806 -0.043303
54.0 -0.418212 -0.409707 -0.035953
55.0 -0.416442 -0.391350 -0.029198
56.0 -0.410885 -0.363519 -0.012772
57.0 -0.399239 -0.327336 0.012485
58.0 -0.380053 -0.288265 0.036965
59.0 -0.314648 -0.251762 0.041607
