Bones: 47
"ParentNode"
""
16 0.000000 0.000000 0.000000 0.000000 0.000000 0.000000
2
0.0 0.000000 0.000000 -0.000000
59.0 0.000000 0.000000 -0.000000
2
0.0 3.141593 0.000000 3.141593
59.0 3.141593 0.000000 3.141593
"Center"
"ParentNode"
16 0.000000 0.000000 0.000000 0.000000 0.000000 0.000000
60
0.0 0.040001 7.326095 0.000023
1.0 0.012454 7.226692 -0.003024
2.0 -0.007246 7.186292 -0.011366
3.0 -0.020133 7.193746 -0.023804
4.0 -0.027241 7.237902 -0.039138
5.0 -0.029602 7.307615 -0.056170
6.0 -0.028250 7.391731 -0.073697
7.0 -0.024218 7.479105 -0.090524
8.0 -0.018539 7.558587 -0.105450
9.0 -0.012246 7.619027 -0.117274
10.0 -0.006372 7.649276 -0.124799
11.0 -0.001952 7.640222 -0.126824
12.0 -0.000017 7.599652 -0.122151
13.0 -0.000237 7.543063 -0.109580
14.0 -0.001009 7.485981 -0.087912
15.0 -0.002249 7.443935 -0.055947
16.0 -0.003883 7.432446 -0.012485
17.0 -0.005844 7.460039 0.031348
18.0 -0.008055 7.517182 0.050273
19.0 -0.010449 7.591992 0.050060
20.0 -0.012952 7.672576 0.037821
21.0 -0.015496 7.747047 0.020665
22.0 -0.018005 7.803517 0.005707
23.0 -0.020410 7.830097 -0.000000
24.0 -0.022640 7.815878 -0.000000
25.0 -0.024622 7.763681 -0.000000
26.0 -0.026287 7.683578 -0.000001
27.0 -0.027562 7.585305 -0.000000
28.0 -0.028375 7.478594 -0.000000
29.0 -0.028656 7.373181 -0.000000
30.0 -0.028333 7.278801 -0.000000
31.0 -0.027333 7.205186 -0.000000
32.0 -0.025588 7.162071 -0.000001
33.0 -0.023024 7.161643 -0.000001
34.0 -0.019571 7.203790 -0.000000
35.0 -0.015156 7.275603 -0.000000
36.0 -0.009709 7.364096 -0.000000
37.0 -0.003158 7.456275 -0.000000
38.0 0.003977 7.539152 0.004560
39.0 0.009128 7.599739 0.017156
40.0 0.012168 7.624634 0.033924
41.0 0.013301 7.599005 0.050972
42.0 0.012735 7.536676 0.064410
43.0 0.010673 7.459620 0.070347
44.0 0.007322 7.389808 0.064889
45.0 0.002888 7.349216 0.044147
46.0 -0.002423 7.358563 0.004230
47.0 -0.008405 7.408751 -0.042219
48.0 -0.014854 7.484908 -0.075148
49.0 -0.021562 7.577833 -0.096061
50.0 -0.028324 7.678325 -0.106593
51.0 -0.034935 7.777181 -0.108373
52.0 -0.039711 7.865202 -0.103036
53.0 -0.030456 7.933185 -0.092213
54.0 -0.009229 7.971931 -0.077536
55.0 0.018085 7.968893 -0.060639
56.0 0.045602 7.900215 -0.043154
57.0 0.067436 7.780359 -0.026713
58.0 0.077704 7.630562 -0.012948
59.0 0.070521 7.472061 -0.003492
60
0.0 -0.017947 -0.247030 -0.040747
1.0 -0.017691 -0.281196 -0.042168
2.0 -0.017363 -0.305634 -0.043800
3.0 -0.017604 -0.316624 -0.045586
4.0 -0.019061 -0.313498 -0.047461
5.0 -0.022387 -0.301046 -0.049362
6.0 -0.028220 -0.280643 -0.051226
7.0 -0.038760 -0.253550 -0.052990
8.0 -0.057898 -0.221032 -0.054596
9.0 -0.083052 -0.184355 -0.055975
10.0 -0.111190 -0.144777 -0.057068
11.0 -0.139300 -0.103570 -0.057810
12.0 -0.164351 -0.061992 -0.058140
13.0 -0.183329 -0.021309 -0.057997
14.0 -0.193209 0.017216 -0.057316
15.0 -0.190841 0.052318 -0.056034
16.0 -0.173041 0.082732 -0.054089
17.0 -0.142779 0.107197 -0.051420
18.0 -0.104430 0.124447 -0.047964
19.0 -0.062381 0.133219 -0.043621
20.0 -0.021010 0.131094 -0.038093
21.0 0.015302 0.113223 -0.031441
22.0 0.042169 0.084940 -0.023806
23.0 0.055108 0.052963 -0.015331
24.0 0.052335 0.024003 -0.006159
25.0 0.038591 0.004778 0.003567
26.0 0.019288 0.001954 0.013706
27.0 -0.000151 0.015723 0.024115
28.0 -0.014315 0.040726 0.034651
29.0 -0.017821 0.073086 0.045170
30.0 -0.009105 0.108923 0.055531
31.0 0.007692 0.144363 0.065594
32.0 0.028314 0.175524 0.075211
33.0 0.048497 0.198526 0.084244
34.0 0.063974 0.209497 0.092548
35.0 0.070485 0.206824 0.099981
36.0 0.056024 0.194411 0.106400
37.0 0.016389 0.174565 0.111664
38.0 -0.040995 0.149516 0.115631
39.0 -0.108695 0.121493 0.118155
40.0 -0.179282 0.092726 0.119097
41.0 -0.245322 0.065445 0.118311
42.0 -0.299388 0.041878 0.115658
43.0 -0.334048 0.024256 0.110991
44.0 -0.343390 0.014809 0.104206
45.0 -0.340377 0.014768 0.095904
46.0 -0.330519 0.021786 0.086521
47.0 -0.314799 0.034163 0.076269
48.0 -0.294177 0.050289 0.065357
49.0 -0.269629 0.068566 0.053993
50.0 -0.242122 0.087387 0.042389
51.0 -0.212630 0.105149 0.030754
52.0 -0.182124 0.120247 0.019297
53.0 -0.151572 0.131075 0.008228
54.0 -0.121939 0.136032 -0.002243
55.0 -0.094210 0.121958 -0.011906
56.0 -0.069342 0.065145 -0.020548
57.0 -0.048312 -0.018335 -0.027964
58.0 -0.032088 -0.110307 -0.033943
59.0 -0.021643 -0.192596 -0.038275
"Groove"
"Center"
16 0.000000 0.000000 0.000000 0.000000 0.000000 0.000000
2
0.0 0.000000 -0.680480 0.000000
59.0 0.000000 -0.680480 0.000000
2
0.0 -0.000000 -0.000000 -0.000000
59.0 -0.000000 -0.000000 -0.000000
"Waist"
"Groove"
16 0.000000 0.000000 0.000000 0.000000 0.000000 0.000000
2
0.0 0.000000 0.000000 0.000000
59.0 0.000000 0.000000 0.000000
2
0.0 0.000000 -0.000000 -0.000000
59.0 0.000000 0.000000 -0.000000
"UpperBody"
"Waist"
16 0.000000 0.000000 0.000000 0.000000 0.000000 0.000000
2
0.0 0.000000 0.772240 -0.000001
59.0 0.000000 0.772240 -0.000001
60
0.0 0.416326 0.275228 0.115348
1.0 0.413881 0.314803 0.110345
2.0 0.401753 0.354319 0.101355
3.0 0.383366 0.388138 0.089528
4.0 0.362878 0.413674 0.076378
5.0 0.345063 0.433836 0.063901
6.0 0.334240 0.448185 0.053993
7.0 0.336218 0.456099 0.049275
8.0 0.356882 0.456787 0.053024
9.0 0.391969 0.449311 0.066820
10.0 0.435844 0.432034 0.093755
11.0 0.480523 0.404603 0.124592
12.0 0.519501 0.367930 0.149930
13.0 0.548298 0.323658 0.161787
14.0 0.564078 0.272393 0.153500
15.0 0.564549 0.217591 0.126171
16.0 0.545958 0.161561 0.088916
17.0 0.508489 0.105590 0.052266
18.0 0.443975 0.052121 0.025794
19.0 0.356488 0.005559 0.016760
20.0 0.256825 -0.026674 0.016560
21.0 0.155828 -0.035936 0.019190
22.0 0.079887 -0.024410 0.021829
23.0 0.047764 0.003354 0.023248
24.0 0.055631 0.037606 0.024427
25.0 0.093131 0.069458 0.026853
26.0 0.149191 0.090485 0.030926
27.0 0.212785 0.098771 0.035636
28.0 0.273049 0.098068 0.039609
29.0 0.319210 0.090746 0.041871
30.0 0.344464 0.079008 0.042351
31.0 0.347791 0.064741 0.041737
32.0 0.328311 0.049780 0.040561
33.0 0.289478 0.035958 0.038980
34.0 0.242257 0.025117 0.036755
35.0 0.197971 -0.003370 0.035814
36.0 0.175274 -0.064990 0.036471
37.0 0.185567 -0.132236 0.032246
38.0 0.229176 -0.176300 0.020167
39.0 0.300601 -0.169917 0.006608
40.0 0.387535 -0.135959 -0.000707
41.0 0.478937 -0.095365 0.000116
42.0 0.564072 -0.052951 0.009130
43.0 0.632185 -0.012762 0.024125
44.0 0.673682 0.022212 0.041290
45.0 0.697444 0.049849 0.057029
46.0 0.704917 0.071014 0.070626
47.0 0.692965 0.085874 0.081785
48.0 0.653968 0.094367 0.090488
49.0 0.591324 0.096399 0.096728
50.0 0.515195 0.091902 0.100152
51.0 0.435789 0.080246 0.101339
52.0 0.363382 0.060409 0.101011
53.0 0.308294 0.035673 0.100563
54.0 0.279879 0.010175 0.100915
55.0 0.278439 -0.000434 0.103395
56.0 0.299154 0.030056 0.108397
57.0 0.333050 0.088364 0.112724
58.0 0.370466 0.158991 0.115151
59.0 0.401503 0.226433 0.115816
"UpperBody2"
"UpperBody"
16 0.000000 0.000000 0.000000 0.000000 0.000000 0.000000
2
0.0 0.000000 1.029652 0.000000
59.0 0.000000 1.029652 0.000000
2
0.0 0.000000 0.000000 0.000000
59.0 -0.000000 -0.000000 0.000000
"Neck"
"UpperBody2"
16 0.000000 0.000000 0.000000 0.000000 0.000000 0.000000
2
0.0 0.000000 1.801896 -0.000001
59.0 0.000000 1.801896 -0.000001
60
0.0 -0.123861 -0.074247 -0.023627
1.0 -0.114414 -0.080392 -0.014942
2.0 -0.097084 -0.093415 0.000035
3.0 -0.075119 -0.112650 0.019265
4.0 -0.051748 -0.137245 0.040796
5.0 -0.030048 -0.166020 0.062946
6.0 -0.012858 -0.197437 0.084414
7.0 -0.002747 -0.229673 0.104319
8.0 -0.000567 -0.260926 0.121757
9.0 -0.003644 -0.290448 0.133224
10.0 -0.007987 -0.318729 0.132431
11.0 -0.012420 -0.342902 0.124020
12.0 -0.016856 -0.359508 0.113465
13.0 -0.021739 -0.364620 0.106019
14.0 -0.027255 -0.352995 0.106094
15.0 -0.031503 -0.325924 0.113861
16.0 -0.030285 -0.289101 0.123127
17.0 -0.019429 -0.248790 0.128054
18.0 0.012743 -0.212148 0.121774
19.0 0.063841 -0.183121 0.101735
20.0 0.125484 -0.159772 0.078511
21.0 0.190412 -0.149491 0.058518
22.0 0.235831 -0.156677 0.043468
23.0 0.248010 -0.175889 0.033023
24.0 0.233165 -0.197005 0.026390
25.0 0.196973 -0.209240 0.029779
26.0 0.145275 -0.208818 0.042236
27.0 0.083882 -0.201157 0.060121
28.0 0.018837 -0.187384 0.079139
29.0 -0.043711 -0.169429 0.095372
30.0 -0.097535 -0.149995 0.105642
31.0 -0.136313 -0.132144 0.107618
32.0 -0.153572 -0.118671 0.099576
33.0 -0.148178 -0.109040 0.085515
34.0 -0.127322 -0.100960 0.071964
35.0 -0.096728 -0.074551 0.053909
36.0 -0.063791 -0.009887 0.029313
37.0 -0.037721 0.068039 0.007126
38.0 -0.025513 0.128928 -0.009031
39.0 -0.029827 0.143588 -0.017733
40.0 -0.046579 0.131582 -0.023316
41.0 -0.071992 0.110375 -0.027970
42.0 -0.102199 0.081806 -0.030672
43.0 -0.133460 0.047819 -0.030725
44.0 -0.162136 0.010371 -0.028047
45.0 -0.184626 -0.028673 -0.023304
46.0 -0.197420 -0.067139 -0.016716
47.0 -0.196849 -0.103251 -0.009882
48.0 -0.174374 -0.135609 -0.006183
49.0 -0.132279 -0.162681 -0.007608
50.0 -0.079716 -0.182406 -0.013276
51.0 -0.025952 -0.192687 -0.021592
52.0 0.019536 -0.191291 -0.030119
53.0 0.047413 -0.180568 -0.035737
54.0 0.049553 -0.163768 -0.036798
55.0 0.028342 -0.143598 -0.034651
56.0 -0.007429 -0.122380 -0.031649
57.0 -0.049059 -0.102474 -0.029224
58.0 -0.087992 -0.086273 -0.027632
59.0 -0.115745 -0.076107 -0.026138
"Head"
"Neck"
16 0.000000 0.000000 0.000000 0.000000 0.000000 0.000000
2
0.0 0.000000 0.514828 0.000000
59.0 0.000000 0.514828 0.000000
60
0.0 -0.060532 -0.004875 -0.019388
1.0 -0.060150 -0.006367 -0.020657
2.0 -0.059291 -0.008389 -0.022248
3.0 -0.057999 -0.010856 -0.024103
4.0 -0.056317 -0.013684 -0.026165
5.0 -0.054283 -0.016784 -0.028381
6.0 -0.051940 -0.020073 -0.030704
7.0 -0.049331 -0.023456 -0.033089
8.0 -0.046493 -0.026843 -0.035493
9.0 -0.043468 -0.030138 -0.037885
10.0 -0.040300 -0.033237 -0.040232
11.0 -0.037029 -0.036047 -0.042510
12.0 -0.033698 -0.038459 -0.044697
13.0 -0.030353 -0.040372 -0.046778
14.0 -0.027033 -0.041673 -0.048735
15.0 -0.023785 -0.042260 -0.050555
16.0 -0.020652 -0.042019 -0.052225
17.0 -0.017679 -0.040844 -0.053725
18.0 -0.014908 -0.038602 -0.055041
19.0 -0.012366 -0.033924 -0.056641
20.0 -0.010095 -0.026118 -0.058713
21.0 -0.008309 -0.009072 -0.063483
22.0 -0.007141 0.019801 -0.069695
23.0 -0.006403 0.052902 -0.073108
24.0 -0.005417 0.081774 -0.071503
25.0 -0.004431 0.095646 -0.069203
26.0 -0.003518 0.092452 -0.067177
27.0 -0.002758 0.079846 -0.066461
28.0 -0.001893 0.060905 -0.066317
29.0 -0.000828 0.038602 -0.065805
30.0 0.000259 0.015830 -0.063790
31.0 0.000918 -0.004629 -0.058894
32.0 0.000491 -0.020082 -0.049524
33.0 -0.001126 -0.028967 -0.039084
34.0 -0.003442 -0.029638 -0.031781
35.0 -0.006262 -0.019988 -0.027375
36.0 -0.009191 -0.008266 -0.023953
37.0 -0.012089 0.001763 -0.020746
38.0 -0.014782 0.009848 -0.017690
39.0 -0.017123 0.016070 -0.014719
40.0 -0.019617 0.021086 -0.011841
41.0 -0.022243 0.025027 -0.008962
42.0 -0.024979 0.028005 -0.005983
43.0 -0.027799 0.030127 -0.002792
44.0 -0.030680 0.031503 0.000714
45.0 -0.033584 0.032237 0.004623
46.0 -0.036412 0.032204 0.007696
47.0 -0.039121 0.031382 0.009388
48.0 -0.041723 0.029869 0.009866
49.0 -0.044222 0.027760 0.009299
50.0 -0.046614 0.025154 0.007853
51.0 -0.048894 0.022149 0.005695
52.0 -0.051048 0.018846 0.002991
53.0 -0.053058 0.015351 -0.000095
54.0 -0.054902 0.011771 -0.003406
55.0 -0.056550 0.008218 -0.006781
56.0 -0.057967 0.004812 -0.010067
57.0 -0.059119 0.001673 -0.013117
58.0 -0.059959 -0.001077 -0.015781
59.0 -0.060447 -0.003301 -0.017918
"Shoulder_L"
"UpperBody2"
16 0.000000 0.000000 0.000000 0.000000 0.000000 0.000000
2
0.0 0.815142 1.587385 -0.000001
59.0 0.815142 1.587385 -0.000001
2
0.0 -0.000000 -0.000000 0.000000
59.0 -0.000000 0.000000 0.000000
"Arm_L"
"Shoulder_L"
16 0.000000 0.000000 0.000000 0.000000 0.000000 0.000000
2
0.0 0.613187 -0.075252 0.000000
59.0 0.613187 -0.075252 0.000000
60
0.0 0.319490 -0.405728 -0.857944
1.0 0.313359 -0.273441 -0.856314
2.0 0.321974 -0.094686 -0.812477
3.0 0.326741 0.101192 -0.733826
4.0 0.302244 0.286406 -0.633206
5.0 0.224464 0.432864 -0.530286
6.0 0.099743 0.512938 -0.438939
7.0 -0.025603 0.512506 -0.358941
8.0 -0.102326 0.455931 -0.297993
9.0 -0.100819 0.399675 -0.283867
10.0 -0.040997 0.307784 -0.325369
11.0 0.059671 0.200034 -0.410882
12.0 0.179020 0.099994 -0.520647
13.0 0.289470 0.020067 -0.630722
14.0 0.371979 -0.042499 -0.721299
15.0 0.419261 -0.095201 -0.783075
16.0 0.445309 -0.121896 -0.803744
17.0 0.451980 -0.111626 -0.772464
18.0 0.411910 -0.088580 -0.703259
19.0 0.287980 -0.050480 -0.615684
20.0 0.064489 0.012270 -0.529649
21.0 -0.201967 0.088648 -0.456951
22.0 -0.417131 0.154135 -0.391423
23.0 -0.516250 0.213200 -0.337809
24.0 -0.469793 0.266043 -0.308802
25.0 -0.282549 0.278770 -0.292754
26.0 -0.035533 0.210949 -0.309090
27.0 0.179773 0.072601 -0.390754
28.0 0.325492 -0.088413 -0.529108
29.0 0.427709 -0.240310 -0.686251
30.0 0.527736 -0.376656 -0.827489
31.0 0.661857 -0.507787 -0.940279
32.0 0.822997 -0.667691 -1.051623
33.0 0.977207 -0.849559 -1.179327
34.0 1.110118 -1.045480 -1.316393
35.0 1.148668 -1.244901 -1.360216
36.0 0.658102 -1.377943 -0.875196
37.0 -0.125173 -1.329096 -0.100492
38.0 -0.382692 -1.209692 0.168010
39.0 -0.410385 -1.136280 0.224582
40.0 -0.255804 -1.110893 0.122611
41.0 0.031020 -1.091109 -0.093881
42.0 0.350819 -1.025466 -0.376808
43.0 0.557787 -0.886235 -0.614229
44.0 0.616158 -0.692769 -0.759858
45.0 0.551068 -0.481676 -0.829965
46.0 0.436348 -0.296945 -0.843233
47.0 0.303768 -0.169059 -0.829633
48.0 0.169343 -0.098631 -0.807743
49.0 0.029235 -0.072188 -0.783587
50.0 -0.127956 -0.093228 -0.761145
51.0 -0.286528 -0.155183 -0.736032
52.0 -0.416376 -0.233619 -0.699864
53.0 -0.489330 -0.302619 -0.645375
54.0 -0.489631 -0.342517 -0.571103
55.0 -0.364916 -0.345715 -0.506983
56.0 -0.107395 -0.345709 -0.503437
57.0 0.147798 -0.377640 -0.561460
58.0 0.295443 -0.415698 -0.676556
59.0 0.330734 -0.439267 -0.794920
"ArmTwist_L"
"Arm_L"
16 0.000000 0.000000 0.000000 0.000000 0.000000 0.000000
2
0.0 0.815593 -0.397682 0.036617
59.0 0.815593 -0.397682 0.036617
2
0.0 -0.000000 0.000000 0.000000
59.0 0.000000 -0.000000 -0.000000
"Elbow_L"
"ArmTwist_L"
16 0.000000 0.000000 0.000000 0.000000 0.000000 0.000000
2
0.0 0.666722 -0.280972 -0.036617
59.0 0.666722 -0.280972 -0.036617
60
0.0 -0.533082 -0.815981 0.234517
1.0 -0.608185 -0.874157 0.290701
2.0 -0.716536 -0.941695 0.376149
3.0 -0.785583 -0.976505 0.432670
4.0 -0.748371 -0.958452 0.402035
5.0 -0.606230 -0.872770 0.289203
6.0 -0.424195 -0.710822 0.159145
7.0 -0.257643 -0.489630 0.064451
8.0 -0.143515 -0.290624 0.020882
9.0 -0.113765 -0.233075 0.013204
10.0 -0.092435 -0.190675 0.008736
11.0 -0.089069 -0.183904 0.008112
12.0 -0.114656 -0.234826 0.013410
13.0 -0.173290 -0.346075 0.030182
14.0 -0.269350 -0.507864 0.070043
15.0 -0.393065 -0.675463 0.139270
16.0 -0.593373 -0.863493 0.279396
17.0 -1.035521 -1.063666 0.646097
18.0 -1.726771 -1.120346 1.264860
19.0 -2.245350 -1.021963 1.722803
20.0 -2.486110 -0.906352 1.921170
21.0 -2.561456 -0.854316 1.979261
22.0 -2.534629 -0.873925 1.958868
23.0 -2.448726 -0.928905 1.891491
24.0 -2.328148 -0.989403 1.792726
25.0 -2.167293 -1.047233 1.655706
26.0 -1.939203 -1.097561 1.455149
27.0 -1.597684 -1.124950 1.148513
28.0 -1.185047 -1.094625 0.777951
29.0 -0.878259 -1.015095 0.510448
30.0 -0.779381 -0.973605 0.427540
31.0 -0.893855 -1.020791 0.523717
32.0 -1.120236 -1.082780 0.720535
33.0 -1.376552 -1.117626 0.949231
34.0 -1.576557 -1.125082 1.129452
35.0 -1.725442 -1.120427 1.263663
36.0 -1.882432 -1.105650 1.404522
37.0 -2.019949 -1.083239 1.526749
38.0 -2.135364 -1.056242 1.627989
39.0 -2.200195 -1.037165 1.684110
40.0 -2.222395 -1.029900 1.703177
41.0 -2.193856 -1.039169 1.678649
42.0 -2.075545 -1.071266 1.575702
43.0 -1.851851 -1.109377 1.377170
44.0 -1.588381 -1.125028 1.140119
45.0 -1.391498 -1.118738 0.962670
46.0 -1.412084 -1.120121 0.981189
47.0 -1.623959 -1.124545 1.172212
48.0 -1.911898 -1.101647 1.430825
49.0 -2.162001 -1.048775 1.651121
50.0 -2.320314 -0.992766 1.786174
51.0 -2.392573 -0.959234 1.846019
52.0 -2.408061 -0.951268 1.858660
53.0 -2.405657 -0.952524 1.856702
54.0 -2.419742 -0.945064 1.868146
55.0 -2.425024 -0.942202 1.872420
56.0 -2.311492 -0.996478 1.778778
57.0 -1.936207 -1.098027 1.452483
58.0 -1.228952 -1.101412 0.817034
59.0 -0.687368 -0.925188 0.352716
"HandTwist_L"
"Elbow_L"
16 0.000000 0.000000 0.000000 0.000000 0.000000 0.000000
2
0.0 0.533225 -0.256120 0.003646
59.0 0.533225 -0.256120 0.003646
2
0.0 0.000000 -0.000000 -0.000000
59.0 0.000000 0.000000 0.000000
"Wrist_L"
"HandTwist_L"
16 0.000000 0.000000 0.000000 0.000000 0.000000 0.000000
2
0.0 0.988098 -0.440397 -0.003647
59.0 0.988098 -0.440397 -0.003647
60
0.0 0.250376 0.094345 0.290618
1.0 0.473986 0.336023 0.390855
2.0 0.704348 0.526654 0.530079
3.0 0.892147 0.633415 0.637322
4.0 0.979735 0.649719 0.630776
5.0 0.962358 0.564004 0.492574
6.0 0.928737 0.399015 0.322887
7.0 0.919619 0.215916 0.205072
8.0 0.912527 0.079828 0.144841
9.0 0.902332 0.053194 0.127628
10.0 0.827065 0.051297 0.137195
11.0 0.719359 0.075663 0.154131
12.0 0.621133 0.117441 0.153300
13.0 0.547203 0.154581 0.123695
14.0 0.476338 0.163046 0.051898
15.0 0.372773 0.125918 -0.053367
16.0 0.192375 0.079285 -0.145333
17.0 -0.035860 0.067886 -0.159820
18.0 -0.267844 0.102082 -0.081158
19.0 -0.443050 0.199658 0.040134
20.0 -0.530494 0.348707 0.127914
21.0 -0.562648 0.487306 0.146977
22.0 -0.578062 0.544492 0.119362
23.0 -0.595864 0.502869 0.076798
24.0 -0.583646 0.413371 0.032677
25.0 -0.492836 0.299474 0.048627
26.0 -0.304182 0.210509 0.140468
27.0 -0.142810 0.218183 0.235611
28.0 -0.040699 0.221464 0.265571
29.0 0.004840 0.126136 0.229090
30.0 0.031097 -0.018194 0.160991
31.0 0.060151 -0.108003 0.104961
32.0 0.088566 -0.132394 0.085537
33.0 0.091629 -0.109626 0.076344
34.0 0.032499 -0.098608 0.101939
35.0 -0.049034 -0.120733 0.168435
36.0 -0.103008 -0.155315 0.210934
37.0 -0.111890 -0.168977 0.199311
38.0 -0.101155 -0.164618 0.174902
39.0 -0.088876 -0.153296 0.163236
40.0 -0.042877 -0.065650 0.177372
41.0 -0.000911 0.067132 0.231447
42.0 0.033724 0.165261 0.266126
43.0 0.066703 0.192277 0.264528
44.0 0.076686 0.157706 0.293624
45.0 -0.019032 0.134148 0.349245
46.0 -0.165713 0.161441 0.278811
47.0 -0.290489 0.188895 0.175070
48.0 -0.387538 0.214494 0.121893
49.0 -0.464580 0.230130 0.123575
50.0 -0.507162 0.233411 0.159093
51.0 -0.515689 0.213444 0.205276
52.0 -0.498006 0.171385 0.248842
53.0 -0.454008 0.139503 0.287781
54.0 -0.378290 0.151243 0.312874
55.0 -0.298741 0.144764 0.362183
56.0 -0.237030 0.048905 0.441359
57.0 -0.188467 -0.040443 0.509940
58.0 -0.130977 -0.066084 0.501846
59.0 -0.011563 -0.034237 0.413099
"Thumb0_L"
"Wrist_L"
16 0.000000 0.000000 0.000000 0.000000 0.000000 0.000000
2
0.0 0.372944 -0.290315 0.308897
59.0 0.372944 -0.290315 0.308897
2
0.0 0.000000 0.000000 0.000000
59.0 0.000000 -0.000000 -0.000000
"Thumb1_L"
"Thumb0_L"
16 0.000000 0.000000 0.000000 0.000000 0.000000 0.000000
2
0.0 0.178291 -0.037846 0.156553
59.0 0.178291 -0.037846 0.156553
2
0.0 0.000000 0.000000 0.000000
59.0 0.000000 -0.000000 -0.000000
"IndexFinger1_L"
"Wrist_L"
16 0.000000 0.000000 0.000000 0.000000 0.000000 0.000000
2
0.0 0.850662 -0.345393 0.283157
59.0 0.850662 -0.345393 0.283157
2
0.0 0.000000 0.000000 0.000000
59.0 0.000000 -0.000000 -0.000000
"IndexFinger2_L"
"IndexFinger1_L"
16 0.000000 0.000000 0.000000 0.000000 0.000000 0.000000
2
0.0 0.366636 -0.187660 0.000001
59.0 0.366636 -0.187660 0.000001
2
0.0 0.000000 0.000000 0.000000
59.0 0.000000 0.000000 0.000000
"MiddleFinger1_L"
"Wrist_L"
16 0.000000 0.000000 0.000000 0.000000 0.000000 0.000000
2
0.0 0.866537 -0.351905 0.102967
59.0 0.866537 -0.351905 0.102967
2
0.0 0.000000 0.000000 0.000000
59.0 0.000000 0.000000 -0.000000
"MiddleFinger2_L"
"MiddleFinger1_L"
16 0.000000 0.000000 0.000000 0.000000 0.000000 0.000000
2
0.0 0.386791 -0.141511 0.000001
59.0 0.386791 -0.141511 0.000001
2
0.0 0.000000 0.000000 0.000000
59.0 -0.000000 -0.000000 -0.000000
"RingFinger1_L"
"Wrist_L"
16 0.000000 0.000000 0.000000 0.000000 0.000000 0.000000
2
0.0 0.850663 -0.345392 -0.085803
59.0 0.850663 -0.345392 -0.085803
2
0.0 0.000000 0.000000 0.000000
59.0 0.000000 -0.000000 -0.000000
"RingFinger2_L"
"RingFinger1_L"
16 0.000000 0.000000 0.000000 0.000000 0.000000 0.000000
2
0.0 0.372962 -0.174750 0.000001
59.0 0.372962 -0.174750 0.000001
2
0.0 0.000000 0.000000 -0.000000
59.0 0.000000 0.000000 -0.000000
"LittleFinger1_L"
"Wrist_L"
16 0.000000 0.000000 0.000000 0.000000 0.000000 0.000000
2
0.0 0.820110 -0.397840 -0.265992
59.0 0.820110 -0.397840 -0.265992
2
0.0 0.000000 0.000000 0.000000
59.0 0.000000 -0.000000 -0.000000
"LittleFinger2_L"
"LittleFinger1_L"
16 0.000000 0.000000 0.000000 0.000000 0.000000 0.000000
2
0.0 0.302101 -0.122673 0.000001
59.0 0.302101 -0.122673 0.000001
2
0.0 0.000000 0.000000 0.000000
59.0 0.000000 -0.000000 -0.000000
"Shoulder_R"
"UpperBody2"
16 0.000000 0.000000 0.000000 0.000000 0.000000 0.000000
2
0.0 -0.815143 1.587385 -0.000001
59.0 -0.815143 1.587385 -0.000001
2
0.0 -0.000000 -0.000000 0.000000
59.0 -0.000000 -0.000000 -0.000000
"Arm_R"
"Shoulder_R"
16 0.000000 0.000000 0.000000 0.000000 0.000000 0.000000
2
0.0 -0.613186 -0.075251 0.000000
59.0 -0.613186 -0.075251 0.000000
60
0.0 0.380499 -0.063722 0.720822
1.0 0.420783 0.000123 0.776126
2.0 0.428891 0.124035 0.816556
3.0 0.381620 0.323045 0.838479
4.0 0.259013 0.564512 0.815432
5.0 0.074633 0.786951 0.696674
6.0 -0.139196 0.934711 0.479788
7.0 -0.297844 1.007666 0.241012
8.0 -0.338132 1.036972 0.073442
9.0 -0.212613 1.053345 0.060138
10.0 0.045492 1.052504 0.192241
11.0 0.336681 0.991932 0.400508
12.0 0.528195 0.860339 0.563933
13.0 0.589334 0.688929 0.643637
14.0 0.559892 0.511897 0.662202
15.0 0.487936 0.356327 0.650385
16.0 0.404180 0.215010 0.616574
17.0 0.320215 0.084629 0.573528
18.0 0.226988 -0.029888 0.542357
19.0 0.092879 -0.120465 0.544203
20.0 -0.105563 -0.164735 0.589572
21.0 -0.351216 -0.136268 0.688340
22.0 -0.534186 -0.049521 0.768268
23.0 -0.597542 0.020121 0.783050
24.0 -0.542780 0.029442 0.748943
25.0 -0.402468 -0.009391 0.696818
26.0 -0.226069 -0.063796 0.653900
27.0 -0.061853 -0.124488 0.640171
28.0 0.062699 -0.183513 0.652467
29.0 0.135002 -0.225061 0.679836
30.0 0.166758 -0.241685 0.709251
31.0 0.166021 -0.245066 0.731214
32.0 0.152753 -0.252738 0.733483
33.0 0.154505 -0.290580 0.706631
34.0 0.179649 -0.353419 0.648169
35.0 0.243955 -0.416464 0.546085
36.0 0.343638 -0.448324 0.401427
37.0 0.452326 -0.452578 0.260750
38.0 0.533522 -0.441121 0.161906
39.0 0.575606 -0.442694 0.130309
40.0 0.584422 -0.438860 0.167118
41.0 0.557097 -0.415821 0.254044
42.0 0.498362 -0.371706 0.369186
43.0 0.424848 -0.306877 0.488315
44.0 0.353979 -0.233191 0.590575
45.0 0.298372 -0.172020 0.663275
46.0 0.269549 -0.140937 0.699328
47.0 0.255912 -0.139184 0.699449
48.0 0.223245 -0.148245 0.673090
49.0 0.126556 -0.164506 0.634128
50.0 -0.074230 -0.189552 0.602160
51.0 -0.320417 -0.181401 0.581201
52.0 -0.504012 -0.125125 0.543731
53.0 -0.608745 -0.071390 0.495512
54.0 -0.638322 -0.062829 0.460995
55.0 -0.545136 -0.115973 0.462373
56.0 -0.298742 -0.195281 0.484844
57.0 0.011916 -0.219079 0.507568
58.0 0.227064 -0.175529 0.567276
59.0 0.326987 -0.113663 0.651116
"ArmTwist_R"
"Arm_R"
16 0.000000 0.000000 0.000000 0.000000 0.000000 0.000000
2
0.0 -1.003357 -0.459895 0.036607
59.0 -1.003357 -0.459895 0.036607
2
0.0 -0.000000 0.000000 0.000000
59.0 0.000000 -0.000000 -0.000000
"Elbow_R"
"ArmTwist_R"
16 0.000000 0.000000 0.000000 0.000000 0.000000 0.000000
2
0.0 -0.478959 -0.218760 -0.036607
59.0 -0.478959 -0.218760 -0.036607
60
0.0 -1.784635 1.117266 -1.320116
1.0 -1.952284 1.096595 -1.470163
2.0 -2.218961 1.032076 -1.703874
3.0 -2.411539 0.950320 -1.865345
4.0 -2.484496 0.908151 -1.923846
5.0 -2.460030 0.923114 -1.904436
6.0 -2.401155 0.955747 -1.856877
7.0 -2.398022 0.957359 -1.854316
8.0 -2.409742 0.951268 -1.863883
9.0 -2.404497 0.954016 -1.859606
10.0 -2.357617 0.977109 -1.821034
11.0 -2.245305 1.022993 -1.726433
12.0 -2.050364 1.078009 -1.557041
13.0 -1.782097 1.117482 -1.317834
14.0 -1.500720 1.125379 -1.064017
15.0 -1.310149 1.112889 -0.892414
16.0 -1.307903 1.112651 -0.890400
17.0 -1.479113 1.124703 -1.044519
18.0 -1.785902 1.117157 -1.321254
19.0 -2.130057 1.058739 -1.626917
20.0 -2.362832 0.974666 -1.825355
21.0 -2.483030 0.909071 -1.922689
22.0 -2.537320 0.872699 -1.964943
23.0 -2.563359 0.853507 -1.984740
24.0 -2.567758 0.850143 -1.988053
25.0 -2.546667 0.865946 -1.972086
26.0 -2.481990 0.909723 -1.921869
27.0 -2.349032 0.981066 -1.813905
28.0 -2.093551 1.068068 -1.594999
29.0 -1.641265 1.125341 -1.190915
30.0 -1.081941 1.076194 -0.689333
31.0 -0.659924 0.910561 -0.332847
32.0 -0.408336 0.695325 -0.150213
33.0 -0.274738 0.518151 -0.073565
34.0 -0.201681 0.398470 -0.041109
35.0 -0.181175 0.362002 -0.033479
36.0 -0.208555 0.410422 -0.043821
37.0 -0.275553 0.519393 -0.073970
38.0 -0.348233 0.622065 -0.113354
39.0 -0.401560 0.687563 -0.145888
40.0 -0.439764 0.729760 -0.170783
41.0 -0.464936 0.755557 -0.187823
42.0 -0.471886 0.762414 -0.192609
43.0 -0.465450 0.756070 -0.188175
44.0 -0.466740 0.757348 -0.189063
45.0 -0.512026 0.799861 -0.220901
46.0 -0.659681 0.910410 -0.332654
47.0 -0.990815 1.053330 -0.609586
48.0 -1.513074 1.125685 -1.075169
49.0 -2.005641 1.087140 -1.517530
50.0 -2.280213 1.010026 -1.756126
51.0 -2.395477 0.958661 -1.852232
52.0 -2.442078 0.933554 -1.890055
53.0 -2.473475 0.914999 -1.915130
54.0 -2.537946 0.872253 -1.965422
55.0 -2.604947 0.820256 -2.015648
56.0 -2.611968 0.814306 -2.020773
57.0 -2.510104 0.891523 -1.943915
58.0 -2.269100 1.014274 -1.746701
59.0 -1.939362 1.098661 -1.458656
"HandTwist_R"
"Elbow_R"
16 0.000000 0.000000 0.000000 0.000000 0.000000 0.000000
2
0.0 -0.533225 -0.256120 0.003646
59.0 -0.533225 -0.256120 0.003646
2
0.0 0.000000 0.000000 0.000000
59.0 -0.000000 -0.000000 -0.000000
"Wrist_R"
"HandTwist_R"
16 0.000000 0.000000 0.000000 0.000000 0.000000 0.000000
2
0.0 -0.988097 -0.440397 -0.003646
59.0 -0.988097 -0.440397 -0.003646
60
0.0 0.003224 -0.066550 -0.133979
1.0 0.068610 -0.092754 -0.196345
2.0 0.132403 -0.132908 -0.236302
3.0 0.176803 -0.180707 -0.254467
4.0 0.160399 -0.206695 -0.240592
5.0 0.064895 -0.171299 -0.222346
6.0 -0.060516 -0.087938 -0.227382
7.0 -0.147335 -0.016393 -0.275223
8.0 -0.190136 0.037812 -0.334521
9.0 -0.167708 0.064996 -0.366214
10.0 -0.076265 0.037947 -0.372034
11.0 0.038006 -0.012897 -0.378152
12.0 0.104880 -0.042833 -0.408297
13.0 0.086199 -0.055237 -0.427984
14.0 0.012994 -0.075289 -0.403934
15.0 -0.051520 -0.127617 -0.353837
16.0 -0.100419 -0.203435 -0.297351
17.0 -0.170288 -0.254119 -0.251142
18.0 -0.266708 -0.232252 -0.242431
19.0 -0.351200 -0.181144 -0.272047
20.0 -0.443974 -0.165263 -0.314039
21.0 -0.467123 -0.201294 -0.368470
22.0 -0.393526 -0.185808 -0.441974
23.0 -0.330899 -0.095170 -0.468997
24.0 -0.316974 -0.040549 -0.444758
25.0 -0.301079 -0.044567 -0.379400
26.0 -0.230296 -0.075663 -0.281202
27.0 -0.097369 -0.128765 -0.191588
28.0 0.033922 -0.184575 -0.144526
29.0 0.106516 -0.181857 -0.106626
30.0 0.174799 -0.128869 -0.093199
31.0 0.253465 -0.101330 -0.111734
32.0 0.318678 -0.096260 -0.154224
33.0 0.366480 -0.129434 -0.202288
34.0 0.410492 -0.179839 -0.233506
35.0 0.475194 -0.242293 -0.245333
36.0 0.557379 -0.313569 -0.236989
37.0 0.621245 -0.386216 -0.214983
38.0 0.628233 -0.430932 -0.172134
39.0 0.582876 -0.446155 -0.128515
40.0 0.509108 -0.446194 -0.103457
41.0 0.425483 -0.428731 -0.094642
42.0 0.334903 -0.383564 -0.093670
43.0 0.235462 -0.310097 -0.097326
44.0 0.131265 -0.219664 -0.107991
45.0 0.033448 -0.135185 -0.129868
46.0 -0.061611 -0.088511 -0.161308
47.0 -0.183261 -0.090641 -0.175145
48.0 -0.325730 -0.141676 -0.198502
49.0 -0.457105 -0.233680 -0.235844
50.0 -0.551895 -0.323939 -0.272389
51.0 -0.553520 -0.387831 -0.324179
52.0 -0.464268 -0.371329 -0.384712
53.0 -0.373194 -0.310948 -0.363295
54.0 -0.309698 -0.306911 -0.260291
55.0 -0.299377 -0.272866 -0.146513
56.0 -0.265231 -0.129257 -0.099054
57.0 -0.178667 0.042660 -0.127601
58.0 -0.102116 0.122978 -0.153826
59.0 -0.046419 0.089122 -0.144895
"Thumb0_R"
"Wrist_R"
16 0.000000 0.000000 0.000000 0.000000 0.000000 0.000000
2
0.0 -0.372943 -0.290313 0.308897
59.0 -0.372943 -0.290313 0.308897
2
0.0 0.000000 0.000000 -0.000000
59.0 0.000000 -0.000000 0.000000
"Thumb1_R"
"Thumb0_R"
16 0.000000 0.000000 0.000000 0.000000 0.000000 0.000000
2
0.0 -0.180624 -0.034036 0.154741
59.0 -0.180624 -0.034036 0.154741
2
0.0 0.000000 -0.000000 -0.000000
59.0 0.000000 -0.000000 0.000000
"IndexFinger1_R"
"Wrist_R"
16 0.000000 0.000000 0.000000 0.000000 0.000000 0.000000
2
0.0 -0.850662 -0.345393 0.283157
59.0 -0.850662 -0.345393 0.283157
2
0.0 -0.000000 0.000000 -0.000000
59.0 0.000000 -0.000000 0.000000
"IndexFinger2_R"
"IndexFinger1_R"
16 0.000000 0.000000 0.000000 0.000000 0.000000 0.000000
2
0.0 -0.365129 -0.176959 0.000001
59.0 -0.365129 -0.176959 0.000001
2
0.0 -0.000000 -0.000000 -0.000000
59.0 0.000000 -0.000000 0.000000
"MiddleFinger1_R"
"Wrist_R"
16 0.000000 0.000000 0.000000 0.000000 0.000000 0.000000
2
0.0 -0.866536 -0.351905 0.102967
59.0 -0.866536 -0.351905 0.102967
2
0.0 0.000000 0.000000 -0.000000
59.0 0.000000 0.000000 0.000000
"MiddleFinger2_R"
"MiddleFinger1_R"
16 0.000000 0.000000 0.000000 0.000000 0.000000 0.000000
2
0.0 -0.362950 -0.118642 0.000001
59.0 -0.362950 -0.118642 0.000001
2
0.0 0.000000 0.000000 -0.000000
59.0 0.000000 -0.000000 0.000000
"RingFinger1_R"
"Wrist_R"
16 0.000000 0.000000 0.000000 0.000000 0.000000 0.000000
2
0.0 -0.850662 -0.345392 -0.085803
59.0 -0.850662 -0.345392 -0.085803
2
0.0 0.000000 0.000000 -0.000000
59.0 0.000000 -0.000000 0.000000
"RingFinger2_R"
"RingFinger1_R"
16 0.000000 0.000000 0.000000 0.000000 0.000000 0.000000
2
0.0 -0.371083 -0.164111 0.000001
59.0 -0.371083 -0.164111 0.000001
2
0.0 -0.000000 0.000000 -0.000000
59.0 0.000000 -0.000000 0.000000
"LittleFinger1_R"
"Wrist_R"
16 0.000000 0.000000 0.000000 0.000000 0.000000 0.000000
2
0.0 -0.820109 -0.397840 -0.265993
59.0 -0.820109 -0.397840 -0.265993
2
0.0 0.000000 0.000000 -0.000000
59.0 0.000000 -0.000000 0.000000
"LittleFinger2_R"
"LittleFinger1_R"
16 0.000000 0.000000 0.000000 0.000000 0.000000 0.000000
2
0.0 -0.331969 -0.165321 0.000001
59.0 -0.331969 -0.165321 0.000001
2
0.0 -0.000000 0.000000 -0.000000
59.0 0.000000 -0.000000 0.000000
"LowerBody"
"Waist"
16 0.000000 0.000000 0.000000 0.000000 0.000000 0.000000
2
0.0 0.000000 0.772239 -0.000001
59.0 0.000000 0.772239 -0.000001
2
0.0 -0.000000 -0.000000 0.000000
59.0 -0.000000 -0.000000 -0.000000
"Leg_L"
"LowerBody"
16 0.000000 0.000000 0.000000 0.000000 0.000000 0.000000
2
0.0 0.746499 -0.772240 0.000000
59.0 0.746499 -0.772240 0.000000
60
0.0 -0.291806 0.072571 0.268046
1.0 -0.287564 0.046098 0.299092
2.0 -0.262269 0.012584 0.328245
3.0 -0.224492 -0.026649 0.353324
4.0 -0.180423 -0.068461 0.373121
5.0 -0.133270 -0.105641 0.386634
6.0 -0.088764 -0.134135 0.392889
7.0 -0.079573 -0.132632 0.377720
8.0 -0.112687 -0.094849 0.331680
9.0 -0.155909 -0.026467 0.260931
10.0 -0.185777 0.061358 0.173463
11.0 -0.194316 0.151147 0.079572
12.0 -0.181276 0.234057 -0.007715
13.0 -0.157654 0.295543 -0.075343
14.0 -0.147119 0.322551 -0.111392
15.0 -0.162435 0.318225 -0.121007
16.0 -0.185109 0.307637 -0.134258
17.0 -0.205564 0.292312 -0.150040
18.0 -0.218674 0.273205 -0.165736
19.0 -0.223160 0.241809 -0.181588
20.0 -0.217537 0.178719 -0.197748
21.0 -0.201112 0.108589 -0.210943
22.0 -0.177057 0.052549 -0.221642
23.0 -0.157760 0.033920 -0.232679
24.0 -0.164507 0.075168 -0.246323
25.0 -0.193589 0.164903 -0.260192
26.0 -0.226044 0.273687 -0.269591
27.0 -0.254393 0.379395 -0.272495
28.0 -0.286584 0.464009 -0.266622
29.0 -0.346429 0.503361 -0.230189
30.0 -0.424648 0.495963 -0.170968
31.0 -0.503290 0.443328 -0.095682
32.0 -0.563249 0.344407 -0.008296
33.0 -0.586070 0.211785 0.085463
34.0 -0.567295 0.071627 0.173130
35.0 -0.514835 -0.047520 0.236993
36.0 -0.437425 -0.127219 0.258293
37.0 -0.355093 -0.149420 0.225507
38.0 -0.265236 -0.144010 0.175867
39.0 -0.171812 -0.132128 0.130823
40.0 -0.090291 -0.115605 0.093780
41.0 -0.036578 -0.097434 0.066094
42.0 -0.010736 -0.080339 0.046726
43.0 -0.011073 -0.066959 0.033666
44.0 -0.036787 -0.059858 0.024663
45.0 -0.064463 -0.060640 0.016569
46.0 -0.080096 -0.067161 0.009324
47.0 -0.085774 -0.078501 0.004073
48.0 -0.085605 -0.093647 0.002005
49.0 -0.080419 -0.111084 0.004014
50.0 -0.071152 -0.125069 0.011838
51.0 -0.059614 -0.105590 0.032140
52.0 -0.046465 -0.065333 0.058061
53.0 -0.034855 -0.027244 0.083164
54.0 -0.033561 -0.013268 0.104894
55.0 -0.057943 -0.017116 0.126323
56.0 -0.119551 0.001894 0.151826
57.0 -0.186530 0.032977 0.179274
58.0 -0.239636 0.063325 0.207791
59.0 -0.274116 0.080528 0.237337
"Knee_L"
"Leg_L"
16 0.000000 0.000000 0.000000 0.000000 0.000000 0.000000
2
0.0 0.000000 -2.658020 0.101022
59.0 0.000000 -2.658020 0.101022
60
0.0 0.890660 -0.000000 -0.000000
1.0 0.927910 0.000000 0.000000
2.0 0.915174 0.000000 -0.000000
3.0 0.864405 -0.000000 -0.000000
4.0 0.785586 0.000000 -0.000000
5.0 0.688981 -0.000001 -0.000000
6.0 0.588036 0.000000 -0.000000
7.0 0.547431 0.000000 0.000000
8.0 0.593801 0.000000 0.000000
9.0 0.670632 -0.000000 -0.000000
10.0 0.736119 0.000000 -0.000000
11.0 0.775327 0.000000 -0.000000
12.0 0.783639 0.000000 0.000000
13.0 0.773790 0.000000 -0.000000
14.0 0.778644 -0.000001 -0.000000
15.0 0.806850 0.000000 -0.000000
16.0 0.812148 -0.000000 -0.000000
17.0 0.785179 0.000000 0.000000
18.0 0.730426 -0.000000 -0.000000
19.0 0.652855 0.000000 0.000000
20.0 0.557024 -0.000000 0.000000
21.0 0.449219 -0.000000 0.000000
22.0 0.342895 -0.000000 0.000000
23.0 0.270688 0.000000 0.000000
24.0 0.283550 0.000000 0.000000
25.0 0.368454 0.000000 -0.000000
26.0 0.479000 -0.000000 0.000000
27.0 0.591269 0.000000 0.000000
28.0 0.707771 -0.000000 -0.000000
29.0 0.852606 0.000000 -0.000000
30.0 0.987197 -0.000000 0.000000
31.0 1.078265 0.000000 -0.000000
32.0 1.104860 0.000000 0.000000
33.0 1.056149 0.000000 -0.000000
34.0 0.946200 0.000000 -0.000000
35.0 0.807248 0.000000 -0.000000
36.0 0.685958 0.000000 0.000000
37.0 0.633769 -0.000000 0.000000
38.0 0.611989 0.000000 -0.000000
39.0 0.600369 0.000000 0.000000
40.0 0.612221 0.000000 -0.000000
41.0 0.663180 0.000000 -0.000000
42.0 0.737506 0.000000 -0.000000
43.0 0.815757 0.000000 0.000000
44.0 0.883514 -0.000000 0.000000
45.0 0.925527 0.000000 0.000000
46.0 0.928790 0.000000 -0.000000
47.0 0.900407 0.000000 0.000000
48.0 0.849502 0.000000 0.000000
49.0 0.779956 0.000000 -0.000000
50.0 0.695368 0.000000 -0.000000
51.0 0.599754 0.000000 0.000000
52.0 0.498801 0.000000 -0.000000
53.0 0.402626 0.000000 -0.000000
54.0 0.331339 0.000000 -0.000000
55.0 0.323877 0.000000 0.000000
56.0 0.420098 0.000000 -0.000000
57.0 0.556509 0.000000 0.000000
58.0 0.690870 0.000000 0.000000
59.0 0.805544 0.000000 -0.000000
"Ankle_L"
"Knee_L"
16 0.000000 0.000000 0.000000 0.000000 0.000000 0.000000
2
0.0 0.000000 -3.173163 -0.101021
59.0 0.000000 -3.173163 -0.101021
60
0.0 -0.350712 0.325074 -0.091652
1.0 -0.391335 0.368736 -0.173889
2.0 -0.411177 0.419209 -0.255313
3.0 -0.414332 0.476650 -0.328489
4.0 -0.403192 0.540086 -0.386928
5.0 -0.379731 0.606423 -0.425567
6.0 -0.345832 0.669255 -0.440855
7.0 -0.322151 0.701972 -0.424069
8.0 -0.325149 0.693313 -0.377293
9.0 -0.338548 0.656684 -0.297213
10.0 -0.355673 0.606399 -0.189948
11.0 -0.377720 0.554837 -0.073280
12.0 -0.398720 0.501931 0.040243
13.0 -0.415120 0.448194 0.133941
14.0 -0.430155 0.395484 0.189308
15.0 -0.442203 0.344854 0.210629
16.0 -0.437527 0.291974 0.237014
17.0 -0.415141 0.238282 0.265229
18.0 -0.380873 0.187549 0.289349
19.0 -0.333945 0.153401 0.304361
20.0 -0.268770 0.161644 0.306101
21.0 -0.193067 0.200896 0.304492
22.0 -0.119304 0.251009 0.307763
23.0 -0.070955 0.286551 0.315550
24.0 -0.084778 0.287793 0.316128
25.0 -0.153400 0.255713 0.310806
26.0 -0.244157 0.202488 0.311099
27.0 -0.337915 0.143210 0.321398
28.0 -0.427728 0.094936 0.332970
29.0 -0.504054 0.064975 0.312142
30.0 -0.543774 0.044707 0.256953
31.0 -0.535384 0.037772 0.166493
32.0 -0.482535 0.062955 0.040772
33.0 -0.405106 0.134288 -0.103371
34.0 -0.331232 0.246293 -0.234886
35.0 -0.276051 0.370874 -0.325473
36.0 -0.242817 0.469053 -0.360096
37.0 -0.236086 0.506019 -0.338005
38.0 -0.238329 0.512077 -0.296278
39.0 -0.242830 0.509348 -0.255546
40.0 -0.256734 0.498112 -0.220931
41.0 -0.288454 0.478906 -0.196715
42.0 -0.328333 0.455270 -0.176865
43.0 -0.364735 0.430408 -0.155109
44.0 -0.389400 0.406460 -0.127984
45.0 -0.397526 0.384545 -0.094364
46.0 -0.384753 0.364613 -0.054240
47.0 -0.356109 0.345551 -0.012079
48.0 -0.316564 0.326600 0.028399
49.0 -0.268725 0.306256 0.065813
50.0 -0.215437 0.280352 0.100126
51.0 -0.163273 0.221866 0.137353
52.0 -0.115323 0.145811 0.168446
53.0 -0.071994 0.078113 0.186280
54.0 -0.036982 0.044850 0.188772
55.0 -0.028733 0.057091 0.178231
56.0 -0.073903 0.100303 0.154792
57.0 -0.143312 0.159566 0.114959
58.0 -0.218036 0.222282 0.058032
59.0 -0.289655 0.279380 -0.013034
"Leg_R"
"LowerBody"
16 0.000000 0.000000 0.000000 0.000000 0.000000 0.000000
2
0.0 -0.746499 -0.772239 0.000000
59.0 -0.746499 -0.772239 0.000000
60
0.0 -0.376352 -0.253287 -0.000382
1.0 -0.430348 -0.237785 -0.041603
2.0 -0.469126 -0.214124 -0.083125
3.0 -0.487937 -0.190706 -0.123593
4.0 -0.481333 -0.172497 -0.160933
5.0 -0.448232 -0.157975 -0.192978
6.0 -0.395027 -0.141976 -0.218982
7.0 -0.323636 -0.123415 -0.238387
8.0 -0.236251 -0.102302 -0.250694
9.0 -0.146473 -0.080462 -0.254372
10.0 -0.075796 -0.060538 -0.248091
11.0 -0.045148 -0.045419 -0.231234
12.0 -0.038797 -0.028302 -0.214458
13.0 -0.044194 -0.007691 -0.201083
14.0 -0.055743 0.012391 -0.188754
15.0 -0.071794 0.030175 -0.178056
16.0 -0.091832 0.043930 -0.169976
17.0 -0.108418 0.053031 -0.165231
18.0 -0.117070 0.057407 -0.164254
19.0 -0.116363 0.057240 -0.167450
20.0 -0.104608 0.058306 -0.174822
21.0 -0.080613 0.072626 -0.186670
22.0 -0.040010 0.096141 -0.203893
23.0 0.028355 0.124016 -0.225648
24.0 0.006555 0.151425 -0.249628
25.0 -0.064896 0.172096 -0.273943
26.0 -0.111828 0.179348 -0.297884
27.0 -0.142252 0.172070 -0.322597
28.0 -0.163144 0.153780 -0.349824
29.0 -0.180768 0.125984 -0.380088
30.0 -0.197100 0.090924 -0.412151
31.0 -0.207888 0.052791 -0.443711
32.0 -0.208738 0.015984 -0.472950
33.0 -0.193586 -0.015052 -0.498602
34.0 -0.158573 -0.035174 -0.520909
35.0 -0.098950 -0.040369 -0.541239
36.0 0.001195 -0.029441 -0.556825
37.0 0.095318 -0.012141 -0.551404
38.0 0.119846 0.006256 -0.526478
39.0 0.092681 0.018636 -0.483207
40.0 0.066430 0.019833 -0.426198
41.0 0.044524 0.006871 -0.361419
42.0 0.029217 -0.021018 -0.294164
43.0 0.014931 -0.060405 -0.229216
44.0 -0.007554 -0.098007 -0.167484
45.0 -0.025488 -0.117113 -0.113475
46.0 -0.032471 -0.112783 -0.071852
47.0 -0.029810 -0.101307 -0.031412
48.0 -0.021217 -0.085404 0.008206
49.0 -0.007036 -0.065845 0.045220
50.0 0.012899 -0.044363 0.077946
51.0 0.039016 -0.023213 0.105103
52.0 0.071811 -0.005077 0.125863
53.0 0.111401 0.007046 0.139820
54.0 0.153995 0.001587 0.145251
55.0 0.123268 -0.050035 0.137749
56.0 -0.000871 -0.113186 0.122480
57.0 -0.115668 -0.176232 0.099850
58.0 -0.217269 -0.224619 0.071085
59.0 -0.305346 -0.249715 0.037605
"Knee_R"
"Leg_R"
16 0.000000 0.000000 0.000000 0.000000 0.000000 0.000000
2
0.0 0.000001 -2.658020 0.101022
59.0 0.000001 -2.658020 0.101022
60
0.0 0.939559 -0.000000 0.000000
1.0 1.017133 -0.000000 0.000001
2.0 1.056257 -0.000001 -0.000001
3.0 1.056123 0.000000 -0.000000
4.0 1.014111 -0.000000 0.000000
5.0 0.932097 0.000000 -0.000000
6.0 0.826133 0.000000 0.000000
7.0 0.705210 0.000000 0.000000
8.0 0.581500 0.000000 0.000000
9.0 0.474643 0.000000 0.000000
10.0 0.419288 -0.000001 -0.000000
11.0 0.448786 -0.000000 0.000000
12.0 0.518923 0.000000 -0.000000
13.0 0.596593 0.000000 0.000000
14.0 0.664206 0.000000 -0.000000
15.0 0.710581 -0.000000 0.000001
16.0 0.726373 0.000000 -0.000000
17.0 0.704784 -0.000000 -0.000000
18.0 0.650330 -0.000000 0.000000
19.0 0.567867 0.000000 -0.000000
20.0 0.460930 -0.000000 -0.000000
21.0 0.332083 -0.000000 -0.000000
22.0 0.182282 -0.000000 -0.000000
23.0 -0.000243 -0.000000 -0.000000
24.0 0.032782 -0.000000 0.000000
25.0 0.196644 0.000000 -0.000000
26.0 0.335528 -0.000000 0.000000
27.0 0.455419 -0.000000 -0.000000
28.0 0.555606 -0.000000 -0.000000
29.0 0.634831 0.000000 0.000000
30.0 0.691373 0.000000 -0.000000
31.0 0.722470 0.000000 -0.000000
32.0 0.723638 -0.000000 -0.000000
33.0 0.685345 -0.000000 0.000000
34.0 0.602242 -0.000000 0.000000
35.0 0.470355 0.000000 0.000000
36.0 0.284544 0.000000 -0.000000
37.0 0.145366 0.000000 0.000000
38.0 0.172412 0.000000 -0.000000
39.0 0.322485 -0.000000 0.000000
40.0 0.484282 0.000000 0.000000
41.0 0.641096 0.000000 -0.000000
42.0 0.772607 0.000000 0.000000
43.0 0.869952 0.000000 0.000000
44.0 0.932141 0.000000 0.000000
45.0 0.957785 0.000000 -0.000000
46.0 0.945130 0.000000 -0.000000
47.0 0.900796 0.000000 -0.000000
48.0 0.832831 -0.000000 0.000001
49.0 0.744334 0.000000 0.000000
50.0 0.637730 -0.000001 -0.000000
51.0 0.514999 0.000000 0.000000
52.0 0.377972 0.000000 -0.000000
53.0 0.229191 -0.000000 0.000000
54.0 0.079036 0.000000 0.000000
55.0 0.085764 -0.000000 -0.000000
56.0 0.294866 -0.000000 0.000000
57.0 0.495571 0.000000 -0.000000
58.0 0.673662 0.000000 -0.000000
59.0 0.823579 0.000000 -0.000000
"Ankle_R"
"Knee_R"
16 0.000000 0.000000 0.000000 0.000000 0.000000 0.000000
2
0.0 0.000000 -3.173162 -0.101020
59.0 0.000000 -3.173162 -0.101020
60
0.0 -0.444557 -0.264982 0.016216
1.0 -0.457960 -0.212227 0.020827
2.0 -0.451745 -0.175013 0.016728
3.0 -0.427702 -0.149410 0.006175
4.0 -0.385591 -0.131224 -0.010569
5.0 -0.326322 -0.116072 -0.032602
6.0 -0.257625 -0.105166 -0.053624
7.0 -0.184114 -0.096958 -0.069714
8.0 -0.113071 -0.089988 -0.076690
9.0 -0.057071 -0.087639 -0.079398
10.0 -0.033773 -0.092725 -0.082915
11.0 -0.058670 -0.106354 -0.087026
12.0 -0.105739 -0.130294 -0.080497
13.0 -0.158072 -0.162265 -0.060415
14.0 -0.207393 -0.198159 -0.032493
15.0 -0.246741 -0.232001 -0.002428
16.0 -0.269242 -0.261849 0.024227
17.0 -0.271040 -0.287057 0.042864
18.0 -0.255322 -0.306572 0.051952
19.0 -0.222606 -0.318773 0.050812
20.0 -0.173085 -0.325820 0.040947
21.0 -0.106567 -0.333434 0.024460
22.0 -0.022735 -0.341227 0.000897
23.0 0.085426 -0.348305 -0.032841
24.0 0.082954 -0.359371 -0.031137
25.0 0.013629 -0.374363 -0.007549
26.0 -0.037925 -0.391755 0.008208
27.0 -0.074209 -0.413216 0.016361
28.0 -0.103928 -0.436416 0.025656
29.0 -0.128556 -0.457191 0.043502
30.0 -0.145262 -0.474951 0.066437
31.0 -0.151503 -0.490128 0.090862
32.0 -0.143765 -0.503897 0.112705
33.0 -0.115591 -0.518050 0.126269
34.0 -0.063282 -0.534007 0.128152
35.0 0.015560 -0.552536 0.116597
36.0 0.123067 -0.572214 0.085296
37.0 0.201393 -0.580891 0.047468
38.0 0.178074 -0.577089 0.047292
39.0 0.080028 -0.564266 0.070236
40.0 -0.026966 -0.548893 0.082834
41.0 -0.134377 -0.535991 0.085381
42.0 -0.230400 -0.529391 0.077341
43.0 -0.308422 -0.530663 0.063104
44.0 -0.365317 -0.544694 0.053149
45.0 -0.400382 -0.573293 0.058517
46.0 -0.412250 -0.612830 0.079571
47.0 -0.407000 -0.661539 0.095956
48.0 -0.387163 -0.717095 0.102793
49.0 -0.351795 -0.776346 0.096348
50.0 -0.298553 -0.834939 0.071948
51.0 -0.224485 -0.887499 0.025119
52.0 -0.128656 -0.928789 -0.045530
53.0 -0.014298 -0.952049 -0.136670
54.0 0.098721 -0.942772 -0.229487
55.0 0.059646 -0.880772 -0.199617
56.0 -0.121288 -0.773198 -0.072238
57.0 -0.255408 -0.624732 -0.005382
58.0 -0.347311 -0.474751 0.014581
59.0 -0.408864 -0.350696 0.014505
